# Simulated masses (g), sorted ascending
9.558317110088e+13
9.813279712105e+13
1.193010423921e+14
1.290118654981e+14
1.337460901282e+14
1.358934484865e+14
1.374656524271e+14
1.449272205804e+14
1.451740799952e+14
1.665016815535e+14
1.677637637256e+14
1.694165043621e+14
1.709221460173e+14
1.736597740090e+14
1.852056588793e+14
1.962836390233e+14
2.091190639878e+14
2.186962850824e+14
2.190136999608e+14
2.239010417172e+14
2.263174982231e+14
2.357847824121e+14
2.389859025151e+14
2.403198564450e+14
2.427428300654e+14
2.442494901445e+14
2.444182872700e+14
2.446126660577e+14
2.464217318515e+14
2.468772566159e+14
2.574965167517e+14
2.577409102973e+14
2.578561703155e+14
2.583176422375e+14
2.609790046249e+14
2.682315667578e+14
2.686228941885e+14
2.690678773926e+14
2.838882786640e+14
2.839903409690e+14
2.861783962490e+14
2.872627385993e+14
2.910192270240e+14
2.926718242248e+14
2.978602076412e+14
2.985197973466e+14
3.009079501276e+14
3.035461404599e+14
3.109502847931e+14
3.124525728699e+14
3.126019640091e+14
3.223512969416e+14
3.234276865101e+14
3.247559081040e+14
3.284057659641e+14
3.285650295057e+14
3.306795831650e+14
3.309001072057e+14
3.328566315521e+14
3.333137392260e+14
3.339477245693e+14
3.372669211509e+14
3.408998215463e+14
3.442857238578e+14
3.482133472298e+14
3.494879194088e+14
3.497578189050e+14
3.506906506400e+14
3.509179981573e+14
3.546906804043e+14
3.550477432059e+14
3.564737488535e+14
3.569774591654e+14
3.571316508141e+14
3.592220623433e+14
3.620658987485e+14
3.628796630069e+14
3.632440527892e+14
3.648973215205e+14
3.663021297974e+14
3.671922081099e+14
3.692378901447e+14
3.697647153118e+14
3.707495741193e+14
3.772994361555e+14
3.773127599040e+14
3.786385593760e+14
3.794919640131e+14
3.798402658841e+14
3.827935242631e+14
3.840273563067e+14
3.843353046844e+14
3.848105685829e+14
3.887147350433e+14
3.888949726819e+14
3.905292520014e+14
3.905946985470e+14
3.990074632109e+14
3.996963582881e+14
4.020778166707e+14
4.062352934054e+14
4.072807324617e+14
4.133660894711e+14
4.197951831931e+14
4.264105126996e+14
4.283515493443e+14
4.288587147586e+14
4.318120152754e+14
4.355255790979e+14
4.361824071013e+14
4.370918520865e+14
4.373715539941e+14
4.382772676351e+14
4.390570374826e+14
4.390582686759e+14
4.420936115710e+14
4.428380797918e+14
4.428924041468e+14
4.439185884645e+14
4.439706550809e+14
4.449742596076e+14
4.456315423840e+14
4.461657502732e+14
4.482136261203e+14
4.511079748025e+14
4.522603811023e+14
4.527449193073e+14
4.535836914222e+14
4.578427102454e+14
4.612302395142e+14
4.620232802022e+14
4.646449554759e+14
4.742867702861e+14
4.768173047889e+14
4.789248957058e+14
4.806642768705e+14
4.851827526712e+14
4.864747523869e+14
4.896074262162e+14
4.939112415958e+14
4.996782685986e+14
5.002000315659e+14
5.028452889175e+14
5.033316053517e+14
5.040929442861e+14
5.079402196322e+14
5.085880118376e+14
5.111385049516e+14
5.120753045744e+14
5.142140199006e+14
5.188221344878e+14
5.253670893858e+14
5.260715750942e+14
5.270717366048e+14
5.278174780872e+14
5.344849421956e+14
5.360985700095e+14
5.378380775599e+14
5.415494188291e+14
5.421809146620e+14
5.477572345830e+14
5.478299675380e+14
5.489432081547e+14
5.494223687975e+14
5.528524221195e+14
5.530718280113e+14
5.538379713848e+14
5.546960674561e+14
5.549539781236e+14
5.554334444110e+14
5.555213156858e+14
5.555976453829e+14
5.631472648628e+14
5.632686985897e+14
5.636635479898e+14
5.656400125225e+14
5.705350680049e+14
5.730691332698e+14
5.755641935774e+14
5.760147232866e+14
5.787244439190e+14
5.791830531678e+14
5.795453603178e+14
5.853196853035e+14
5.867147483709e+14
5.876438455506e+14
5.912662506762e+14
5.926532114443e+14
5.957954919571e+14
5.984543107438e+14
5.989512856606e+14
6.005118853479e+14
6.029094065744e+14
6.049636250098e+14
6.112399979019e+14
6.125372161663e+14
6.137439807880e+14
6.145578298461e+14
6.149121546809e+14
6.175775201709e+14
6.192449192289e+14
6.200168352282e+14
6.207989824743e+14
6.209539913977e+14
6.226313728695e+14
6.307519330885e+14
6.329621241503e+14
6.418430120405e+14
6.437746364800e+14
6.456907783295e+14
6.462708337410e+14
6.488408028238e+14
6.489399293909e+14
6.528327123679e+14
6.537233849951e+14
6.539699285599e+14
6.549629187222e+14
6.558607370807e+14
6.619750925013e+14
6.621311163519e+14
6.625061988184e+14
6.626066306226e+14
6.635938652769e+14
6.638563667092e+14
6.641377233282e+14
6.641629878702e+14
6.700711167466e+14
6.727934570797e+14
6.741141166612e+14
6.751824177554e+14
6.789963516383e+14
6.800006746589e+14
6.825131596603e+14
6.846335965031e+14
6.877794017974e+14
6.885676598454e+14
6.908263294045e+14
6.913223997563e+14
6.969775299492e+14
6.971036447888e+14
6.973297319665e+14
6.990625915476e+14
6.994439597280e+14
6.995132593070e+14
7.000236094239e+14
7.000275405422e+14
7.019273932759e+14
7.037224287817e+14
7.117014141111e+14
7.143970687276e+14
7.144879921914e+14
7.147816440616e+14
7.191730470896e+14
7.200289444254e+14
7.214329776841e+14
7.221807097001e+14
7.228359676834e+14
7.230470209006e+14
7.265537856682e+14
7.269370541460e+14
7.297347551992e+14
7.308510130092e+14
7.328653329778e+14
7.358530029832e+14
7.369262998090e+14
7.382552345253e+14
7.413998267228e+14
7.435126211293e+14
7.439602532764e+14
7.450068894429e+14
7.453611297575e+14
7.465087678409e+14
7.484212491003e+14
7.486245228091e+14
7.503551868537e+14
7.505300245412e+14
7.531260840275e+14
7.551781892387e+14
7.575710590185e+14
7.580582654801e+14
7.650058408206e+14
7.659222466267e+14
7.842149462032e+14
7.843234205086e+14
7.895589920559e+14
7.916869234649e+14
7.959689644419e+14
7.984841424271e+14
8.049376495587e+14
8.051332495701e+14
8.056278336850e+14
8.059543740953e+14
8.126957244922e+14
8.134417161574e+14
8.171969047023e+14
8.173566143240e+14
8.186757842261e+14
8.197328449493e+14
8.212862928960e+14
8.214556204502e+14
8.219443088956e+14
8.236875223012e+14
8.241065041408e+14
8.245514596420e+14
8.316737050080e+14
8.330410086465e+14
8.356500932652e+14
8.363704109104e+14
8.365059608784e+14
8.377779210517e+14
8.383334653352e+14
8.387375167584e+14
8.418116368323e+14
8.422578665843e+14
8.423093645308e+14
8.430499302633e+14
8.504494888884e+14
8.515805784474e+14
8.523058343208e+14
8.534062140564e+14
8.536423389894e+14
8.537021491697e+14
8.543306374874e+14
8.543373924254e+14
8.543403130962e+14
8.548654759994e+14
8.581201059393e+14
8.591945555216e+14
8.631017680937e+14
8.684141073368e+14
8.711152565951e+14
8.738848228185e+14
8.760063215148e+14
8.774372464057e+14
8.783606598394e+14
8.818791584130e+14
8.826510899178e+14
8.834145274553e+14
8.838698285096e+14
8.840501917022e+14
8.841562709315e+14
8.889067619224e+14
9.029412529163e+14
9.066671396844e+14
9.090114135592e+14
9.096008417913e+14
9.103866679548e+14
9.124981127465e+14
9.135202708529e+14
9.145595745018e+14
9.161331948362e+14
9.167431647050e+14
9.181390265380e+14
9.206517718961e+14
9.234849706283e+14
9.335977387788e+14
9.362826985733e+14
9.376420084255e+14
9.379308836737e+14
9.385517632856e+14
9.402686953219e+14
9.443290062304e+14
9.467411019993e+14
9.482456496443e+14
9.531745068401e+14
9.534336040422e+14
9.593319409992e+14
9.594680199978e+14
9.669692682274e+14
9.676760094907e+14
9.705484536578e+14
9.710976000453e+14
9.756144266135e+14
9.764339804519e+14
9.776081089783e+14
9.779427294821e+14
9.780608590657e+14
9.783664618137e+14
9.793381824516e+14
9.837331578494e+14
9.878092037365e+14
9.883245325478e+14
9.899669681999e+14
9.959011274525e+14
9.989878503947e+14
1.000486159943e+15
1.001915257614e+15
1.008285976975e+15
1.014672377280e+15
1.015209279953e+15
1.018112094041e+15
1.018791518724e+15
1.022197147242e+15
1.027865649495e+15
1.029141126474e+15
1.030525735524e+15
1.032394881187e+15
1.033118913854e+15
1.036223891366e+15
1.039574828562e+15
1.041645420239e+15
1.044325320617e+15
1.045661321673e+15
1.046751860218e+15
1.057065483290e+15
1.064887857798e+15
1.065460175169e+15
1.066213677559e+15
1.084142601308e+15
1.090069297388e+15
1.094819361755e+15
1.095603964628e+15
1.096142016291e+15
1.100636455401e+15
1.101336110866e+15
1.103529719641e+15
1.103622742287e+15
1.103841054305e+15
1.107203164820e+15
1.114108648962e+15
1.116120280838e+15
1.118206825876e+15
1.119374927486e+15
1.125703984753e+15
1.127070275735e+15
1.135950964613e+15
1.137100021787e+15
1.139744454514e+15
1.140412088181e+15
1.140682756905e+15
1.142325788417e+15
1.145432680520e+15
1.147244280662e+15
1.151093249949e+15
1.153099138554e+15
1.153348024299e+15
1.158630739615e+15
1.163431700772e+15
1.165122766186e+15
1.165235745674e+15
1.169897599332e+15
1.174771765899e+15
1.175385020829e+15
1.178792148498e+15
1.179092074735e+15
1.180171114525e+15
1.181296445933e+15
1.185919962623e+15
1.192056185866e+15
1.193105650720e+15
1.193461497750e+15
1.211958631148e+15
1.215913697852e+15
1.217797562334e+15
1.219508245538e+15
1.219706205652e+15
1.220247371055e+15
1.221881591261e+15
1.223237478807e+15
1.229463546724e+15
1.231012781067e+15
1.233406710441e+15
1.233447964496e+15
1.234432329618e+15
1.237571312545e+15
1.239098047866e+15
1.239515558773e+15
1.239570476859e+15
1.240670988129e+15
1.241973503668e+15
1.259545095556e+15
1.263194800258e+15
1.269511740266e+15
1.273781498361e+15
1.275010144973e+15
1.276559433937e+15
1.276872623127e+15
1.280234241015e+15
1.281349484000e+15
1.282263166591e+15
1.293793718264e+15
1.310855425525e+15
1.316777809079e+15
1.318368281722e+15
1.320729576131e+15
1.323434767795e+15
1.332503234211e+15
1.334111172179e+15
1.342377176141e+15
1.349780427813e+15
1.351815058509e+15
1.357182504234e+15
1.369476390787e+15
1.372683347701e+15
1.373323843096e+15
1.374204027267e+15
1.379226580373e+15
1.381325001267e+15
1.381530548240e+15
1.381568989055e+15
1.385921616700e+15
1.389647366673e+15
1.389720632178e+15
1.390371201553e+15
1.391365768023e+15
1.392170678846e+15
1.393994955066e+15
1.394651127026e+15
1.396710726043e+15
1.398817919895e+15
1.399093379944e+15
1.399237711139e+15
1.403585256851e+15
1.405840787353e+15
1.409971396815e+15
1.415483140347e+15
1.417181904265e+15
1.422522223804e+15
1.423260427799e+15
1.423868949485e+15
1.424943250109e+15
1.428051902906e+15
1.428538596574e+15
1.433065630034e+15
1.433363328745e+15
1.434084435313e+15
1.441403243638e+15
1.442142797246e+15
1.444430922645e+15
1.448293878372e+15
1.448882553421e+15
1.449735656721e+15
1.467187357981e+15
1.476895905108e+15
1.478372092363e+15
1.479008488347e+15
1.479368195622e+15
1.479448141432e+15
1.482758805030e+15
1.490200900587e+15
1.492037650338e+15
1.498160609411e+15
1.500186034054e+15
1.503337953051e+15
1.503401994145e+15
1.503557789794e+15
1.505753296351e+15
1.512714408658e+15
1.515768473098e+15
1.516840797064e+15
1.519825055852e+15
1.520282607747e+15
1.524233241582e+15
1.524950584693e+15
1.530135938890e+15
1.532084487457e+15
1.541438426624e+15
1.543900328073e+15
1.546226877720e+15
1.546589949079e+15
1.552819655888e+15
1.556601845625e+15
1.556606958698e+15
1.569577158670e+15
1.582029844821e+15
1.582983528097e+15
1.589992878182e+15
1.591149118680e+15
1.594337423676e+15
1.602803003006e+15
1.608012305766e+15
1.612564277572e+15
1.614181726460e+15
1.615087003920e+15
1.616026067853e+15
1.635969597942e+15
1.649888704224e+15
1.654090002255e+15
1.659202717599e+15
1.665710423406e+15
1.668143960601e+15
1.668470287971e+15
1.668739879120e+15
1.675892825572e+15
1.682414969539e+15
1.687901070523e+15
1.688102304145e+15
1.699305272990e+15
1.703297813224e+15
1.703374702947e+15
1.704229129109e+15
1.707998887014e+15
1.714950389697e+15
1.716421343176e+15
1.716790414908e+15
1.721299081890e+15
1.722685291343e+15
1.729980461694e+15
1.730894339286e+15
1.732297296236e+15
1.733777423622e+15
1.741005435024e+15
1.741480452557e+15
1.743517885066e+15
1.747011622644e+15
1.747907677490e+15
1.749109634969e+15
1.755903588837e+15
1.758445316939e+15
1.762709303239e+15
1.762765270847e+15
1.763007637934e+15
1.771532637063e+15
1.772562208699e+15
1.774182675392e+15
1.782309904860e+15
1.786080773907e+15
1.791480851618e+15
1.792933824754e+15
1.793380060152e+15
1.800085358009e+15
1.809513393096e+15
1.811905915875e+15
1.814597561579e+15
1.824203765724e+15
1.825203393701e+15
1.825667486625e+15
1.826749248173e+15
1.828010125785e+15
1.828321932611e+15
1.836035574185e+15
1.836549877290e+15
1.837133226387e+15
1.841144636974e+15
1.848286906124e+15
1.849017680901e+15
1.852936445854e+15
1.855666158018e+15
1.858013277711e+15
1.858872008103e+15
1.869210489298e+15
1.878509081385e+15
1.884017548945e+15
1.888741683531e+15
1.888997158466e+15
1.900200148500e+15
1.903453454071e+15
1.906026028035e+15
1.907989359529e+15
1.910623049987e+15
1.911568662306e+15
1.912182758820e+15
1.915357504873e+15
1.917337955460e+15
1.918526925987e+15
1.922426125566e+15
1.927056369736e+15
1.942826072305e+15
1.944411348825e+15
1.947585179772e+15
1.953394764935e+15
1.953610247403e+15
1.962287028314e+15
1.965531244916e+15
1.968688123932e+15
1.982401623008e+15
1.988357430397e+15
2.001248544095e+15
2.007356531169e+15
2.009044936778e+15
2.013300577642e+15
2.014645908280e+15
2.025580334745e+15
2.026553358091e+15
2.027385680339e+15
2.029317570378e+15
2.030051136180e+15
2.031840225365e+15
2.034981383290e+15
2.044727244187e+15
2.052022570466e+15
2.063781164005e+15
2.065366079629e+15
2.067290322009e+15
2.086685110879e+15
2.086816871051e+15
2.089101598621e+15
2.090721339410e+15
2.090934468254e+15
2.098329481809e+15
2.099900120413e+15
2.103754411192e+15
2.105181553744e+15
2.110805119995e+15
2.112107268282e+15
2.116005995758e+15
2.121519567024e+15
2.125373923736e+15
2.134083324698e+15
2.142885032137e+15
2.144214095248e+15
2.145136412317e+15
2.154955293697e+15
2.172387857893e+15
2.180647952243e+15
2.180973731270e+15
2.182873479512e+15
2.186547300817e+15
2.220459763718e+15
2.221232791256e+15
2.223008055759e+15
2.234929710724e+15
2.244159282440e+15
2.244322613141e+15
2.244902148800e+15
2.245018315018e+15
2.248130372907e+15
2.254934937025e+15
2.260126254149e+15
2.272375309218e+15
2.280841639032e+15
2.283912652775e+15
2.284214800449e+15
2.285681273555e+15
2.285718051694e+15
2.288592886070e+15
2.309896021304e+15
2.317844707563e+15
2.335150759731e+15
2.339654084472e+15
2.373389680794e+15
2.374444321419e+15
2.383951586388e+15
2.390654158746e+15
2.396572088205e+15
2.446826288116e+15
2.451449788281e+15
2.457393359340e+15
2.468811156312e+15
2.469092971089e+15
2.469899743172e+15
2.473549474001e+15
2.480978149460e+15
2.483464143636e+15
2.492095202476e+15
2.499844520152e+15
2.505462899275e+15
2.505524229143e+15
2.507185950019e+15
2.512844880205e+15
2.520625496333e+15
2.530054944829e+15
2.583230514829e+15
2.596626346257e+15
2.612736186779e+15
2.620007856140e+15
2.621148513394e+15
2.622509993165e+15
2.644290434568e+15
2.646585329987e+15
2.664415582990e+15
2.674410526353e+15
2.685694145549e+15
2.697606806112e+15
2.702868234224e+15
2.708538462024e+15
2.732979814467e+15
2.745039417855e+15
2.745128716913e+15
2.746194066109e+15
2.763044913413e+15
2.763090575528e+15
2.765033417112e+15
2.801476789674e+15
2.805008937886e+15
2.823961751253e+15
2.827173555007e+15
2.839084366691e+15
2.839946833428e+15
2.863793270322e+15
2.868006832991e+15
2.870296831883e+15
2.870422807917e+15
2.876776500390e+15
2.881317414816e+15
2.882417851294e+15
2.888721728263e+15
2.895976319128e+15
2.896228347139e+15
2.905064598469e+15
2.926810063137e+15
2.933289475194e+15
2.933428805030e+15
2.958590109700e+15
2.964525466325e+15
2.970056997946e+15
2.975743497585e+15
2.993118314131e+15
3.003328838435e+15
3.022467654952e+15
3.042317016745e+15
3.042701202984e+15
3.058795478987e+15
3.061288428367e+15
3.067737517449e+15
3.073189419151e+15
3.083067540178e+15
3.093670389237e+15
3.105305008954e+15
3.108419746535e+15
3.156114923166e+15
3.189911879464e+15
3.235858419938e+15
3.243322332026e+15
3.246779854270e+15
3.250346848175e+15
3.252015991873e+15
3.284133987068e+15
3.289653526442e+15
3.291460537638e+15
3.292375128975e+15
3.293681942836e+15
3.293969349551e+15
3.295849781559e+15
3.300939910578e+15
3.319541425685e+15
3.324710161367e+15
3.363263355879e+15
3.371963665594e+15
3.377845373300e+15
3.388935721690e+15
3.393726530216e+15
3.395775823854e+15
3.400009966799e+15
3.412713268716e+15
3.420196829820e+15
3.440512963539e+15
3.446110882541e+15
3.483575545434e+15
3.495387820946e+15
3.495513570339e+15
3.517348862589e+15
3.531352725737e+15
3.553092188954e+15
3.560748001963e+15
3.599320310162e+15
3.619366899944e+15
3.624709697806e+15
3.652556845573e+15
3.662304405182e+15
3.718122817213e+15
3.745212058427e+15
3.756144428416e+15
3.757901126671e+15
3.760847787632e+15
3.766144584547e+15
3.800472554666e+15
3.823950307813e+15
3.872774075781e+15
3.912966754761e+15
3.921292166961e+15
3.956916489090e+15
3.974462614162e+15
3.981176272687e+15
4.006350287357e+15
4.027228597405e+15
4.088706902802e+15
4.119818421787e+15
4.128569224068e+15
4.153762811154e+15
4.186400142727e+15
4.187629985749e+15
4.201062076959e+15
4.208597969398e+15
4.210850086648e+15
4.212640005190e+15
4.224293872536e+15
4.233828324400e+15
4.246896680603e+15
4.260945665300e+15
4.277246925170e+15
4.292957343263e+15
4.298906123811e+15
4.301927185133e+15
4.314315532818e+15
4.337034773292e+15
4.359310161772e+15
4.386828349302e+15
4.413340949308e+15
4.436317279563e+15
4.442541177243e+15
4.443779143933e+15
4.463723584146e+15
4.472209685235e+15
4.582160163601e+15
4.582669757852e+15
4.624990326411e+15
4.645574662369e+15
4.678027221259e+15
4.748795392225e+15
4.807983166178e+15
4.821709101549e+15
4.822434525821e+15
4.832791470842e+15
4.839443042855e+15
4.915661745420e+15
4.917486491943e+15
4.953362317692e+15
4.953819216219e+15
4.992420768102e+15
5.074129658524e+15
5.099294799248e+15
5.114309340930e+15
5.119704509725e+15
5.159516429266e+15
5.170476664220e+15
5.229943691328e+15
5.281170681976e+15
5.294192672576e+15
5.337263411977e+15
5.381372149912e+15
5.386747109076e+15
5.416390066791e+15
5.417160794173e+15
5.473073260069e+15
5.477479256047e+15
5.486817402925e+15
5.596370344433e+15
5.605233434780e+15
5.648987479666e+15
5.684173675174e+15
5.688825479330e+15
5.803077525110e+15
5.828855700120e+15
5.868745683261e+15
6.000570819316e+15
6.103960741120e+15
6.154006648753e+15
6.176627796993e+15
6.209455284415e+15
6.355283673924e+15
6.357015203584e+15
6.366002267046e+15
6.417381964791e+15
6.461046676632e+15
6.498288860290e+15
6.538400124666e+15
6.559180055250e+15
6.605527725173e+15
6.633508731974e+15
6.658223972358e+15
6.663823059209e+15
6.668801791093e+15
6.709890765044e+15
6.789183926324e+15
6.802588707897e+15
6.846946462406e+15
6.867831360527e+15
6.925566854475e+15
6.925616621772e+15
6.956238618747e+15
6.994781407955e+15
7.017161437713e+15
7.100949327367e+15
7.188929349478e+15
7.322156104157e+15
7.453977305971e+15
7.605499620175e+15
7.659786502097e+15
7.664343491669e+15
7.754620672434e+15
7.944977606451e+15
8.023992762318e+15
8.035326219491e+15
8.115207886126e+15
8.256696131924e+15
8.678687894040e+15
9.013896146435e+15
9.054598334097e+15
9.603293476574e+15
9.802119645051e+15
9.929545282696e+15
1.047595376668e+16
1.071490119128e+16
1.072914670233e+16
1.078698078078e+16
1.113645051858e+16
1.122135997294e+16
1.188801045222e+16
1.200471607681e+16
1.236957565408e+16
1.250802395439e+16
1.270086036374e+16
1.337607379682e+16
1.412042988544e+16
1.553216040247e+16
1.731175224774e+16
1.841155938667e+16
1.964972372082e+16
4.929070252744e+16
