# E_gamma(MeV)   IFA_primary_masked(MeV^-1 s^-1)
5.145440e-01 1.606260e+20
5.413360e-01 2.196649e+20
5.695230e-01 2.792598e+20
5.991770e-01 2.895904e+20
6.303750e-01 2.938642e+20
6.631980e-01 2.937001e+20
6.977300e-01 2.902979e+20
7.340600e-01 2.845502e+20
7.722810e-01 2.771337e+20
8.124930e-01 2.685749e+20
8.547980e-01 2.592745e+20
8.993070e-01 2.495313e+20
9.461320e-01 2.395689e+20
9.953960e-01 2.295483e+20
1.047230e+00 2.195864e+20
1.101750e+00 2.097701e+20
1.159120e+00 2.001633e+20
1.219470e+00 1.908133e+20
1.282970e+00 1.817534e+20
1.349770e+00 1.730069e+20
1.420050e+00 1.645880e+20
1.493990e+00 1.565050e+20
1.571780e+00 1.487600e+20
1.653620e+00 1.413522e+20
1.739730e+00 1.342771e+20
1.830310e+00 1.275281e+20
1.925610e+00 1.210968e+20
2.025880e+00 1.149739e+20
2.131360e+00 1.091488e+20
2.242340e+00 1.036105e+20
2.359100e+00 9.834779e+19
2.481930e+00 9.334909e+19
2.611160e+00 8.860303e+19
2.747120e+00 8.409824e+19
2.890160e+00 7.982353e+19
3.040650e+00 7.576809e+19
3.198970e+00 7.192129e+19
3.365530e+00 6.827287e+19
3.540770e+00 6.481305e+19
3.725140e+00 6.153231e+19
3.919100e+00 5.842149e+19
4.123160e+00 5.547194e+19
4.337850e+00 5.267537e+19
4.563720e+00 5.002378e+19
4.801340e+00 4.750959e+19
5.051340e+00 4.512566e+19
5.314360e+00 4.286507e+19
5.591070e+00 4.072132e+19
5.882190e+00 3.868827e+19
6.188470e+00 3.675999e+19
6.510690e+00 3.493037e+19
6.849700e+00 3.319530e+19
7.206350e+00 3.154920e+19
7.581580e+00 2.998731e+19
7.976340e+00 2.850521e+19
8.391660e+00 2.709919e+19
8.828600e+00 2.576408e+19
9.288290e+00 2.449665e+19
9.771920e+00 2.329329e+19
1.028070e+01 2.215063e+19
1.081600e+01 2.106540e+19
1.137920e+01 2.003456e+19
1.197170e+01 1.905522e+19
1.259510e+01 1.812470e+19
1.325090e+01 1.724038e+19
1.394080e+01 1.639982e+19
1.466670e+01 1.560073e+19
1.543040e+01 1.484091e+19
1.623380e+01 1.411822e+19
1.707910e+01 1.343075e+19
1.796840e+01 1.277665e+19
1.890400e+01 1.215414e+19
1.988830e+01 1.156155e+19
2.092380e+01 1.099731e+19
2.201330e+01 1.045991e+19
2.315950e+01 9.947926e+18
2.436540e+01 9.460007e+18
2.563410e+01 8.994886e+18
2.696880e+01 8.551327e+18
2.837300e+01 8.128191e+18
2.985040e+01 7.724379e+18
3.140470e+01 7.338845e+18
3.303990e+01 6.970597e+18
3.476020e+01 6.618701e+18
3.657010e+01 6.282238e+18
3.847430e+01 5.960841e+18
4.047760e+01 5.653442e+18
4.258520e+01 5.358335e+18
4.480250e+01 5.075482e+18
4.713530e+01 4.804162e+18
4.958960e+01 4.543218e+18
5.217170e+01 4.292254e+18
5.488820e+01 4.051580e+18
5.774620e+01 3.819901e+18
6.075290e+01 3.596645e+18
6.391620e+01 3.381281e+18
6.724430e+01 3.173345e+18
7.074560e+01 2.972320e+18
7.442920e+01 2.777727e+18
7.830470e+01 2.589239e+18
8.238190e+01 2.406436e+18
8.667140e+01 2.228930e+18
9.118430e+01 2.056482e+18
9.593210e+01 1.888899e+18
1.009270e+02 1.725996e+18
1.061820e+02 1.567753e+18
1.117110e+02 1.414292e+18
1.175280e+02 1.265837e+18
1.236470e+02 1.122798e+18
1.300850e+02 9.857715e+17
1.368590e+02 8.555458e+17
1.439850e+02 7.330304e+17
1.514820e+02 6.192545e+17
1.593690e+02 5.152265e+17
1.676680e+02 4.218258e+17
1.763980e+02 3.396568e+17
1.855830e+02 2.689467e+17
1.952460e+02 2.094950e+17
2.054120e+02 1.606804e+17
2.161070e+02 1.215006e+17
2.273600e+02 9.073117e+16
2.391980e+02 6.703432e+16
2.516530e+02 4.907023e+16
2.647560e+02 3.561244e+16
2.785410e+02 2.560968e+16
2.930450e+02 1.820323e+16
3.083030e+02 1.273036e+16
3.243560e+02 8.717060e+15
3.412450e+02 5.811741e+15
3.590130e+02 3.750931e+15
3.777060e+02 2.337399e+15
3.973730e+02 1.422429e+15
4.180640e+02 8.280951e+14
4.398320e+02 4.755231e+14
4.627330e+02 2.668722e+14
4.868270e+02 1.507005e+14
5.121760e+02 7.090218e+13
5.388440e+02 4.203856e+13
5.669010e+02 1.863970e+13
5.964180e+02 1.029631e+13
6.274730e+02 4.043159e+12
6.601450e+02 1.728278e+12
6.945180e+02 8.316602e+11
7.306800e+02 3.154132e+11
7.687260e+02 1.348982e+11
8.087520e+02 4.740116e+10
8.508630e+02 1.783145e+10
8.951660e+02 6.422408e+09
9.417770e+02 2.072741e+09
9.908140e+02 6.133756e+08
1.042400e+03 1.684552e+08
1.096680e+03 4.212274e+07
1.153780e+03 1.050225e+07
1.213860e+03 2.260303e+06
1.277060e+03 4.532701e+05
1.343560e+03 5.203462e+04
1.413520e+03 1.193166e+04
1.487120e+03 1.806386e+03
1.564550e+03 3.254598e+02
1.646010e+03 3.881480e+01
1.731720e+03 8.988260e+00
1.821890e+03 1.059539e+00
1.916750e+03 0.000000e+00
2.016550e+03 0.000000e+00
2.121550e+03 0.000000e+00
2.232020e+03 0.000000e+00
2.348230e+03 0.000000e+00
2.470500e+03 0.000000e+00
2.599140e+03 0.000000e+00
2.734470e+03 0.000000e+00
2.876850e+03 0.000000e+00
3.026650e+03 0.000000e+00
3.184240e+03 0.000000e+00
3.350040e+03 0.000000e+00
3.524470e+03 0.000000e+00
3.707990e+03 0.000000e+00
3.901060e+03 0.000000e+00
4.104180e+03 0.000000e+00
4.317880e+03 0.000000e+00
4.542710e+03 0.000000e+00
4.779240e+03 0.000000e+00
5.028090e+03 0.000000e+00
5.289890e+03 0.000000e+00
5.565330e+03 0.000000e+00
5.855110e+03 0.000000e+00
6.159980e+03 0.000000e+00
6.480720e+03 0.000000e+00
6.818160e+03 0.000000e+00
7.173170e+03 0.000000e+00
7.546670e+03 0.000000e+00
7.939620e+03 0.000000e+00
8.353020e+03 0.000000e+00
8.787950e+03 0.000000e+00
9.245530e+03 0.000000e+00
9.726930e+03 0.000000e+00
1.023340e+04 0.000000e+00
1.076620e+04 0.000000e+00
1.132680e+04 0.000000e+00
1.191660e+04 0.000000e+00
1.253710e+04 0.000000e+00
1.318990e+04 0.000000e+00
1.387660e+04 0.000000e+00
1.459920e+04 0.000000e+00
1.535930e+04 0.000000e+00
1.615910e+04 0.000000e+00
1.700050e+04 0.000000e+00
1.788570e+04 0.000000e+00
1.881690e+04 0.000000e+00
1.979670e+04 0.000000e+00
2.082750e+04 0.000000e+00
2.191200e+04 0.000000e+00
2.305290e+04 0.000000e+00
2.425320e+04 0.000000e+00
2.551610e+04 0.000000e+00
2.684460e+04 0.000000e+00
