Hawking secondary spectra for each particle type.
energy/particle         photon       electron           nu_e          nu_mu         nu_tau         proton
    1.00000e-06    1.58615e-06    0.00000e+00    1.85891e-04    7.93189e-05    0.00000e+00    0.00000e+00
    1.05207e-06    7.58075e+14    0.00000e+00    7.86488e+17    7.86488e+17    7.86488e+17    0.00000e+00
    1.10685e-06    8.79440e+14    0.00000e+00    8.67497e+17    8.67497e+17    8.67497e+17    0.00000e+00
    1.16448e-06    1.02023e+15    0.00000e+00    9.56847e+17    9.56847e+17    9.56847e+17    0.00000e+00
    1.22511e-06    1.18355e+15    0.00000e+00    1.05540e+18    1.05540e+18    1.05540e+18    0.00000e+00
    1.28890e-06    1.37304e+15    0.00000e+00    1.16411e+18    1.16411e+18    1.16411e+18    0.00000e+00
    1.35602e-06    1.59288e+15    0.00000e+00    1.28403e+18    1.28403e+18    1.28403e+18    0.00000e+00
    1.42662e-06    1.84787e+15    0.00000e+00    1.41627e+18    1.41627e+18    1.41627e+18    0.00000e+00
    1.50090e-06    2.14370e+15    0.00000e+00    1.56214e+18    1.56214e+18    1.56214e+18    0.00000e+00
    1.57905e-06    2.48690e+15    0.00000e+00    1.72305e+18    1.72305e+18    1.72305e+18    0.00000e+00
    1.66127e-06    2.88504e+15    0.00000e+00    1.90052e+18    1.90052e+18    1.90052e+18    0.00000e+00
    1.74777e-06    3.34693e+15    0.00000e+00    2.09628e+18    2.09628e+18    2.09628e+18    0.00000e+00
    1.83878e-06    3.88279e+15    0.00000e+00    2.31221e+18    2.31221e+18    2.31221e+18    0.00000e+00
    1.93452e-06    4.50439e+15    0.00000e+00    2.55037e+18    2.55037e+18    2.55037e+18    0.00000e+00
    2.03525e-06    5.22554e+15    0.00000e+00    2.81306e+18    2.81306e+18    2.81306e+18    0.00000e+00
    2.14122e-06    6.06210e+15    0.00000e+00    3.10280e+18    3.10280e+18    3.10280e+18    0.00000e+00
    2.25271e-06    7.03261e+15    0.00000e+00    3.42239e+18    3.42239e+18    3.42239e+18    0.00000e+00
    2.37001e-06    8.15854e+15    0.00000e+00    3.77492e+18    3.77492e+18    3.77492e+18    0.00000e+00
    2.49341e-06    9.46465e+15    0.00000e+00    4.16373e+18    4.16373e+18    4.16373e+18    0.00000e+00
    2.62324e-06    1.09799e+16    0.00000e+00    4.59260e+18    4.59260e+18    4.59260e+18    0.00000e+00
    2.75983e-06    1.27378e+16    0.00000e+00    5.06565e+18    5.06565e+18    5.06565e+18    0.00000e+00
    2.90353e-06    1.47770e+16    0.00000e+00    5.58742e+18    5.58742e+18    5.58742e+18    0.00000e+00
    3.05471e-06    1.71427e+16    0.00000e+00    6.16291e+18    6.16291e+18    6.16291e+18    0.00000e+00
    3.21376e-06    1.98871e+16    0.00000e+00    6.79768e+18    6.79768e+18    6.79768e+18    0.00000e+00
    3.38110e-06    2.30710e+16    0.00000e+00    7.49787e+18    7.49787e+18    7.49787e+18    0.00000e+00
    3.55715e-06    2.67646e+16    0.00000e+00    8.27016e+18    8.27016e+18    8.27016e+18    0.00000e+00
    3.74237e-06    3.10495e+16    0.00000e+00    9.12201e+18    9.12201e+18    9.12201e+18    0.00000e+00
    3.93723e-06    3.60204e+16    0.00000e+00    1.00616e+19    1.00616e+19    1.00616e+19    0.00000e+00
    4.14223e-06    4.17870e+16    0.00000e+00    1.10979e+19    1.10979e+19    1.10979e+19    0.00000e+00
    4.35791e-06    4.84768e+16    0.00000e+00    1.22410e+19    1.22410e+19    1.22410e+19    0.00000e+00
    4.58482e-06    5.39207e+16    0.00000e+00    1.33730e+19    1.33730e+19    1.33730e+19    0.00000e+00
    4.82355e-06    6.44253e+16    0.00000e+00    1.47783e+19    1.47783e+19    1.47783e+19    0.00000e+00
    5.07471e-06    7.66321e+16    0.00000e+00    1.63293e+19    1.63293e+19    1.63293e+19    0.00000e+00
    5.33894e-06    9.04461e+16    0.00000e+00    1.80371e+19    1.80371e+19    1.80371e+19    0.00000e+00
    5.61693e-06    1.05800e+17    0.00000e+00    1.99299e+19    1.99299e+19    1.99299e+19    0.00000e+00
    5.90940e-06    1.22449e+17    0.00000e+00    2.20138e+19    2.20138e+19    2.20138e+19    0.00000e+00
    6.21709e-06    1.40467e+17    0.00000e+00    2.43135e+19    2.43135e+19    2.43135e+19    0.00000e+00
    6.54081e-06    1.60315e+17    0.00000e+00    2.68554e+19    2.68554e+19    2.68554e+19    0.00000e+00
    6.88138e-06    1.82752e+17    0.00000e+00    2.96524e+19    2.96524e+19    2.96524e+19    0.00000e+00
    7.23968e-06    2.09337e+17    0.00000e+00    3.27441e+19    3.27441e+19    3.27441e+19    0.00000e+00
    7.61664e-06    2.41706e+17    0.00000e+00    3.61513e+19    3.61513e+19    3.61513e+19    0.00000e+00
    8.01323e-06    2.81371e+17    0.00000e+00    3.98987e+19    3.98987e+19    3.98987e+19    0.00000e+00
    8.43047e-06    3.30777e+17    0.00000e+00    4.40445e+19    4.40445e+19    4.40445e+19    0.00000e+00
    8.86943e-06    3.89522e+17    0.00000e+00    4.86021e+19    4.86021e+19    4.86021e+19    0.00000e+00
    9.33125e-06    4.57198e+17    0.00000e+00    5.36226e+19    5.36226e+19    5.36226e+19    0.00000e+00
    9.81712e-06    5.32044e+17    0.00000e+00    5.91626e+19    5.91626e+19    5.91626e+19    0.00000e+00
    1.03283e-05    6.13144e+17    0.00000e+00    6.52495e+19    6.52495e+19    6.52495e+19    0.00000e+00
    1.08661e-05    7.03505e+17    0.00000e+00    7.19649e+19    7.19649e+19    7.19649e+19    0.00000e+00
    1.14318e-05    8.09883e+17    0.00000e+00    7.93519e+19    7.93519e+19    7.93519e+19    0.00000e+00
    1.20271e-05    9.39316e+17    0.00000e+00    8.74626e+19    8.74626e+19    8.74626e+19    0.00000e+00
    1.26533e-05    1.09966e+18    0.00000e+00    9.64144e+19    9.64144e+19    9.64144e+19    0.00000e+00
    1.33122e-05    1.28529e+18    0.00000e+00    1.06237e+20    1.06237e+20    1.06237e+20    0.00000e+00
    1.40053e-05    1.49020e+18    0.00000e+00    1.17030e+20    1.17030e+20    1.17030e+20    0.00000e+00
    1.47345e-05    1.71523e+18    0.00000e+00    1.28913e+20    1.28913e+20    1.28913e+20    0.00000e+00
    1.55018e-05    1.97570e+18    0.00000e+00    1.41936e+20    1.41936e+20    1.41936e+20    0.00000e+00
    1.63089e-05    2.29671e+18    0.00000e+00    1.56257e+20    1.56257e+20    1.56257e+20    0.00000e+00
    1.71581e-05    2.67805e+18    0.00000e+00    1.71970e+20    1.71970e+20    1.71970e+20    0.00000e+00
    1.80515e-05    3.10109e+18    0.00000e+00    1.89170e+20    1.89170e+20    1.89170e+20    0.00000e+00
    1.89914e-05    3.57082e+18    0.00000e+00    2.08097e+20    2.08097e+20    2.08097e+20    0.00000e+00
    1.99803e-05    4.12902e+18    0.00000e+00    2.28796e+20    2.28796e+20    2.28796e+20    0.00000e+00
    2.10206e-05    4.80201e+18    0.00000e+00    2.51460e+20    2.51460e+20    2.51460e+20    0.00000e+00
    2.21151e-05    5.55530e+18    0.00000e+00    2.76312e+20    2.76312e+20    2.76312e+20    0.00000e+00
    2.32666e-05    6.39519e+18    0.00000e+00    3.03450e+20    3.03450e+20    3.03450e+20    0.00000e+00
    2.44781e-05    7.41260e+18    0.00000e+00    3.33170e+20    3.33170e+20    3.33170e+20    0.00000e+00
    2.57526e-05    8.58470e+18    0.00000e+00    3.65637e+20    3.65637e+20    3.65637e+20    0.00000e+00
    2.70935e-05    9.87750e+18    0.00000e+00    4.01025e+20    4.01025e+20    4.01025e+20    0.00000e+00
    2.85043e-05    1.14376e+19    0.00000e+00    4.39766e+20    4.39766e+20    4.39766e+20    0.00000e+00
    2.99884e-05    1.32138e+19    0.00000e+00    4.81930e+20    4.81930e+20    4.81930e+20    0.00000e+00
    3.15499e-05    1.52130e+19    0.00000e+00    5.27872e+20    5.27872e+20    5.27872e+20    0.00000e+00
    3.31927e-05    1.75973e+19    0.00000e+00    5.77961e+20    5.77961e+20    5.77961e+20    0.00000e+00
    3.49210e-05    2.02503e+19    0.00000e+00    6.32357e+20    6.32357e+20    6.32357e+20    0.00000e+00
    3.67392e-05    2.33830e+19    0.00000e+00    6.91562e+20    6.91562e+20    6.91562e+20    0.00000e+00
    3.86522e-05    2.69198e+19    0.00000e+00    7.55861e+20    7.55861e+20    7.55861e+20    0.00000e+00
    4.06648e-05    3.10186e+19    0.00000e+00    8.25518e+20    8.25518e+20    8.25518e+20    0.00000e+00
    4.27821e-05    3.56896e+19    0.00000e+00    9.01234e+20    9.01234e+20    9.01234e+20    0.00000e+00
    4.50098e-05    4.10986e+19    0.00000e+00    9.83132e+20    9.83132e+20    9.83132e+20    0.00000e+00
    4.73533e-05    4.72167e+19    0.00000e+00    1.07174e+21    1.07174e+21    1.07174e+21    0.00000e+00
    4.98190e-05    5.43197e+19    0.00000e+00    1.16765e+21    1.16765e+21    1.16765e+21    0.00000e+00
    5.24130e-05    6.23987e+19    0.00000e+00    1.27110e+21    1.27110e+21    1.27110e+21    0.00000e+00
    5.51421e-05    7.16363e+19    0.00000e+00    1.38287e+21    1.38287e+21    1.38287e+21    0.00000e+00
    5.80132e-05    8.22364e+19    0.00000e+00    1.50332e+21    1.50332e+21    1.50332e+21    0.00000e+00
    6.10339e-05    9.43048e+19    0.00000e+00    1.63289e+21    1.63289e+21    1.63289e+21    0.00000e+00
    6.42119e-05    1.08121e+20    0.00000e+00    1.77256e+21    1.77256e+21    1.77256e+21    0.00000e+00
    6.75553e-05    1.23818e+20    0.00000e+00    1.92243e+21    1.92243e+21    1.92243e+21    0.00000e+00
    7.10728e-05    1.41740e+20    0.00000e+00    2.08319e+21    2.08319e+21    2.08319e+21    0.00000e+00
    7.47735e-05    1.62217e+20    0.00000e+00    2.25545e+21    2.25545e+21    2.25545e+21    0.00000e+00
    7.86668e-05    1.85350e+20    0.00000e+00    2.43932e+21    2.43932e+21    2.43932e+21    0.00000e+00
    8.27629e-05    2.11832e+20    0.00000e+00    2.63523e+21    2.63523e+21    2.63523e+21    0.00000e+00
    8.70722e-05    2.41777e+20    0.00000e+00    2.84288e+21    2.84288e+21    2.84288e+21    0.00000e+00
    9.16060e-05    2.75707e+20    0.00000e+00    3.06177e+21    3.06177e+21    3.06177e+21    0.00000e+00
    9.63758e-05    3.14205e+20    0.00000e+00    3.29033e+21    3.29033e+21    3.29033e+21    0.00000e+00
    1.01394e-04    3.57721e+20    0.00000e+00    3.52629e+21    3.52629e+21    3.52629e+21    0.00000e+00
    1.06673e-04    4.06727e+20    0.00000e+00    3.76577e+21    3.76577e+21    3.76577e+21    0.00000e+00
    1.12228e-04    4.61959e+20    0.00000e+00    4.00154e+21    4.00154e+21    4.00154e+21    0.00000e+00
    1.18071e-04    5.23713e+20    0.00000e+00    4.22649e+21    4.22649e+21    4.22649e+21    0.00000e+00
    1.24219e-04    5.92887e+20    0.00000e+00    4.42597e+21    4.42597e+21    4.42597e+21    0.00000e+00
    1.30687e-04    6.69691e+20    0.00000e+00    4.58456e+21    4.58456e+21    4.58456e+21    0.00000e+00
    1.37492e-04    7.54140e+20    0.00000e+00    4.68767e+21    4.68767e+21    4.68767e+21    0.00000e+00
    1.44651e-04    8.46389e+20    0.00000e+00    4.70323e+21    4.70323e+21    4.70323e+21    0.00000e+00
    1.52183e-04    9.44830e+20    0.00000e+00    4.62410e+21    4.62410e+21    4.62410e+21    0.00000e+00
    1.60106e-04    1.04759e+21    0.00000e+00    4.43457e+21    4.43457e+21    4.43457e+21    0.00000e+00
    1.68443e-04    1.15013e+21    0.00000e+00    4.12870e+21    4.12870e+21    4.12870e+21    0.00000e+00
    1.77214e-04    1.24638e+21    0.00000e+00    3.72876e+21    3.72876e+21    3.72876e+21    0.00000e+00
    1.86441e-04    1.32494e+21    0.00000e+00    3.25524e+21    3.25524e+21    3.25524e+21    0.00000e+00
    1.96149e-04    1.37232e+21    0.00000e+00    2.74874e+21    2.74874e+21    2.74874e+21    0.00000e+00
    2.06362e-04    1.37646e+21    0.00000e+00    2.24294e+21    2.24294e+21    2.24294e+21    0.00000e+00
    2.17107e-04    1.31723e+21    0.00000e+00    1.77831e+21    1.77831e+21    1.77831e+21    0.00000e+00
    2.28411e-04    1.19930e+21    0.00000e+00    1.36868e+21    1.36868e+21    1.36868e+21    0.00000e+00
    2.40304e-04    1.03054e+21    0.00000e+00    1.02736e+21    1.02736e+21    1.02736e+21    0.00000e+00
    2.52817e-04    8.34624e+20    0.00000e+00    7.60214e+20    7.60214e+20    7.60214e+20    0.00000e+00
    2.65980e-04    6.38819e+20    0.00000e+00    5.53570e+20    5.53570e+20    5.53570e+20    0.00000e+00
    2.79830e-04    4.66000e+20    0.00000e+00    4.04228e+20    4.04228e+20    4.04228e+20    0.00000e+00
    2.94400e-04    3.26604e+20    0.00000e+00    2.97164e+20    2.97164e+20    2.97164e+20    0.00000e+00
    3.09729e-04    2.20110e+20    0.00000e+00    2.19540e+20    2.19540e+20    2.19540e+20    0.00000e+00
    3.25856e-04    1.47311e+20    0.00000e+00    1.63857e+20    1.63857e+20    1.63857e+20    0.00000e+00
    3.42823e-04    9.70556e+19    0.00000e+00    1.19186e+20    1.19186e+20    1.19186e+20    0.00000e+00
    3.60673e-04    6.44048e+19    0.00000e+00    8.26860e+19    8.26860e+19    8.26860e+19    0.00000e+00
    3.79453e-04    4.38685e+19    0.00000e+00    5.42552e+19    5.42552e+19    5.42552e+19    0.00000e+00
    3.99211e-04    2.97809e+19    0.00000e+00    3.31846e+19    3.31846e+19    3.31846e+19    0.00000e+00
    4.19997e-04    1.96896e+19    0.00000e+00    1.95066e+19    1.95066e+19    1.95066e+19    0.00000e+00
    4.41866e-04    1.21381e+19    0.00000e+00    1.11402e+19    1.11402e+19    1.11402e+19    0.00000e+00
    4.64873e-04    6.80578e+18    0.00000e+00    6.22142e+18    6.22142e+18    6.22142e+18    0.00000e+00
    4.89079e-04    3.67961e+18    0.00000e+00    3.62257e+18    3.62257e+18    3.62257e+18    0.00000e+00
    5.14544e-04    1.88071e+18    4.11639e+18    2.05825e+18    2.05825e+18    2.05825e+18    0.00000e+00
    5.41336e-04    9.54166e+17    2.19836e+18    1.09918e+18    1.09918e+18    1.09918e+18    0.00000e+00
    5.69523e-04    5.01760e+17    1.09311e+18    5.46553e+17    5.46553e+17    5.46553e+17    0.00000e+00
    5.99177e-04    2.52333e+17    4.91365e+17    2.45682e+17    2.45682e+17    2.45682e+17    0.00000e+00
    6.30375e-04    1.18141e+17    2.19758e+17    1.09879e+17    1.09879e+17    1.09879e+17    0.00000e+00
    6.63198e-04    5.01376e+16    9.83662e+16    4.91831e+16    4.91831e+16    4.91831e+16    0.00000e+00
    6.97730e-04    1.93011e+16    4.20809e+16    2.10404e+16    2.10404e+16    2.10404e+16    0.00000e+00
    7.34060e-04    8.00469e+15    1.73216e+16    8.66081e+15    8.66081e+15    8.66081e+15    0.00000e+00
    7.72281e-04    3.14601e+15    6.17870e+15    3.08935e+15    3.08935e+15    3.08935e+15    0.00000e+00
    8.12493e-04    1.11137e+15    2.10528e+15    1.05264e+15    1.05264e+15    1.05264e+15    0.00000e+00
    8.54798e-04    3.68751e+14    7.54213e+14    3.77106e+14    3.77106e+14    3.77106e+14    0.00000e+00
    8.99307e-04    1.09835e+14    2.35754e+14    1.17877e+14    1.17877e+14    1.17877e+14    0.00000e+00
    9.46132e-04    3.48278e+13    6.86887e+13    3.43444e+13    3.43444e+13    3.43444e+13    0.00000e+00
    9.95396e-04    9.72328e+12    1.87291e+13    9.36453e+12    9.36453e+12    9.36453e+12    0.00000e+00
    1.04723e-03    2.20606e+12    4.67706e+12    2.33853e+12    2.33853e+12    2.33853e+12    0.00000e+00
    1.10175e-03    5.84463e+11    1.19205e+12    5.96027e+11    5.96027e+11    5.96027e+11    0.00000e+00
    1.15912e-03    1.27677e+11    2.45459e+11    1.22730e+11    1.22730e+11    1.22730e+11    0.00000e+00
    1.21947e-03    2.40924e+10    5.01591e+10    2.50795e+10    2.50795e+10    2.50795e+10    0.00000e+00
    1.28297e-03    4.85115e+09    9.77195e+09    4.88597e+09    4.88597e+09    4.88597e+09    0.00000e+00
    1.34977e-03    7.53448e+08    1.48211e+09    7.41053e+08    7.41053e+08    7.41053e+08    0.00000e+00
    1.42005e-03    1.20974e+08    2.49838e+08    1.24919e+08    1.24919e+08    1.24919e+08    0.00000e+00
    1.49399e-03    1.72832e+07    3.35706e+07    1.67853e+07    1.67853e+07    1.67853e+07    0.00000e+00
    1.57178e-03    1.74450e+06    3.63375e+06    1.81688e+06    1.81688e+06    1.81688e+06    0.00000e+00
    1.65362e-03    2.42923e+05    4.80114e+05    2.40057e+05    2.40057e+05    2.40057e+05    0.00000e+00
    1.73973e-03    2.13813e+04    4.39684e+04    2.19842e+04    2.19842e+04    2.19842e+04    0.00000e+00
    1.83031e-03    1.83463e+03    3.61312e+03    1.80656e+03    1.80656e+03    1.80656e+03    0.00000e+00
    1.92561e-03    1.55270e+02    3.17355e+02    1.58678e+02    1.58678e+02    1.58678e+02    0.00000e+00
    2.02588e-03    8.50286e+00    1.66590e+01    8.32952e+00    8.32952e+00    8.32952e+00    0.00000e+00
    2.13136e-03    5.84674e-01    1.18510e+00    5.92552e-01    5.92552e-01    5.92552e-01    0.00000e+00
    2.24234e-03    2.65117e-02    5.26451e-02    2.63225e-02    2.63225e-02    2.63225e-02    0.00000e+00
    2.35910e-03    1.29639e-03    2.56674e-03    1.28337e-03    1.28337e-03    1.28337e-03    0.00000e+00
    2.48193e-03    4.76570e-05    9.40504e-05    4.70252e-05    4.70252e-05    4.70252e-05    0.00000e+00
    2.61116e-03    1.35909e-06    2.68002e-06    1.34001e-06    1.34001e-06    1.34001e-06    0.00000e+00
    2.74712e-03    3.72809e-08    7.35615e-08    3.67808e-08    3.67808e-08    3.67808e-08    0.00000e+00
    2.89016e-03    9.16368e-10    1.79885e-09    8.99423e-10    8.99423e-10    8.99423e-10    0.00000e+00
    3.04065e-03    1.53331e-11    2.99080e-11    1.49540e-11    1.49540e-11    1.49540e-11    0.00000e+00
    3.19897e-03    2.08434e-13    4.08126e-13    2.04063e-13    2.04063e-13    2.04063e-13    0.00000e+00
    3.36553e-03    2.80008e-15    5.46828e-15    2.73414e-15    2.73414e-15    2.73414e-15    0.00000e+00
    3.54077e-03    2.49248e-17    4.80960e-17    2.40480e-17    2.40480e-17    2.40480e-17    0.00000e+00
    3.72514e-03    1.67697e-19    3.26115e-19    1.63057e-19    1.63057e-19    1.63057e-19    0.00000e+00
    3.91910e-03    1.09597e-21    2.11564e-21    1.05782e-21    1.05782e-21    1.05782e-21    0.00000e+00
    4.12316e-03    4.18024e-24    7.99124e-24    3.99562e-24    3.99562e-24    3.99562e-24    0.00000e+00
    4.33785e-03    1.44832e-26    2.80071e-26    1.40035e-26    1.40035e-26    1.40035e-26    0.00000e+00
    4.56372e-03    3.49149e-29    6.59114e-29    3.29557e-29    3.29557e-29    3.29557e-29    0.00000e+00
    4.80134e-03    5.93102e-32    1.14051e-31    5.70254e-32    5.70254e-32    5.70254e-32    0.00000e+00
    5.05134e-03    8.04641e-35    1.50456e-34    7.52281e-35    7.52281e-35    7.52281e-35    0.00000e+00
    5.31436e-03    6.69375e-38    1.27922e-37    6.39612e-38    6.39612e-38    6.39612e-38    0.00000e+00
    5.59107e-03    4.35920e-41    8.05120e-41    4.02560e-41    4.02560e-41    4.02560e-41    0.00000e+00
    5.88219e-03    1.86257e-44    3.53019e-44    1.76510e-44    1.76510e-44    1.76510e-44    0.00000e+00
    6.18847e-03    4.82539e-48    8.88104e-48    4.44052e-48    4.44052e-48    4.44052e-48    0.00000e+00
    6.51069e-03    1.07732e-51    1.97810e-51    9.89049e-52    9.89049e-52    9.89049e-52    0.00000e+00
    6.84970e-03    1.08223e-55    2.02920e-55    1.01460e-55    1.01460e-55    1.01460e-55    0.00000e+00
    7.20635e-03    8.17702e-60    1.47706e-59    7.38529e-60    7.38529e-60    7.38529e-60    0.00000e+00
    7.58158e-03    3.92458e-64    6.98290e-64    3.49145e-64    3.49145e-64    3.49145e-64    0.00000e+00
    7.97634e-03    1.04367e-68    1.90636e-68    9.53180e-69    9.53180e-69    9.53180e-69    0.00000e+00
    8.39166e-03    1.47502e-73    2.71458e-73    1.35729e-73    1.35729e-73    1.35729e-73    0.00000e+00
    8.82860e-03    1.21626e-78    2.19260e-78    1.09630e-78    1.09630e-78    1.09630e-78    0.00000e+00
    9.28829e-03    1.16974e-83    2.08152e-83    1.04076e-83    1.04076e-83    1.04076e-83    0.00000e+00
    9.77192e-03    2.97446e-89    5.17180e-89    2.58590e-89    2.58590e-89    2.58590e-89    0.00000e+00
    1.02807e-02    9.37100e-94    1.61264e-93    8.06319e-94    8.06319e-94    8.06319e-94    0.00000e+00
    1.08160e-02    1.26415e-99    2.15298e-99    1.07649e-99    1.07649e-99    1.07649e-99    0.00000e+00
    1.13792e-02   2.66052e-106   4.53527e-106   2.26763e-106   2.26763e-106   2.26763e-106    0.00000e+00
    1.19717e-02   7.71166e-113   1.33572e-112   6.67858e-113   6.67858e-113   6.67858e-113    0.00000e+00
    1.25951e-02   3.17130e-122   5.36786e-122   2.68393e-122   2.68393e-122   2.68393e-122    0.00000e+00
    1.32509e-02   7.76766e-130   1.21861e-129   6.09304e-130   6.09304e-130   6.09304e-130    0.00000e+00
    1.39408e-02   3.18271e-134   4.99319e-134   2.49659e-134   2.49659e-134   2.49659e-134    0.00000e+00
    1.46667e-02   8.38081e-143   1.40118e-142   7.00591e-143   7.00591e-143   7.00591e-143    0.00000e+00
    1.54304e-02   3.88221e-155   6.15581e-155   3.07790e-155   3.07790e-155   3.07790e-155    0.00000e+00
    1.62338e-02   1.17500e-159   1.86313e-159   9.31563e-160   9.31563e-160   9.31563e-160    0.00000e+00
    1.70791e-02   3.12634e-174   5.15796e-174   2.57898e-174   2.57898e-174   2.57898e-174    0.00000e+00
    1.79684e-02   1.53354e-184   2.29354e-184   1.14677e-184   1.14677e-184   1.14677e-184    0.00000e+00
    1.89040e-02   2.39155e-195   3.33670e-195   1.66835e-195   1.66835e-195   1.66835e-195    0.00000e+00
    1.98883e-02   9.72254e-207   1.32859e-206   6.64294e-207   6.64294e-207   6.64294e-207    0.00000e+00
    2.09238e-02   3.26771e-211   4.46534e-211   2.23267e-211   2.23267e-211   2.23267e-211    0.00000e+00
    2.20133e-02   9.81677e-224   1.31053e-223   6.55263e-224   6.55263e-224   6.55263e-224    0.00000e+00
    2.31595e-02   2.81560e-236   3.76309e-236   1.88155e-236   1.88155e-236   1.88155e-236    0.00000e+00
    2.43654e-02   8.01618e-252   1.18685e-251   5.93423e-252   5.93423e-252   5.93423e-252    0.00000e+00
    2.56341e-02   2.32414e-273   3.02432e-273   1.51216e-273   1.51216e-273   1.51216e-273    0.00000e+00
    2.69688e-02   1.09074e-278   1.41934e-278   7.09672e-279   7.09672e-279   7.09672e-279    0.00000e+00
    2.83730e-02   2.30338e-293   2.89071e-293   1.44536e-293   1.44536e-293   1.44536e-293    0.00000e+00
    2.98504e-02    0.00000e+00    0.00000e+00    0.00000e+00    0.00000e+00    0.00000e+00    0.00000e+00
    3.14047e-02    0.00000e+00    0.00000e+00    0.00000e+00    0.00000e+00    0.00000e+00    0.00000e+00
    3.30399e-02    0.00000e+00    0.00000e+00    0.00000e+00    0.00000e+00    0.00000e+00    0.00000e+00
    3.47602e-02    0.00000e+00    0.00000e+00    0.00000e+00    0.00000e+00    0.00000e+00    0.00000e+00
    3.65701e-02    0.00000e+00    0.00000e+00    0.00000e+00    0.00000e+00    0.00000e+00    0.00000e+00
    3.84743e-02    0.00000e+00    0.00000e+00    0.00000e+00    0.00000e+00    0.00000e+00    0.00000e+00
    4.04776e-02    0.00000e+00    0.00000e+00    0.00000e+00    0.00000e+00    0.00000e+00    0.00000e+00
    4.25852e-02    0.00000e+00    0.00000e+00    0.00000e+00    0.00000e+00    0.00000e+00    0.00000e+00
    4.48025e-02    0.00000e+00    0.00000e+00    0.00000e+00    0.00000e+00    0.00000e+00    0.00000e+00
    4.71353e-02    0.00000e+00    0.00000e+00    0.00000e+00    0.00000e+00    0.00000e+00    0.00000e+00
    4.95896e-02    0.00000e+00    0.00000e+00    0.00000e+00    0.00000e+00    0.00000e+00    0.00000e+00
    5.21717e-02    0.00000e+00    0.00000e+00    0.00000e+00    0.00000e+00    0.00000e+00    0.00000e+00
    5.48882e-02    0.00000e+00    0.00000e+00    0.00000e+00    0.00000e+00    0.00000e+00    0.00000e+00
    5.77462e-02    0.00000e+00    0.00000e+00    0.00000e+00    0.00000e+00    0.00000e+00    0.00000e+00
    6.07529e-02    0.00000e+00    0.00000e+00    0.00000e+00    0.00000e+00    0.00000e+00    0.00000e+00
    6.39162e-02    0.00000e+00    0.00000e+00    0.00000e+00    0.00000e+00    0.00000e+00    0.00000e+00
    6.72443e-02    0.00000e+00    0.00000e+00    0.00000e+00    0.00000e+00    0.00000e+00    0.00000e+00
    7.07456e-02    0.00000e+00    0.00000e+00    0.00000e+00    0.00000e+00    0.00000e+00    0.00000e+00
    7.44292e-02    0.00000e+00    0.00000e+00    0.00000e+00    0.00000e+00    0.00000e+00    0.00000e+00
    7.83047e-02    0.00000e+00    0.00000e+00    0.00000e+00    0.00000e+00    0.00000e+00    0.00000e+00
    8.23819e-02    0.00000e+00    0.00000e+00    0.00000e+00    0.00000e+00    0.00000e+00    0.00000e+00
    8.66714e-02    0.00000e+00    0.00000e+00    0.00000e+00    0.00000e+00    0.00000e+00    0.00000e+00
    9.11843e-02    0.00000e+00    0.00000e+00    0.00000e+00    0.00000e+00    0.00000e+00    0.00000e+00
    9.59321e-02    0.00000e+00    0.00000e+00    0.00000e+00    0.00000e+00    0.00000e+00    0.00000e+00
    1.00927e-01    0.00000e+00    0.00000e+00    0.00000e+00    0.00000e+00    0.00000e+00    0.00000e+00
    1.06182e-01    0.00000e+00    0.00000e+00    0.00000e+00    0.00000e+00    0.00000e+00    0.00000e+00
    1.11711e-01    0.00000e+00    0.00000e+00    0.00000e+00    0.00000e+00    0.00000e+00    0.00000e+00
    1.17528e-01    0.00000e+00    0.00000e+00    0.00000e+00    0.00000e+00    0.00000e+00    0.00000e+00
    1.23647e-01    0.00000e+00    0.00000e+00    0.00000e+00    0.00000e+00    0.00000e+00    0.00000e+00
    1.30085e-01    0.00000e+00    0.00000e+00    0.00000e+00    0.00000e+00    0.00000e+00    0.00000e+00
    1.36859e-01    0.00000e+00    0.00000e+00    0.00000e+00    0.00000e+00    0.00000e+00    0.00000e+00
    1.43985e-01    0.00000e+00    0.00000e+00    0.00000e+00    0.00000e+00    0.00000e+00    0.00000e+00
    1.51482e-01    0.00000e+00    0.00000e+00    0.00000e+00    0.00000e+00    0.00000e+00    0.00000e+00
    1.59369e-01    0.00000e+00    0.00000e+00    0.00000e+00    0.00000e+00    0.00000e+00    0.00000e+00
    1.67668e-01    0.00000e+00    0.00000e+00    0.00000e+00    0.00000e+00    0.00000e+00    0.00000e+00
    1.76398e-01    0.00000e+00    0.00000e+00    0.00000e+00    0.00000e+00    0.00000e+00    0.00000e+00
    1.85583e-01    0.00000e+00    0.00000e+00    0.00000e+00    0.00000e+00    0.00000e+00    0.00000e+00
    1.95246e-01    0.00000e+00    0.00000e+00    0.00000e+00    0.00000e+00    0.00000e+00    0.00000e+00
    2.05412e-01    0.00000e+00    0.00000e+00    0.00000e+00    0.00000e+00    0.00000e+00    0.00000e+00
    2.16107e-01    0.00000e+00    0.00000e+00    0.00000e+00    0.00000e+00    0.00000e+00    0.00000e+00
    2.27360e-01    0.00000e+00    0.00000e+00    0.00000e+00    0.00000e+00    0.00000e+00    0.00000e+00
    2.39198e-01    0.00000e+00    0.00000e+00    0.00000e+00    0.00000e+00    0.00000e+00    0.00000e+00
    2.51653e-01    0.00000e+00    0.00000e+00    0.00000e+00    0.00000e+00    0.00000e+00    0.00000e+00
    2.64756e-01    0.00000e+00    0.00000e+00    0.00000e+00    0.00000e+00    0.00000e+00    0.00000e+00
    2.78541e-01    0.00000e+00    0.00000e+00    0.00000e+00    0.00000e+00    0.00000e+00    0.00000e+00
    2.93045e-01    0.00000e+00    0.00000e+00    0.00000e+00    0.00000e+00    0.00000e+00    0.00000e+00
    3.08303e-01    0.00000e+00    0.00000e+00    0.00000e+00    0.00000e+00    0.00000e+00    0.00000e+00
    3.24356e-01    0.00000e+00    0.00000e+00    0.00000e+00    0.00000e+00    0.00000e+00    0.00000e+00
    3.41245e-01    0.00000e+00    0.00000e+00    0.00000e+00    0.00000e+00    0.00000e+00    0.00000e+00
    3.59013e-01    0.00000e+00    0.00000e+00    0.00000e+00    0.00000e+00    0.00000e+00    0.00000e+00
    3.77706e-01    0.00000e+00    0.00000e+00    0.00000e+00    0.00000e+00    0.00000e+00    0.00000e+00
    3.97373e-01    0.00000e+00    0.00000e+00    0.00000e+00    0.00000e+00    0.00000e+00    0.00000e+00
    4.18064e-01    0.00000e+00    0.00000e+00    0.00000e+00    0.00000e+00    0.00000e+00    0.00000e+00
    4.39832e-01    0.00000e+00    0.00000e+00    0.00000e+00    0.00000e+00    0.00000e+00    0.00000e+00
    4.62733e-01    0.00000e+00    0.00000e+00    0.00000e+00    0.00000e+00    0.00000e+00    0.00000e+00
    4.86827e-01    0.00000e+00    0.00000e+00    0.00000e+00    0.00000e+00    0.00000e+00    0.00000e+00
    5.12176e-01    0.00000e+00    0.00000e+00    0.00000e+00    0.00000e+00    0.00000e+00    0.00000e+00
    5.38844e-01    0.00000e+00    0.00000e+00    0.00000e+00    0.00000e+00    0.00000e+00    0.00000e+00
    5.66901e-01    0.00000e+00    0.00000e+00    0.00000e+00    0.00000e+00    0.00000e+00    0.00000e+00
    5.96418e-01    0.00000e+00    0.00000e+00    0.00000e+00    0.00000e+00    0.00000e+00    0.00000e+00
    6.27473e-01    0.00000e+00    0.00000e+00    0.00000e+00    0.00000e+00    0.00000e+00    0.00000e+00
    6.60145e-01    0.00000e+00    0.00000e+00    0.00000e+00    0.00000e+00    0.00000e+00    0.00000e+00
    6.94518e-01    0.00000e+00    0.00000e+00    0.00000e+00    0.00000e+00    0.00000e+00    0.00000e+00
    7.30680e-01    0.00000e+00    0.00000e+00    0.00000e+00    0.00000e+00    0.00000e+00    0.00000e+00
    7.68726e-01    0.00000e+00    0.00000e+00    0.00000e+00    0.00000e+00    0.00000e+00    0.00000e+00
    8.08752e-01    0.00000e+00    0.00000e+00    0.00000e+00    0.00000e+00    0.00000e+00    0.00000e+00
    8.50863e-01    0.00000e+00    0.00000e+00    0.00000e+00    0.00000e+00    0.00000e+00    0.00000e+00
    8.95166e-01    0.00000e+00    0.00000e+00    0.00000e+00    0.00000e+00    0.00000e+00    0.00000e+00
    9.41777e-01    0.00000e+00    0.00000e+00    0.00000e+00    0.00000e+00    0.00000e+00    0.00000e+00
    9.90814e-01    0.00000e+00    0.00000e+00    0.00000e+00    0.00000e+00    0.00000e+00    0.00000e+00
    1.04240e+00    0.00000e+00    0.00000e+00    0.00000e+00    0.00000e+00    0.00000e+00    0.00000e+00
    1.09668e+00    0.00000e+00    0.00000e+00    0.00000e+00    0.00000e+00    0.00000e+00    0.00000e+00
    1.15378e+00    0.00000e+00    0.00000e+00    0.00000e+00    0.00000e+00    0.00000e+00    0.00000e+00
    1.21386e+00    0.00000e+00    0.00000e+00    0.00000e+00    0.00000e+00    0.00000e+00    0.00000e+00
    1.27706e+00    0.00000e+00    0.00000e+00    0.00000e+00    0.00000e+00    0.00000e+00    0.00000e+00
    1.34356e+00    0.00000e+00    0.00000e+00    0.00000e+00    0.00000e+00    0.00000e+00    0.00000e+00
    1.41352e+00    0.00000e+00    0.00000e+00    0.00000e+00    0.00000e+00    0.00000e+00    0.00000e+00
    1.48712e+00    0.00000e+00    0.00000e+00    0.00000e+00    0.00000e+00    0.00000e+00    0.00000e+00
    1.56455e+00    0.00000e+00    0.00000e+00    0.00000e+00    0.00000e+00    0.00000e+00    0.00000e+00
    1.64601e+00    0.00000e+00    0.00000e+00    0.00000e+00    0.00000e+00    0.00000e+00    0.00000e+00
    1.73172e+00    0.00000e+00    0.00000e+00    0.00000e+00    0.00000e+00    0.00000e+00    0.00000e+00
    1.82189e+00    0.00000e+00    0.00000e+00    0.00000e+00    0.00000e+00    0.00000e+00    0.00000e+00
    1.91675e+00    0.00000e+00    0.00000e+00    0.00000e+00    0.00000e+00    0.00000e+00    0.00000e+00
    2.01655e+00    0.00000e+00    0.00000e+00    0.00000e+00    0.00000e+00    0.00000e+00    0.00000e+00
    2.12155e+00    0.00000e+00    0.00000e+00    0.00000e+00    0.00000e+00    0.00000e+00    0.00000e+00
    2.23202e+00    0.00000e+00    0.00000e+00    0.00000e+00    0.00000e+00    0.00000e+00    0.00000e+00
    2.34823e+00    0.00000e+00    0.00000e+00    0.00000e+00    0.00000e+00    0.00000e+00    0.00000e+00
    2.47050e+00    0.00000e+00    0.00000e+00    0.00000e+00    0.00000e+00    0.00000e+00    0.00000e+00
    2.59914e+00    0.00000e+00    0.00000e+00    0.00000e+00    0.00000e+00    0.00000e+00    0.00000e+00
    2.73447e+00    0.00000e+00    0.00000e+00    0.00000e+00    0.00000e+00    0.00000e+00    0.00000e+00
    2.87685e+00    0.00000e+00    0.00000e+00    0.00000e+00    0.00000e+00    0.00000e+00    0.00000e+00
    3.02665e+00    0.00000e+00    0.00000e+00    0.00000e+00    0.00000e+00    0.00000e+00    0.00000e+00
    3.18424e+00    0.00000e+00    0.00000e+00    0.00000e+00    0.00000e+00    0.00000e+00    0.00000e+00
    3.35004e+00    0.00000e+00    0.00000e+00    0.00000e+00    0.00000e+00    0.00000e+00    0.00000e+00
    3.52447e+00    0.00000e+00    0.00000e+00    0.00000e+00    0.00000e+00    0.00000e+00    0.00000e+00
    3.70799e+00    0.00000e+00    0.00000e+00    0.00000e+00    0.00000e+00    0.00000e+00    0.00000e+00
    3.90106e+00    0.00000e+00    0.00000e+00    0.00000e+00    0.00000e+00    0.00000e+00    0.00000e+00
    4.10418e+00    0.00000e+00    0.00000e+00    0.00000e+00    0.00000e+00    0.00000e+00    0.00000e+00
    4.31788e+00    0.00000e+00    0.00000e+00    0.00000e+00    0.00000e+00    0.00000e+00    0.00000e+00
    4.54271e+00    0.00000e+00    0.00000e+00    0.00000e+00    0.00000e+00    0.00000e+00    0.00000e+00
    4.77924e+00    0.00000e+00    0.00000e+00    0.00000e+00    0.00000e+00    0.00000e+00    0.00000e+00
    5.02809e+00    0.00000e+00    0.00000e+00    0.00000e+00    0.00000e+00    0.00000e+00    0.00000e+00
    5.28989e+00    0.00000e+00    0.00000e+00    0.00000e+00    0.00000e+00    0.00000e+00    0.00000e+00
    5.56533e+00    0.00000e+00    0.00000e+00    0.00000e+00    0.00000e+00    0.00000e+00    0.00000e+00
    5.85511e+00    0.00000e+00    0.00000e+00    0.00000e+00    0.00000e+00    0.00000e+00    0.00000e+00
    6.15998e+00    0.00000e+00    0.00000e+00    0.00000e+00    0.00000e+00    0.00000e+00    0.00000e+00
    6.48072e+00    0.00000e+00    0.00000e+00    0.00000e+00    0.00000e+00    0.00000e+00    0.00000e+00
    6.81816e+00    0.00000e+00    0.00000e+00    0.00000e+00    0.00000e+00    0.00000e+00    0.00000e+00
    7.17317e+00    0.00000e+00    0.00000e+00    0.00000e+00    0.00000e+00    0.00000e+00    0.00000e+00
    7.54667e+00    0.00000e+00    0.00000e+00    0.00000e+00    0.00000e+00    0.00000e+00    0.00000e+00
    7.93962e+00    0.00000e+00    0.00000e+00    0.00000e+00    0.00000e+00    0.00000e+00    0.00000e+00
    8.35302e+00    0.00000e+00    0.00000e+00    0.00000e+00    0.00000e+00    0.00000e+00    0.00000e+00
    8.78795e+00    0.00000e+00    0.00000e+00    0.00000e+00    0.00000e+00    0.00000e+00    0.00000e+00
    9.24553e+00    0.00000e+00    0.00000e+00    0.00000e+00    0.00000e+00    0.00000e+00    0.00000e+00
    9.72693e+00    0.00000e+00    0.00000e+00    0.00000e+00    0.00000e+00    0.00000e+00    0.00000e+00
    1.02334e+01    0.00000e+00    0.00000e+00    0.00000e+00    0.00000e+00    0.00000e+00    0.00000e+00
    1.07662e+01    0.00000e+00    0.00000e+00    0.00000e+00    0.00000e+00    0.00000e+00    0.00000e+00
    1.13268e+01    0.00000e+00    0.00000e+00    0.00000e+00    0.00000e+00    0.00000e+00    0.00000e+00
    1.19166e+01    0.00000e+00    0.00000e+00    0.00000e+00    0.00000e+00    0.00000e+00    0.00000e+00
    1.25371e+01    0.00000e+00    0.00000e+00    0.00000e+00    0.00000e+00    0.00000e+00    0.00000e+00
    1.31899e+01    0.00000e+00    0.00000e+00    0.00000e+00    0.00000e+00    0.00000e+00    0.00000e+00
    1.38766e+01    0.00000e+00    0.00000e+00    0.00000e+00    0.00000e+00    0.00000e+00    0.00000e+00
    1.45992e+01    0.00000e+00    0.00000e+00    0.00000e+00    0.00000e+00    0.00000e+00    0.00000e+00
    1.53593e+01    0.00000e+00    0.00000e+00    0.00000e+00    0.00000e+00    0.00000e+00    0.00000e+00
    1.61591e+01    0.00000e+00    0.00000e+00    0.00000e+00    0.00000e+00    0.00000e+00    0.00000e+00
    1.70005e+01    0.00000e+00    0.00000e+00    0.00000e+00    0.00000e+00    0.00000e+00    0.00000e+00
    1.78857e+01    0.00000e+00    0.00000e+00    0.00000e+00    0.00000e+00    0.00000e+00    0.00000e+00
    1.88169e+01    0.00000e+00    0.00000e+00    0.00000e+00    0.00000e+00    0.00000e+00    0.00000e+00
    1.97967e+01    0.00000e+00    0.00000e+00    0.00000e+00    0.00000e+00    0.00000e+00    0.00000e+00
    2.08275e+01    0.00000e+00    0.00000e+00    0.00000e+00    0.00000e+00    0.00000e+00    0.00000e+00
    2.19120e+01    0.00000e+00    0.00000e+00    0.00000e+00    0.00000e+00    0.00000e+00    0.00000e+00
    2.30529e+01    0.00000e+00    0.00000e+00    0.00000e+00    0.00000e+00    0.00000e+00    0.00000e+00
    2.42532e+01    0.00000e+00    0.00000e+00    0.00000e+00    0.00000e+00    0.00000e+00    0.00000e+00
    2.55161e+01    0.00000e+00    0.00000e+00    0.00000e+00    0.00000e+00    0.00000e+00    0.00000e+00
    2.68446e+01    0.00000e+00    0.00000e+00    0.00000e+00    0.00000e+00    0.00000e+00    0.00000e+00
    2.82424e+01    0.00000e+00    0.00000e+00    0.00000e+00    0.00000e+00    0.00000e+00    0.00000e+00
    2.97130e+01    0.00000e+00    0.00000e+00    0.00000e+00    0.00000e+00    0.00000e+00    0.00000e+00
    3.12601e+01    0.00000e+00    0.00000e+00    0.00000e+00    0.00000e+00    0.00000e+00    0.00000e+00
    3.28877e+01    0.00000e+00    0.00000e+00    0.00000e+00    0.00000e+00    0.00000e+00    0.00000e+00
    3.46002e+01    0.00000e+00    0.00000e+00    0.00000e+00    0.00000e+00    0.00000e+00    0.00000e+00
    3.64017e+01    0.00000e+00    0.00000e+00    0.00000e+00    0.00000e+00    0.00000e+00    0.00000e+00
    3.82971e+01    0.00000e+00    0.00000e+00    0.00000e+00    0.00000e+00    0.00000e+00    0.00000e+00
    4.02912e+01    0.00000e+00    0.00000e+00    0.00000e+00    0.00000e+00    0.00000e+00    0.00000e+00
    4.23891e+01    0.00000e+00    0.00000e+00    0.00000e+00    0.00000e+00    0.00000e+00    0.00000e+00
    4.45963e+01    0.00000e+00    0.00000e+00    0.00000e+00    0.00000e+00    0.00000e+00    0.00000e+00
    4.69183e+01    0.00000e+00    0.00000e+00    0.00000e+00    0.00000e+00    0.00000e+00    0.00000e+00
    4.93613e+01    0.00000e+00    0.00000e+00    0.00000e+00    0.00000e+00    0.00000e+00    0.00000e+00
    5.19315e+01    0.00000e+00    0.00000e+00    0.00000e+00    0.00000e+00    0.00000e+00    0.00000e+00
    5.46355e+01    0.00000e+00    0.00000e+00    0.00000e+00    0.00000e+00    0.00000e+00    0.00000e+00
    5.74803e+01    0.00000e+00    0.00000e+00    0.00000e+00    0.00000e+00    0.00000e+00    0.00000e+00
    6.04732e+01    0.00000e+00    0.00000e+00    0.00000e+00    0.00000e+00    0.00000e+00    0.00000e+00
    6.36220e+01    0.00000e+00    0.00000e+00    0.00000e+00    0.00000e+00    0.00000e+00    0.00000e+00
    6.69347e+01    0.00000e+00    0.00000e+00    0.00000e+00    0.00000e+00    0.00000e+00    0.00000e+00
    7.04199e+01    0.00000e+00    0.00000e+00    0.00000e+00    0.00000e+00    0.00000e+00    0.00000e+00
    7.40866e+01    0.00000e+00    0.00000e+00    0.00000e+00    0.00000e+00    0.00000e+00    0.00000e+00
    7.79442e+01    0.00000e+00    0.00000e+00    0.00000e+00    0.00000e+00    0.00000e+00    0.00000e+00
    8.20026e+01    0.00000e+00    0.00000e+00    0.00000e+00    0.00000e+00    0.00000e+00    0.00000e+00
    8.62724e+01    0.00000e+00    0.00000e+00    0.00000e+00    0.00000e+00    0.00000e+00    0.00000e+00
    9.07645e+01    0.00000e+00    0.00000e+00    0.00000e+00    0.00000e+00    0.00000e+00    0.00000e+00
    9.54904e+01    0.00000e+00    0.00000e+00    0.00000e+00    0.00000e+00    0.00000e+00    0.00000e+00
    1.00463e+02    0.00000e+00    0.00000e+00    0.00000e+00    0.00000e+00    0.00000e+00    0.00000e+00
    1.05693e+02    0.00000e+00    0.00000e+00    0.00000e+00    0.00000e+00    0.00000e+00    0.00000e+00
    1.11197e+02    0.00000e+00    0.00000e+00    0.00000e+00    0.00000e+00    0.00000e+00    0.00000e+00
    1.16987e+02    0.00000e+00    0.00000e+00    0.00000e+00    0.00000e+00    0.00000e+00    0.00000e+00
    1.23078e+02    0.00000e+00    0.00000e+00    0.00000e+00    0.00000e+00    0.00000e+00    0.00000e+00
    1.29486e+02    0.00000e+00    0.00000e+00    0.00000e+00    0.00000e+00    0.00000e+00    0.00000e+00
    1.36229e+02    0.00000e+00    0.00000e+00    0.00000e+00    0.00000e+00    0.00000e+00    0.00000e+00
    1.43322e+02    0.00000e+00    0.00000e+00    0.00000e+00    0.00000e+00    0.00000e+00    0.00000e+00
    1.50785e+02    0.00000e+00    0.00000e+00    0.00000e+00    0.00000e+00    0.00000e+00    0.00000e+00
    1.58636e+02    0.00000e+00    0.00000e+00    0.00000e+00    0.00000e+00    0.00000e+00    0.00000e+00
    1.66896e+02    0.00000e+00    0.00000e+00    0.00000e+00    0.00000e+00    0.00000e+00    0.00000e+00
    1.75586e+02    0.00000e+00    0.00000e+00    0.00000e+00    0.00000e+00    0.00000e+00    0.00000e+00
    1.84728e+02    0.00000e+00    0.00000e+00    0.00000e+00    0.00000e+00    0.00000e+00    0.00000e+00
    1.94347e+02    0.00000e+00    0.00000e+00    0.00000e+00    0.00000e+00    0.00000e+00    0.00000e+00
    2.04466e+02    0.00000e+00    0.00000e+00    0.00000e+00    0.00000e+00    0.00000e+00    0.00000e+00
    2.15112e+02    0.00000e+00    0.00000e+00    0.00000e+00    0.00000e+00    0.00000e+00    0.00000e+00
    2.26313e+02    0.00000e+00    0.00000e+00    0.00000e+00    0.00000e+00    0.00000e+00    0.00000e+00
    2.38097e+02    0.00000e+00    0.00000e+00    0.00000e+00    0.00000e+00    0.00000e+00    0.00000e+00
    2.50494e+02    0.00000e+00    0.00000e+00    0.00000e+00    0.00000e+00    0.00000e+00    0.00000e+00
    2.63537e+02    0.00000e+00    0.00000e+00    0.00000e+00    0.00000e+00    0.00000e+00    0.00000e+00
    2.77259e+02    0.00000e+00    0.00000e+00    0.00000e+00    0.00000e+00    0.00000e+00    0.00000e+00
    2.91696e+02    0.00000e+00    0.00000e+00    0.00000e+00    0.00000e+00    0.00000e+00    0.00000e+00
    3.06884e+02    0.00000e+00    0.00000e+00    0.00000e+00    0.00000e+00    0.00000e+00    0.00000e+00
    3.22863e+02    0.00000e+00    0.00000e+00    0.00000e+00    0.00000e+00    0.00000e+00    0.00000e+00
    3.39674e+02    0.00000e+00    0.00000e+00    0.00000e+00    0.00000e+00    0.00000e+00    0.00000e+00
    3.57360e+02    0.00000e+00    0.00000e+00    0.00000e+00    0.00000e+00    0.00000e+00    0.00000e+00
    3.75967e+02    0.00000e+00    0.00000e+00    0.00000e+00    0.00000e+00    0.00000e+00    0.00000e+00
    3.95544e+02    0.00000e+00    0.00000e+00    0.00000e+00    0.00000e+00    0.00000e+00    0.00000e+00
    4.16139e+02    0.00000e+00    0.00000e+00    0.00000e+00    0.00000e+00    0.00000e+00    0.00000e+00
    4.37807e+02    0.00000e+00    0.00000e+00    0.00000e+00    0.00000e+00    0.00000e+00    0.00000e+00
    4.60603e+02    0.00000e+00    0.00000e+00    0.00000e+00    0.00000e+00    0.00000e+00    0.00000e+00
    4.84586e+02    0.00000e+00    0.00000e+00    0.00000e+00    0.00000e+00    0.00000e+00    0.00000e+00
    5.09818e+02    0.00000e+00    0.00000e+00    0.00000e+00    0.00000e+00    0.00000e+00    0.00000e+00
    5.36363e+02    0.00000e+00    0.00000e+00    0.00000e+00    0.00000e+00    0.00000e+00    0.00000e+00
    5.64291e+02    0.00000e+00    0.00000e+00    0.00000e+00    0.00000e+00    0.00000e+00    0.00000e+00
    5.93673e+02    0.00000e+00    0.00000e+00    0.00000e+00    0.00000e+00    0.00000e+00    0.00000e+00
    6.24584e+02    0.00000e+00    0.00000e+00    0.00000e+00    0.00000e+00    0.00000e+00    0.00000e+00
    6.57106e+02    0.00000e+00    0.00000e+00    0.00000e+00    0.00000e+00    0.00000e+00    0.00000e+00
    6.91320e+02    0.00000e+00    0.00000e+00    0.00000e+00    0.00000e+00    0.00000e+00    0.00000e+00
    7.27317e+02    0.00000e+00    0.00000e+00    0.00000e+00    0.00000e+00    0.00000e+00    0.00000e+00
    7.65187e+02    0.00000e+00    0.00000e+00    0.00000e+00    0.00000e+00    0.00000e+00    0.00000e+00
    8.05029e+02    0.00000e+00    0.00000e+00    0.00000e+00    0.00000e+00    0.00000e+00    0.00000e+00
    8.46946e+02    0.00000e+00    0.00000e+00    0.00000e+00    0.00000e+00    0.00000e+00    0.00000e+00
    8.91045e+02    0.00000e+00    0.00000e+00    0.00000e+00    0.00000e+00    0.00000e+00    0.00000e+00
    9.37441e+02    0.00000e+00    0.00000e+00    0.00000e+00    0.00000e+00    0.00000e+00    0.00000e+00
    9.86252e+02    0.00000e+00    0.00000e+00    0.00000e+00    0.00000e+00    0.00000e+00    0.00000e+00
    1.03761e+03    0.00000e+00    0.00000e+00    0.00000e+00    0.00000e+00    0.00000e+00    0.00000e+00
    1.09163e+03    0.00000e+00    0.00000e+00    0.00000e+00    0.00000e+00    0.00000e+00    0.00000e+00
    1.14847e+03    0.00000e+00    0.00000e+00    0.00000e+00    0.00000e+00    0.00000e+00    0.00000e+00
    1.20827e+03    0.00000e+00    0.00000e+00    0.00000e+00    0.00000e+00    0.00000e+00    0.00000e+00
    1.27118e+03    0.00000e+00    0.00000e+00    0.00000e+00    0.00000e+00    0.00000e+00    0.00000e+00
    1.33737e+03    0.00000e+00    0.00000e+00    0.00000e+00    0.00000e+00    0.00000e+00    0.00000e+00
    1.40701e+03    0.00000e+00    0.00000e+00    0.00000e+00    0.00000e+00    0.00000e+00    0.00000e+00
    1.48027e+03    0.00000e+00    0.00000e+00    0.00000e+00    0.00000e+00    0.00000e+00    0.00000e+00
    1.55734e+03    0.00000e+00    0.00000e+00    0.00000e+00    0.00000e+00    0.00000e+00    0.00000e+00
    1.63843e+03    0.00000e+00    0.00000e+00    0.00000e+00    0.00000e+00    0.00000e+00    0.00000e+00
    1.72374e+03    0.00000e+00    0.00000e+00    0.00000e+00    0.00000e+00    0.00000e+00    0.00000e+00
    1.81350e+03    0.00000e+00    0.00000e+00    0.00000e+00    0.00000e+00    0.00000e+00    0.00000e+00
    1.90792e+03    0.00000e+00    0.00000e+00    0.00000e+00    0.00000e+00    0.00000e+00    0.00000e+00
    2.00727e+03    0.00000e+00    0.00000e+00    0.00000e+00    0.00000e+00    0.00000e+00    0.00000e+00
    2.11178e+03    0.00000e+00    0.00000e+00    0.00000e+00    0.00000e+00    0.00000e+00    0.00000e+00
    2.22174e+03    0.00000e+00    0.00000e+00    0.00000e+00    0.00000e+00    0.00000e+00    0.00000e+00
    2.33742e+03    0.00000e+00    0.00000e+00    0.00000e+00    0.00000e+00    0.00000e+00    0.00000e+00
    2.45913e+03    0.00000e+00    0.00000e+00    0.00000e+00    0.00000e+00    0.00000e+00    0.00000e+00
    2.58717e+03    0.00000e+00    0.00000e+00    0.00000e+00    0.00000e+00    0.00000e+00    0.00000e+00
    2.72188e+03    0.00000e+00    0.00000e+00    0.00000e+00    0.00000e+00    0.00000e+00    0.00000e+00
    2.86361e+03    0.00000e+00    0.00000e+00    0.00000e+00    0.00000e+00    0.00000e+00    0.00000e+00
    3.01271e+03    0.00000e+00    0.00000e+00    0.00000e+00    0.00000e+00    0.00000e+00    0.00000e+00
    3.16958e+03    0.00000e+00    0.00000e+00    0.00000e+00    0.00000e+00    0.00000e+00    0.00000e+00
    3.33462e+03    0.00000e+00    0.00000e+00    0.00000e+00    0.00000e+00    0.00000e+00    0.00000e+00
    3.50825e+03    0.00000e+00    0.00000e+00    0.00000e+00    0.00000e+00    0.00000e+00    0.00000e+00
    3.69092e+03    0.00000e+00    0.00000e+00    0.00000e+00    0.00000e+00    0.00000e+00    0.00000e+00
    3.88310e+03    0.00000e+00    0.00000e+00    0.00000e+00    0.00000e+00    0.00000e+00    0.00000e+00
    4.08529e+03    0.00000e+00    0.00000e+00    0.00000e+00    0.00000e+00    0.00000e+00    0.00000e+00
    4.29800e+03    0.00000e+00    0.00000e+00    0.00000e+00    0.00000e+00    0.00000e+00    0.00000e+00
    4.52179e+03    0.00000e+00    0.00000e+00    0.00000e+00    0.00000e+00    0.00000e+00    0.00000e+00
    4.75724e+03    0.00000e+00    0.00000e+00    0.00000e+00    0.00000e+00    0.00000e+00    0.00000e+00
    5.00494e+03    0.00000e+00    0.00000e+00    0.00000e+00    0.00000e+00    0.00000e+00    0.00000e+00
    5.26554e+03    0.00000e+00    0.00000e+00    0.00000e+00    0.00000e+00    0.00000e+00    0.00000e+00
    5.53971e+03    0.00000e+00    0.00000e+00    0.00000e+00    0.00000e+00    0.00000e+00    0.00000e+00
    5.82815e+03    0.00000e+00    0.00000e+00    0.00000e+00    0.00000e+00    0.00000e+00    0.00000e+00
    6.13162e+03    0.00000e+00    0.00000e+00    0.00000e+00    0.00000e+00    0.00000e+00    0.00000e+00
    6.45088e+03    0.00000e+00    0.00000e+00    0.00000e+00    0.00000e+00    0.00000e+00    0.00000e+00
    6.78677e+03    0.00000e+00    0.00000e+00    0.00000e+00    0.00000e+00    0.00000e+00    0.00000e+00
    7.14015e+03    0.00000e+00    0.00000e+00    0.00000e+00    0.00000e+00    0.00000e+00    0.00000e+00
    7.51193e+03    0.00000e+00    0.00000e+00    0.00000e+00    0.00000e+00    0.00000e+00    0.00000e+00
    7.90307e+03    0.00000e+00    0.00000e+00    0.00000e+00    0.00000e+00    0.00000e+00    0.00000e+00
    8.31457e+03    0.00000e+00    0.00000e+00    0.00000e+00    0.00000e+00    0.00000e+00    0.00000e+00
    8.74750e+03    0.00000e+00    0.00000e+00    0.00000e+00    0.00000e+00    0.00000e+00    0.00000e+00
    9.20297e+03    0.00000e+00    0.00000e+00    0.00000e+00    0.00000e+00    0.00000e+00    0.00000e+00
    9.68215e+03    0.00000e+00    0.00000e+00    0.00000e+00    0.00000e+00    0.00000e+00    0.00000e+00
    1.01863e+04    0.00000e+00    0.00000e+00    0.00000e+00    0.00000e+00    0.00000e+00    0.00000e+00
    1.07167e+04    0.00000e+00    0.00000e+00    0.00000e+00    0.00000e+00    0.00000e+00    0.00000e+00
    1.12747e+04    0.00000e+00    0.00000e+00    0.00000e+00    0.00000e+00    0.00000e+00    0.00000e+00
    1.18617e+04    0.00000e+00    0.00000e+00    0.00000e+00    0.00000e+00    0.00000e+00    0.00000e+00
    1.24794e+04    0.00000e+00    0.00000e+00    0.00000e+00    0.00000e+00    0.00000e+00    0.00000e+00
    1.31291e+04    0.00000e+00    0.00000e+00    0.00000e+00    0.00000e+00    0.00000e+00    0.00000e+00
    1.38128e+04    0.00000e+00    0.00000e+00    0.00000e+00    0.00000e+00    0.00000e+00    0.00000e+00
    1.45320e+04    0.00000e+00    0.00000e+00    0.00000e+00    0.00000e+00    0.00000e+00    0.00000e+00
    1.52886e+04    0.00000e+00    0.00000e+00    0.00000e+00    0.00000e+00    0.00000e+00    0.00000e+00
    1.60847e+04    0.00000e+00    0.00000e+00    0.00000e+00    0.00000e+00    0.00000e+00    0.00000e+00
    1.69222e+04    0.00000e+00    0.00000e+00    0.00000e+00    0.00000e+00    0.00000e+00    0.00000e+00
    1.78033e+04    0.00000e+00    0.00000e+00    0.00000e+00    0.00000e+00    0.00000e+00    0.00000e+00
    1.87303e+04    0.00000e+00    0.00000e+00    0.00000e+00    0.00000e+00    0.00000e+00    0.00000e+00
    1.97056e+04    0.00000e+00    0.00000e+00    0.00000e+00    0.00000e+00    0.00000e+00    0.00000e+00
    2.07316e+04    0.00000e+00    0.00000e+00    0.00000e+00    0.00000e+00    0.00000e+00    0.00000e+00
    2.18111e+04    0.00000e+00    0.00000e+00    0.00000e+00    0.00000e+00    0.00000e+00    0.00000e+00
    2.29468e+04    0.00000e+00    0.00000e+00    0.00000e+00    0.00000e+00    0.00000e+00    0.00000e+00
    2.41416e+04    0.00000e+00    0.00000e+00    0.00000e+00    0.00000e+00    0.00000e+00    0.00000e+00
    2.53986e+04    0.00000e+00    0.00000e+00    0.00000e+00    0.00000e+00    0.00000e+00    0.00000e+00
    2.67211e+04    0.00000e+00    0.00000e+00    0.00000e+00    0.00000e+00    0.00000e+00    0.00000e+00
    2.81124e+04    0.00000e+00    0.00000e+00    0.00000e+00    0.00000e+00    0.00000e+00    0.00000e+00
    2.95762e+04    0.00000e+00    0.00000e+00    0.00000e+00    0.00000e+00    0.00000e+00    0.00000e+00
    3.11162e+04    0.00000e+00    0.00000e+00    0.00000e+00    0.00000e+00    0.00000e+00    0.00000e+00
    3.27363e+04    0.00000e+00    0.00000e+00    0.00000e+00    0.00000e+00    0.00000e+00    0.00000e+00
    3.44409e+04    0.00000e+00    0.00000e+00    0.00000e+00    0.00000e+00    0.00000e+00    0.00000e+00
    3.62342e+04    0.00000e+00    0.00000e+00    0.00000e+00    0.00000e+00    0.00000e+00    0.00000e+00
    3.81208e+04    0.00000e+00    0.00000e+00    0.00000e+00    0.00000e+00    0.00000e+00    0.00000e+00
    4.01057e+04    0.00000e+00    0.00000e+00    0.00000e+00    0.00000e+00    0.00000e+00    0.00000e+00
    4.21940e+04    0.00000e+00    0.00000e+00    0.00000e+00    0.00000e+00    0.00000e+00    0.00000e+00
    4.43910e+04    0.00000e+00    0.00000e+00    0.00000e+00    0.00000e+00    0.00000e+00    0.00000e+00
    4.67023e+04    0.00000e+00    0.00000e+00    0.00000e+00    0.00000e+00    0.00000e+00    0.00000e+00
    4.91341e+04    0.00000e+00    0.00000e+00    0.00000e+00    0.00000e+00    0.00000e+00    0.00000e+00
    5.16924e+04    0.00000e+00    0.00000e+00    0.00000e+00    0.00000e+00    0.00000e+00    0.00000e+00
    5.43840e+04    0.00000e+00    0.00000e+00    0.00000e+00    0.00000e+00    0.00000e+00    0.00000e+00
    5.72157e+04    0.00000e+00    0.00000e+00    0.00000e+00    0.00000e+00    0.00000e+00    0.00000e+00
    6.01948e+04    0.00000e+00    0.00000e+00    0.00000e+00    0.00000e+00    0.00000e+00    0.00000e+00
    6.33291e+04    0.00000e+00    0.00000e+00    0.00000e+00    0.00000e+00    0.00000e+00    0.00000e+00
    6.66265e+04    0.00000e+00    0.00000e+00    0.00000e+00    0.00000e+00    0.00000e+00    0.00000e+00
    7.00957e+04    0.00000e+00    0.00000e+00    0.00000e+00    0.00000e+00    0.00000e+00    0.00000e+00
    7.37455e+04    0.00000e+00    0.00000e+00    0.00000e+00    0.00000e+00    0.00000e+00    0.00000e+00
    7.75853e+04    0.00000e+00    0.00000e+00    0.00000e+00    0.00000e+00    0.00000e+00    0.00000e+00
    8.16251e+04    0.00000e+00    0.00000e+00    0.00000e+00    0.00000e+00    0.00000e+00    0.00000e+00
    8.58752e+04    0.00000e+00    0.00000e+00    0.00000e+00    0.00000e+00    0.00000e+00    0.00000e+00
    9.03466e+04    0.00000e+00    0.00000e+00    0.00000e+00    0.00000e+00    0.00000e+00    0.00000e+00
    9.50508e+04    0.00000e+00    0.00000e+00    0.00000e+00    0.00000e+00    0.00000e+00    0.00000e+00
    1.00000e+05    0.00000e+00    0.00000e+00    0.00000e+00    0.00000e+00    0.00000e+00    0.00000e+00
