# E_gamma(MeV)   IFA_secondary_masked(MeV^-1 s^-1)
5.145440e-01 1.623039e+17
5.413360e-01 3.614269e+17
5.695230e-01 6.481965e+17
5.991770e-01 1.002391e+18
6.303750e-01 1.380279e+18
6.631980e-01 1.730415e+18
6.977300e-01 2.017856e+18
7.340600e-01 2.229144e+18
7.722810e-01 2.365484e+18
8.124930e-01 2.435331e+18
8.547980e-01 2.449840e+18
8.993070e-01 2.420525e+18
9.461320e-01 2.358007e+18
9.953960e-01 2.271574e+18
1.047230e+00 2.168823e+18
1.101750e+00 2.055949e+18
1.159120e+00 1.937561e+18
1.219470e+00 1.817087e+18
1.282970e+00 1.696984e+18
1.349770e+00 1.579241e+18
1.420050e+00 1.465053e+18
1.493990e+00 1.355353e+18
1.571780e+00 1.250734e+18
1.653620e+00 1.151568e+18
1.739730e+00 1.058022e+18
1.830310e+00 9.702019e+17
1.925610e+00 8.880526e+17
2.025880e+00 8.114506e+17
2.131360e+00 7.402262e+17
2.242340e+00 6.741667e+17
2.359100e+00 6.130491e+17
2.481930e+00 5.566093e+17
2.611160e+00 5.046014e+17
2.747120e+00 4.567600e+17
2.890160e+00 4.128363e+17
3.040650e+00 3.725656e+17
3.198970e+00 3.357069e+17
3.365530e+00 3.020250e+17
3.540770e+00 2.712954e+17
3.725140e+00 2.433035e+17
3.919100e+00 2.178404e+17
4.123160e+00 1.947134e+17
4.337850e+00 1.737422e+17
4.563720e+00 1.547558e+17
4.801340e+00 1.375875e+17
5.051340e+00 1.220970e+17
5.314360e+00 1.081437e+17
5.591070e+00 9.559256e+16
5.882190e+00 8.432265e+16
6.188470e+00 7.422141e+16
6.510690e+00 6.518550e+16
6.849700e+00 5.711627e+16
7.206350e+00 4.992655e+16
7.581580e+00 4.353394e+16
7.976340e+00 3.786255e+16
8.391660e+00 3.284201e+16
8.828600e+00 2.840789e+16
9.288290e+00 2.450153e+16
9.771920e+00 2.106940e+16
1.028070e+01 1.806307e+16
1.081600e+01 1.543524e+16
1.137920e+01 1.314721e+16
1.197170e+01 1.115948e+16
1.259510e+01 9.437842e+15
1.325090e+01 7.951786e+15
1.394080e+01 6.674817e+15
1.466670e+01 5.580233e+15
1.543040e+01 4.645779e+15
1.623380e+01 3.851139e+15
1.707910e+01 3.177928e+15
1.796840e+01 2.610028e+15
1.890400e+01 2.132846e+15
1.988830e+01 1.733882e+15
2.092380e+01 1.402496e+15
2.201330e+01 1.128250e+15
2.315950e+01 9.026340e+14
2.436540e+01 7.176228e+14
2.563410e+01 5.674224e+14
2.696880e+01 4.458523e+14
2.837300e+01 3.479434e+14
2.985040e+01 2.696997e+14
3.140470e+01 2.076282e+14
3.303990e+01 1.587412e+14
3.476020e+01 1.204599e+14
3.657010e+01 9.077489e+13
3.847430e+01 6.786866e+13
4.047760e+01 5.033955e+13
4.258520e+01 3.702375e+13
4.480250e+01 2.699803e+13
4.713530e+01 1.952320e+13
4.958960e+01 1.398269e+13
5.217170e+01 9.924825e+12
5.488820e+01 6.986320e+12
5.774620e+01 4.874148e+12
6.075290e+01 3.383772e+12
6.391620e+01 2.346048e+12
6.724430e+01 1.622731e+12
7.074560e+01 1.131703e+12
7.442920e+01 8.051009e+11
7.830470e+01 5.834153e+11
8.238190e+01 4.335911e+11
8.667140e+01 3.326283e+11
9.118430e+01 2.593093e+11
9.593210e+01 2.019204e+11
1.009270e+02 1.553649e+11
1.061820e+02 1.154245e+11
1.117110e+02 8.110984e+10
1.175280e+02 5.425530e+10
1.236470e+02 3.562759e+10
1.300850e+02 2.188515e+10
1.368590e+02 1.230896e+10
1.439850e+02 6.635326e+09
1.514820e+02 3.920154e+09
1.593690e+02 2.463194e+09
1.676680e+02 1.431395e+09
1.763980e+02 7.017213e+08
1.855830e+02 3.187676e+08
1.952460e+02 1.595825e+08
2.054120e+02 7.201386e+07
2.161070e+02 2.870136e+07
2.273600e+02 1.106225e+07
