# Sampled masses (g)
3.053379149112e+15
2.815543602726e+15
3.004751554314e+15
3.581440849696e+15
2.869027136521e+15
3.037576459970e+15
2.793488965266e+15
2.933737690273e+15
2.241818118479e+15
2.999189426618e+15
3.154816747640e+15
2.910217058839e+15
3.248729983181e+15
2.656921033596e+15
2.950342094366e+15
3.305977037260e+15
2.627333309106e+15
2.798114822490e+15
2.991101796831e+15
3.025199586826e+15
2.880214413345e+15
2.594148180072e+15
2.922405150713e+15
2.701992637169e+15
3.410203878534e+15
3.017133290054e+15
3.352196828984e+15
3.110654856554e+15
3.167800094197e+15
3.409599202187e+15
3.931078515992e+15
3.006199026726e+15
3.321374647549e+15
3.230064865936e+15
2.817416061013e+15
3.076949989731e+15
3.560987497291e+15
3.270637838160e+15
3.412809406457e+15
3.036635523684e+15
3.206829343913e+15
3.048684557368e+15
2.947078608559e+15
3.622615768145e+15
3.045491357736e+15
3.046424024756e+15
3.045409796323e+15
2.821363168835e+15
3.195763981773e+15
2.905387513277e+15
2.868358780050e+15
3.029876740508e+15
2.891919904809e+15
3.204008785423e+15
2.943058236178e+15
3.383071323567e+15
3.253090263627e+15
2.966425251323e+15
3.014716369553e+15
2.780667647874e+15
3.171967203264e+15
3.151005366778e+15
2.467780352370e+15
3.025928889009e+15
3.038908755285e+15
3.093488150133e+15
2.986080675514e+15
3.579898689982e+15
3.271511054829e+15
2.862865360101e+15
2.460905259442e+15
2.876814878794e+15
2.991887080281e+15
2.639307369548e+15
2.828664748004e+15
2.836784099562e+15
3.026836750006e+15
3.154908612583e+15
2.975575312245e+15
2.985077710857e+15
3.179176691512e+15
2.955288197265e+15
2.842423339122e+15
2.699057472561e+15
2.490755875645e+15
3.726518277867e+15
3.428378339356e+15
2.685388102892e+15
2.946688886407e+15
3.419612219044e+15
2.945669871758e+15
2.929215276568e+15
3.242211041284e+15
3.138213640695e+15
3.147758310586e+15
2.798754418651e+15
3.092843706651e+15
3.259879927275e+15
3.118838349303e+15
3.397878177082e+15
2.486979715087e+15
2.853623775868e+15
2.743411631377e+15
3.554284946416e+15
3.326828964748e+15
3.000123044658e+15
2.853405104381e+15
3.364300819413e+15
2.928622815935e+15
3.087935812238e+15
2.734144249659e+15
3.172836481241e+15
2.932758679207e+15
3.020092498116e+15
3.324090261999e+15
2.984189498192e+15
2.894422841887e+15
2.809349762835e+15
3.472029800846e+15
3.625261485756e+15
3.487110571680e+15
3.230811142209e+15
2.671272846767e+15
3.112802801206e+15
3.419102162197e+15
2.616101562788e+15
2.870814989465e+15
2.995036599558e+15
3.344524614913e+15
3.638791616404e+15
2.891626623026e+15
3.336537317328e+15
3.112433266487e+15
2.959689409807e+15
2.874225338274e+15
2.536364661927e+15
3.082547729488e+15
2.741108611239e+15
3.423609064344e+15
3.136116006854e+15
3.261178081744e+15
3.245278871254e+15
2.991179506851e+15
2.839259664163e+15
3.371256171017e+15
3.138595572946e+15
2.797325359054e+15
2.593183144950e+15
3.065174667321e+15
2.796217507496e+15
2.646390665235e+15
3.383200090832e+15
3.087912630965e+15
3.088072561646e+15
3.164691530551e+15
3.486126399160e+15
2.754734198853e+15
3.328095008529e+15
3.093167066113e+15
3.247316833187e+15
3.471748325925e+15
2.660136337045e+15
2.604796992504e+15
2.924210973809e+15
3.243387411482e+15
3.163648352215e+15
3.272090045122e+15
3.303329070490e+15
2.972976991320e+15
3.214817276478e+15
2.834965386450e+15
3.187991335130e+15
2.985472825300e+15
2.853404841754e+15
3.197165646131e+15
3.142868922077e+15
2.757252434252e+15
2.902489411751e+15
3.093323505847e+15
3.283895730482e+15
3.552018863750e+15
3.093692254059e+15
2.864788693246e+15
2.992215434216e+15
2.787572568276e+15
3.909469033380e+15
2.714556067811e+15
3.351273976792e+15
3.212615824135e+15
2.915433129115e+15
2.481256964204e+15
3.148873299867e+15
2.790205838575e+15
2.816266563412e+15
3.031634764548e+15
3.040405818262e+15
2.919463609872e+15
2.962936797633e+15
3.234055698892e+15
2.571789290685e+15
3.491872476041e+15
3.245121995165e+15
3.014826207652e+15
3.098665614661e+15
2.633701861783e+15
3.175916108559e+15
2.744037334132e+15
3.207733207802e+15
2.936058712532e+15
2.871788838986e+15
3.090482348666e+15
2.930563803183e+15
2.659425064761e+15
3.354568286294e+15
3.296859996639e+15
3.019518141514e+15
2.901639123586e+15
2.783889655521e+15
3.270901384602e+15
2.990164328803e+15
3.004087040275e+15
2.989241524829e+15
2.731551889627e+15
2.813646185312e+15
2.737640163812e+15
2.898142969824e+15
2.921026411094e+15
3.020329136816e+15
2.777914630352e+15
3.083690173413e+15
3.004981766308e+15
2.652953158750e+15
2.897664449970e+15
3.196556421411e+15
4.142619942018e+15
3.272783099826e+15
3.252382340098e+15
3.219557550928e+15
3.273812130135e+15
3.190641734172e+15
3.221239469871e+15
3.160350692737e+15
2.781297605714e+15
2.755206281633e+15
2.925562726202e+15
3.208646006370e+15
2.860410119869e+15
3.258474806363e+15
2.857942561226e+15
3.034649100685e+15
3.440455139413e+15
2.935423557783e+15
2.850398865396e+15
3.095002572808e+15
2.906826917245e+15
2.717746455353e+15
2.618758155229e+15
2.771436205947e+15
3.016446273180e+15
3.548673424930e+15
2.957163802487e+15
2.613577804713e+15
3.034339928412e+15
2.717768388481e+15
3.020661233417e+15
3.322091826168e+15
2.687648246996e+15
2.915785514639e+15
2.911633402855e+15
3.127242001702e+15
3.332013344508e+15
3.193037512446e+15
2.881654782818e+15
2.785104894050e+15
3.378869136613e+15
3.529461540229e+15
3.039464283231e+15
3.222679135488e+15
3.054787004633e+15
3.153154586364e+15
2.851585718101e+15
3.128773333865e+15
3.830006636973e+15
3.096824729391e+15
3.541689175527e+15
2.958574265145e+15
2.977913686637e+15
2.524191872670e+15
2.914011473976e+15
3.601237050713e+15
3.256004606741e+15
3.108023030558e+15
3.192638246951e+15
3.631507191976e+15
2.926818743037e+15
3.758083792398e+15
3.226071138707e+15
2.937024990317e+15
2.648728527326e+15
2.927716890221e+15
2.996667788346e+15
3.589546521967e+15
2.430941221803e+15
2.733564837172e+15
2.443693393630e+15
3.010076526205e+15
2.808904007014e+15
2.416784574791e+15
2.754888224097e+15
2.895107844271e+15
2.998051099531e+15
3.099551173808e+15
2.791872011023e+15
2.595618340615e+15
2.636353459459e+15
3.134310953031e+15
3.606930946649e+15
3.456625958453e+15
3.310404049217e+15
3.114036673820e+15
3.359122227204e+15
2.883697673808e+15
2.937646288761e+15
2.999802865434e+15
3.192434431523e+15
2.999035693707e+15
2.471213739524e+15
2.884594270667e+15
3.359310576332e+15
3.524837812588e+15
2.897712507101e+15
2.751126716614e+15
2.984900794602e+15
3.367148572860e+15
3.103692757557e+15
2.979027022082e+15
2.956118052609e+15
3.225195647628e+15
3.158913903873e+15
2.698677964511e+15
2.867434970883e+15
3.234976492678e+15
3.191423927267e+15
2.494204852680e+15
3.120195311293e+15
3.202527364503e+15
2.672873950523e+15
3.150349647835e+15
3.329421748332e+15
3.277780482902e+15
3.112350348546e+15
2.641996916019e+15
3.724328278460e+15
2.796789919945e+15
2.790779200407e+15
2.992458645449e+15
3.493398707344e+15
3.237176295740e+15
3.355569418287e+15
2.999284106424e+15
3.056498286229e+15
2.768222805556e+15
2.545756967624e+15
2.785114461601e+15
3.092919374942e+15
3.028307927761e+15
3.129065003415e+15
2.684575974523e+15
2.849297222641e+15
2.868037841802e+15
2.964363555264e+15
2.826084181502e+15
2.871275790602e+15
2.934277337286e+15
3.318121276828e+15
2.864381694647e+15
2.988298687431e+15
2.716236073558e+15
2.723992665642e+15
3.261833191699e+15
3.135539986257e+15
3.715133768408e+15
3.613126291662e+15
2.679682080227e+15
2.993197631028e+15
3.439550339219e+15
2.939909048149e+15
3.155264797821e+15
2.675609918283e+15
2.741611534501e+15
2.866788583816e+15
2.973195447283e+15
3.016439862852e+15
3.080106880375e+15
2.961754332327e+15
3.199300359650e+15
2.973568551263e+15
3.319037907116e+15
2.771480027883e+15
2.680580168698e+15
2.804212683180e+15
3.321793833936e+15
2.920093380478e+15
3.079430748211e+15
2.945515533051e+15
2.296947765768e+15
2.920848798316e+15
2.731060909103e+15
2.833190825969e+15
3.106114379322e+15
3.399992868964e+15
2.732140274355e+15
3.530506251211e+15
3.206004058844e+15
3.360239212959e+15
3.559748440755e+15
2.639393077074e+15
2.600882560699e+15
2.502646515049e+15
3.382304228060e+15
3.058493914917e+15
2.849280611132e+15
3.395544109995e+15
2.986219042647e+15
2.746012298124e+15
3.253120855163e+15
3.250735096194e+15
3.002394832964e+15
3.102294890922e+15
2.874779147382e+15
2.573897156602e+15
3.252557409692e+15
2.581586618860e+15
2.994926169330e+15
3.557892942982e+15
3.326896401732e+15
2.607601462285e+15
3.682156851095e+15
2.637233780039e+15
2.725783684272e+15
2.808095530934e+15
3.544844604927e+15
2.919661043125e+15
2.526127832015e+15
2.949400373486e+15
2.898152839652e+15
3.142234219667e+15
2.704222874518e+15
3.331661654519e+15
2.766539216073e+15
2.643444231393e+15
2.570472609964e+15
2.926881679114e+15
2.640481392464e+15
3.038271152671e+15
2.986377259216e+15
3.222582558007e+15
3.061648219203e+15
3.003452978489e+15
3.397648937110e+15
2.636642141747e+15
3.223247968390e+15
2.220433773734e+15
3.050744376353e+15
3.294164118909e+15
3.584504930337e+15
3.231422727261e+15
3.021860790960e+15
3.909672552527e+15
3.203678514294e+15
3.169668974596e+15
2.852061296915e+15
3.332785647154e+15
2.851438725167e+15
3.182064989503e+15
2.613598596382e+15
2.883192068996e+15
3.361783888867e+15
3.184345106850e+15
3.147127365652e+15
3.034860199995e+15
2.828302005108e+15
2.974905171207e+15
2.719593453737e+15
2.694875650279e+15
2.631995101078e+15
3.353079262792e+15
2.601969703883e+15
3.838861566530e+15
3.014952109568e+15
3.017313106947e+15
3.086390816174e+15
3.645367576415e+15
3.374810685046e+15
3.248808424119e+15
3.507144876038e+15
2.858250197081e+15
3.364531909036e+15
3.235812419806e+15
3.247690092354e+15
2.445334617785e+15
2.845648550942e+15
3.394244264039e+15
2.986267115848e+15
2.852859663083e+15
3.238106508140e+15
2.957002206725e+15
2.803391810844e+15
3.071615219368e+15
3.073154657710e+15
2.793383213984e+15
2.890389703324e+15
2.814569414894e+15
2.837100693730e+15
2.857614976413e+15
2.982474722109e+15
2.874601026028e+15
3.318440791975e+15
3.181904717699e+15
3.641200239300e+15
2.720292891127e+15
3.063425992447e+15
2.834454646234e+15
3.341666192529e+15
2.977952149188e+15
3.022512698456e+15
2.953479258279e+15
2.816153185195e+15
3.413766063489e+15
3.402794542082e+15
3.317751225639e+15
2.654047589598e+15
2.936990562900e+15
3.075800510439e+15
3.292513730542e+15
3.040199814879e+15
2.650068523309e+15
3.312094816432e+15
3.015181321001e+15
2.769318082501e+15
2.743971979135e+15
2.549176453615e+15
3.065614642469e+15
2.805049695595e+15
2.676239212447e+15
3.049731599715e+15
3.215144169311e+15
2.688484573942e+15
2.837641723706e+15
3.004850292077e+15
3.003617114921e+15
2.782982841334e+15
3.759817805269e+15
2.834492916283e+15
3.892269415833e+15
3.061786858833e+15
3.143516808800e+15
3.057211707021e+15
2.934091098411e+15
3.525371408532e+15
2.732268751066e+15
3.406290169392e+15
2.823647949112e+15
3.002494698746e+15
2.993674848415e+15
2.998720956373e+15
2.651094519678e+15
3.192696107939e+15
3.501277905457e+15
3.293090229550e+15
2.615772205198e+15
2.955481629010e+15
3.289109946832e+15
2.666294711126e+15
3.525984773242e+15
2.628421666087e+15
2.448845763457e+15
3.274339035462e+15
2.783539897648e+15
2.143602610376e+15
3.257688860581e+15
3.062309417607e+15
3.044467655887e+15
2.612692209812e+15
2.860986604774e+15
3.086586247175e+15
3.128155499789e+15
2.890576321804e+15
3.525387412193e+15
3.385148995352e+15
2.807969661926e+15
2.970379744771e+15
3.142075652846e+15
3.123205948402e+15
3.054554611587e+15
2.693696994747e+15
3.030988945683e+15
3.138629960241e+15
2.897228484337e+15
2.909462154623e+15
2.737484855566e+15
3.171426321864e+15
2.651320901452e+15
3.437416649025e+15
2.926674127417e+15
2.817915171400e+15
2.947452568858e+15
2.722219779289e+15
3.900885812393e+15
3.243038891841e+15
2.782159666433e+15
3.172783923790e+15
2.629475363824e+15
3.298224621321e+15
2.955611494732e+15
3.100596045822e+15
3.016203660119e+15
2.748991256725e+15
3.178204411340e+15
2.800318968963e+15
3.102021701829e+15
2.813897542975e+15
3.216097268066e+15
3.340506575409e+15
3.175666969163e+15
2.910727704039e+15
3.467275605033e+15
3.212732291463e+15
3.167461683313e+15
2.448946524148e+15
3.288393388535e+15
3.032132657220e+15
2.979422922769e+15
2.961744251821e+15
3.796489578309e+15
3.823646210604e+15
2.873909404752e+15
3.996476923045e+15
2.575860350223e+15
3.113194596796e+15
2.968017773318e+15
2.660414900928e+15
2.610333772166e+15
3.494011189882e+15
3.265290196357e+15
3.273818352694e+15
2.667950009526e+15
2.853792470386e+15
3.615597882921e+15
2.819204303924e+15
3.030518243364e+15
2.843706842691e+15
3.329686985330e+15
2.993565244368e+15
2.864376461461e+15
2.626585885672e+15
2.730834217407e+15
3.285461875701e+15
2.562788056112e+15
2.998212758820e+15
2.925225804037e+15
3.140813225885e+15
2.554109076377e+15
3.030025573120e+15
2.595679084099e+15
2.803941417129e+15
2.529875799634e+15
3.247819064625e+15
2.819454650301e+15
3.209310049950e+15
2.645791416593e+15
2.875624660453e+15
3.370780050625e+15
2.976458757847e+15
2.921035880149e+15
3.294732151605e+15
3.065817448025e+15
3.063524461504e+15
2.845579648656e+15
2.915867385907e+15
3.199747066446e+15
2.844883386865e+15
2.660643432336e+15
2.941809670696e+15
3.100146854339e+15
2.760643245877e+15
2.997983352215e+15
3.281253927220e+15
2.439929874863e+15
2.516549209625e+15
3.204485234028e+15
3.335093276921e+15
2.897033505905e+15
2.605759142116e+15
3.808551432936e+15
3.240332625166e+15
3.056624547338e+15
2.495417839302e+15
3.409197467214e+15
2.826273048595e+15
2.628133271386e+15
3.459349051546e+15
2.621670459192e+15
3.737944416999e+15
3.038202044854e+15
3.309883837350e+15
2.641937758337e+15
2.927693032299e+15
2.273624669224e+15
2.826392608390e+15
2.836543210499e+15
3.520420331902e+15
2.958335698381e+15
2.261771433890e+15
3.329504271562e+15
3.032167200104e+15
3.353781578503e+15
3.554547481182e+15
2.917662494312e+15
2.749379987060e+15
2.562085227718e+15
3.054379250782e+15
3.319473040791e+15
3.220213855241e+15
3.099963010328e+15
3.163789664343e+15
2.846507955012e+15
3.375421194923e+15
3.129980387557e+15
3.338840993094e+15
3.236365966255e+15
2.958650428034e+15
2.954506549776e+15
2.808869765420e+15
3.564511340045e+15
3.182779464809e+15
3.808586902685e+15
3.149277574747e+15
3.365699191339e+15
2.704953613469e+15
2.661131210631e+15
2.935762356208e+15
3.033008222244e+15
3.121113401079e+15
2.895309179140e+15
3.272724312655e+15
3.147461108919e+15
3.455849503010e+15
3.627439345705e+15
3.280252291568e+15
2.962798179504e+15
3.144408335577e+15
3.226722879486e+15
3.140165826673e+15
2.942901166622e+15
3.029209127335e+15
3.409258941673e+15
2.987205796537e+15
2.551126401981e+15
2.521345379973e+15
3.196725764291e+15
2.488262925548e+15
3.313836125382e+15
2.810387769330e+15
3.268005322341e+15
2.971560829179e+15
2.795344060592e+15
3.041993106180e+15
2.912090276965e+15
3.077083199257e+15
2.895956342780e+15
3.510794807948e+15
2.878523134562e+15
2.993944666824e+15
2.579993477831e+15
2.548964180486e+15
2.979456803886e+15
3.185182304665e+15
3.146703823228e+15
3.010722950447e+15
2.963187947879e+15
2.816948702163e+15
2.712532421585e+15
3.160646974581e+15
3.543000700511e+15
3.159296588147e+15
2.742089456570e+15
3.303688405517e+15
3.027543754770e+15
3.335049691129e+15
3.710082219424e+15
3.271419465981e+15
2.674715448880e+15
3.253219529992e+15
3.336597855545e+15
3.001154515215e+15
2.850419993335e+15
3.082082012905e+15
2.902165778060e+15
2.775367251400e+15
2.788116201167e+15
3.123648610280e+15
3.298953025220e+15
2.733724892222e+15
3.526745844707e+15
3.142896355353e+15
2.795293546669e+15
3.478701328603e+15
2.936244572159e+15
3.046110705681e+15
2.645013213526e+15
2.931712365854e+15
2.652763351537e+15
2.646480391193e+15
2.314140115395e+15
2.874863123316e+15
3.051662137079e+15
3.194673760100e+15
2.864792679397e+15
3.019755191948e+15
2.649859301514e+15
2.999223160221e+15
3.397123385106e+15
2.960244241165e+15
2.973180649545e+15
2.883444339781e+15
3.470732365319e+15
2.757529183138e+15
2.913849746473e+15
2.763944394928e+15
3.019074241012e+15
3.100238927606e+15
3.219027994762e+15
2.802947359201e+15
2.886846451633e+15
3.437882516633e+15
3.055631851288e+15
2.555578466955e+15
3.030537226566e+15
2.623271300090e+15
2.905019863652e+15
2.557412302936e+15
2.688153033914e+15
3.254098619385e+15
2.975515796538e+15
2.980690506547e+15
3.147300753864e+15
2.698346195644e+15
2.908908523469e+15
3.249596282874e+15
2.772558499248e+15
3.062349895237e+15
2.904140878858e+15
3.005235064312e+15
2.848785725636e+15
2.834329206020e+15
3.171041566225e+15
3.467970163034e+15
2.978262264966e+15
2.966785746671e+15
3.613680053021e+15
3.049927019201e+15
3.137428908569e+15
3.039882003811e+15
2.828157521724e+15
2.971752471166e+15
3.332364256072e+15
3.553627627064e+15
2.845553943521e+15
3.277244410956e+15
2.882422490570e+15
3.147385072620e+15
3.357036767267e+15
3.035358627889e+15
3.175359059495e+15
3.144374331119e+15
3.325829035712e+15
3.119414417385e+15
3.009031776813e+15
3.104635102381e+15
2.671850336808e+15
3.633247392532e+15
3.603186673649e+15
2.584484028259e+15
3.372739333137e+15
3.000780729478e+15
2.559406273316e+15
3.486440665544e+15
3.188588527741e+15
3.086422632909e+15
3.115560715276e+15
3.255927788750e+15
3.472638784373e+15
3.093420394409e+15
3.272942991562e+15
2.617827267651e+15
3.322287378054e+15
3.350693127479e+15
3.080816129095e+15
2.947635444115e+15
2.421823423416e+15
3.013954920847e+15
2.971582390522e+15
3.113847556424e+15
3.260666709976e+15
3.161365408688e+15
2.620265123709e+15
3.107967061900e+15
3.115627162348e+15
3.401067665957e+15
2.536184156890e+15
3.215029047935e+15
3.110960390932e+15
3.114615589893e+15
3.500301484903e+15
3.074078711133e+15
3.526364285857e+15
2.568816979728e+15
3.062222935898e+15
3.572120351907e+15
3.504438158494e+15
2.738592419992e+15
3.155745040045e+15
2.924499049740e+15
3.469794979481e+15
3.226883204260e+15
3.155387606191e+15
2.786161310982e+15
2.876218499854e+15
3.057222233329e+15
3.900945645860e+15
2.916881245563e+15
3.459960276825e+15
3.097916461192e+15
3.521624791314e+15
2.955229272852e+15
2.733419439284e+15
2.479105670165e+15
3.015762463272e+15
3.220823813220e+15
3.116860309530e+15
3.050907644266e+15
2.663919865508e+15
3.814181295986e+15
2.925758017928e+15
3.161585159937e+15
2.899527764275e+15
3.001213320366e+15
2.859115722099e+15
2.798414531920e+15
3.132094935270e+15
3.509859401789e+15
2.664228322283e+15
3.032964135618e+15
3.238753895337e+15
3.046076875524e+15
3.037307613295e+15
3.249530373769e+15
2.622361147570e+15
2.950014912967e+15
3.032041528848e+15
3.321388742895e+15
2.387541452954e+15
3.674132907684e+15
3.191914588438e+15
2.863611083735e+15
3.297737625986e+15
2.959711527492e+15
3.471109519024e+15
2.590462084690e+15
2.782610030425e+15
2.803731156767e+15
2.753505662123e+15
3.322667151428e+15
3.217675413675e+15
3.235085038589e+15
2.708013346316e+15
2.788233709166e+15
3.551707183424e+15
2.910484826580e+15
2.522484225822e+15
3.054642255048e+15
3.096188113149e+15
2.870636544239e+15
3.446651247316e+15
2.961498375318e+15
2.867587668966e+15
3.044896234730e+15
2.539778657923e+15
2.824007713056e+15
3.837523360683e+15
3.116290747062e+15
2.890591965719e+15
2.828906622977e+15
2.947100374309e+15
3.173072130262e+15
3.599013968313e+15
2.754965007030e+15
2.741240210975e+15
3.616871230655e+15
