# # E_gamma (MeV)  Final State Radiation (MeV^-1 s^-1)
5.145440e-01 6.210403e+11
5.413360e-01 3.491668e+11
5.695230e-01 3.028867e+11
5.991770e-01 1.591387e+11
6.303750e-01 1.375774e+11
6.631980e-01 6.986793e+10
6.977300e-01 6.010784e+10
7.340600e-01 2.946669e+10
7.722810e-01 1.390004e+10
8.124930e-01 1.197866e+10
8.547980e-01 5.386514e+09
8.993070e-01 4.598097e+09
9.461320e-01 1.872078e+09
9.953960e-01 7.196095e+08
1.047230e+00 6.129966e+08
1.101750e+00 2.295330e+08
1.159120e+00 8.042332e+07
1.219470e+00 6.809084e+07
1.282970e+00 2.248966e+07
1.349770e+00 6.598935e+06
1.420050e+00 1.845498e+06
1.493990e+00 1.559224e+06
1.571780e+00 4.328711e+05
1.653620e+00 9.957302e+04
1.739730e+00 2.252188e+04
1.830310e+00 1.886613e+04
1.925610e+00 3.994748e+03
2.025880e+00 6.831628e+02
2.131360e+00 1.273865e+02
2.242340e+00 1.901395e+01
2.359100e+00 1.576656e+01
2.481930e+00 2.023442e+00
2.611160e+00 2.882562e-01
2.747120e+00 2.838808e-02
2.890160e+00 2.989908e-03
3.040650e+00 2.594178e-04
3.198970e+00 2.116552e-04
3.365530e+00 1.344294e-05
3.540770e+00 1.106403e-06
3.725140e+00 5.703235e-08
3.919100e+00 2.907413e-09
4.123160e+00 1.346817e-10
4.337850e+00 4.605379e-12
4.563720e+00 1.325372e-13
4.801340e+00 1.053053e-13
5.051340e+00 2.988025e-15
5.314360e+00 6.752724e-17
5.591070e+00 1.045372e-18
5.882190e+00 1.498827e-20
6.188470e+00 1.879409e-22
6.510690e+00 1.471198e-24
6.849700e+00 1.058864e-26
7.206350e+00 6.036576e-29
7.581580e+00 2.135224e-31
7.976340e+00 7.513217e-34
8.391660e+00 1.462883e-36
8.828600e+00 2.668846e-39
9.288290e+00 2.766466e-42
9.771920e+00 2.525978e-45
1.028070e+01 1.924340e-45
1.081600e+01 9.447240e-49
1.137920e+01 4.173616e-52
1.197170e+01 9.273018e-56
1.259510e+01 1.557029e-59
1.325090e+01 1.764170e-63
1.394080e+01 1.007700e-67
1.466670e+01 3.750390e-72
1.543040e+01 9.260612e-77
1.623380e+01 1.267735e-81
1.707910e+01 9.022648e-87
1.796840e+01 3.390201e-92
1.890400e+01 6.731776e-98
1.988830e+01 6.894901e-104
2.092380e+01 3.507279e-110
2.201330e+01 8.311438e-117
2.315950e+01 8.288423e-124
2.436540e+01 3.384063e-131
2.563410e+01 6.744082e-139
2.696880e+01 5.316165e-147
2.837300e+01 1.298677e-155
2.985040e+01 1.485634e-164
3.140470e+01 4.566816e-174
3.303990e+01 4.819607e-184
3.476020e+01 1.747935e-194
3.657010e+01 1.681706e-205
3.847430e+01 4.169169e-217
4.047760e+01 2.558714e-229
4.258520e+01 3.423430e-242
4.480250e+01 9.522596e-256
4.713530e+01 6.623220e-270
4.958960e+01 6.279232e-285
5.217170e+01 1.301242e-300
5.488820e+01 0.000000e+00
