# E_gamma(MeV)   IFA_primary_masked(MeV^-1 s^-1)
5.145440e-01 1.148851e+00
5.413360e-01 7.967157e+00
5.695230e-01 5.898732e+04
5.991770e-01 1.262887e+07
6.303750e-01 3.182538e+08
6.631980e-01 3.205865e+09
6.977300e-01 1.387038e+10
7.340600e-01 4.078204e+10
7.722810e-01 7.723721e+10
8.124930e-01 1.160461e+11
8.547980e-01 1.431774e+11
8.993070e-01 1.507146e+11
9.461320e-01 1.337820e+11
9.953960e-01 1.024429e+11
1.047230e+00 6.592393e+10
1.101750e+00 3.684978e+10
1.159120e+00 1.912442e+10
1.219470e+00 9.332838e+09
1.282970e+00 4.272357e+09
1.349770e+00 1.699025e+09
1.420050e+00 7.630707e+08
1.493990e+00 2.895731e+08
1.571780e+00 1.028725e+08
1.653620e+00 3.498670e+07
1.739730e+00 1.280359e+07
1.830310e+00 4.007971e+06
1.925610e+00 1.182142e+06
2.025880e+00 3.290434e+05
2.131360e+00 8.281017e+04
2.242340e+00 1.830214e+04
2.359100e+00 4.295283e+03
2.481930e+00 8.943586e+02
2.611160e+00 1.952177e+02
2.747120e+00 3.540194e+01
2.890160e+00 5.460005e+00
3.040650e+00 7.797635e-01
3.198970e+00 2.032625e-01
3.365530e+00 3.995876e-02
3.540770e+00 1.434036e-02
3.725140e+00 4.060283e-03
3.919100e+00 1.410779e-03
4.123160e+00 4.205800e-04
4.337850e+00 1.336801e-04
4.563720e+00 0.000000e+00
4.801340e+00 0.000000e+00
5.051340e+00 0.000000e+00
5.314360e+00 0.000000e+00
5.591070e+00 0.000000e+00
5.882190e+00 0.000000e+00
6.188470e+00 0.000000e+00
6.510690e+00 0.000000e+00
6.849700e+00 0.000000e+00
7.206350e+00 0.000000e+00
7.581580e+00 0.000000e+00
7.976340e+00 0.000000e+00
8.391660e+00 0.000000e+00
8.828600e+00 0.000000e+00
9.288290e+00 0.000000e+00
9.771920e+00 0.000000e+00
1.028070e+01 0.000000e+00
1.081600e+01 0.000000e+00
1.137920e+01 0.000000e+00
1.197170e+01 0.000000e+00
1.259510e+01 0.000000e+00
1.325090e+01 0.000000e+00
1.394080e+01 0.000000e+00
1.466670e+01 0.000000e+00
1.543040e+01 0.000000e+00
1.623380e+01 0.000000e+00
1.707910e+01 0.000000e+00
1.796840e+01 0.000000e+00
1.890400e+01 0.000000e+00
1.988830e+01 0.000000e+00
2.092380e+01 0.000000e+00
2.201330e+01 0.000000e+00
2.315950e+01 0.000000e+00
2.436540e+01 0.000000e+00
2.563410e+01 0.000000e+00
2.696880e+01 0.000000e+00
2.837300e+01 0.000000e+00
2.985040e+01 0.000000e+00
3.140470e+01 0.000000e+00
3.303990e+01 0.000000e+00
3.476020e+01 0.000000e+00
3.657010e+01 0.000000e+00
3.847430e+01 0.000000e+00
4.047760e+01 0.000000e+00
4.258520e+01 0.000000e+00
4.480250e+01 0.000000e+00
4.713530e+01 0.000000e+00
4.958960e+01 0.000000e+00
5.217170e+01 0.000000e+00
5.488820e+01 0.000000e+00
