# # E_gamma (MeV)  Final State Radiation (MeV^-1 s^-1)
5.145440e-01 3.742837e+01
5.413360e-01 6.288877e+00
5.695230e-01 5.341744e+00
5.991770e-01 8.326379e-01
6.303750e-01 7.047012e-01
6.631980e-01 8.394475e-02
6.977300e-01 7.076244e-02
7.340600e-01 9.384170e-03
7.722810e-01 9.156765e-04
8.124930e-01 7.760113e-04
8.547980e-01 5.893588e-05
8.993070e-01 4.952416e-05
9.461320e-01 4.876060e-06
9.953960e-01 2.818984e-07
1.047230e+00 2.366075e-07
1.101750e+00 1.432332e-08
1.159120e+00 7.586851e-10
1.219470e+00 6.337794e-10
1.282970e+00 2.823282e-11
1.349770e+00 9.340310e-13
1.420050e+00 2.781415e-14
1.493990e+00 2.324342e-14
1.571780e+00 6.610913e-16
1.653620e+00 1.356735e-17
1.739730e+00 2.033369e-19
1.830310e+00 1.687820e-19
1.925610e+00 2.512054e-21
2.025880e+00 2.810154e-23
2.131360e+00 2.080528e-25
2.242340e+00 1.535896e-27
2.359100e+00 1.265542e-27
2.481930e+00 6.100154e-30
2.611160e+00 2.214335e-32
2.747120e+00 6.942873e-35
2.890160e+00 1.249060e-37
3.040650e+00 2.157326e-40
3.198970e+00 1.753371e-40
3.365530e+00 1.601846e-43
3.540770e+00 1.368062e-46
3.725140e+00 6.128008e-50
3.919100e+00 2.206838e-53
4.123160e+00 5.071594e-57
4.337850e+00 6.401878e-61
4.563720e+00 6.383081e-65
4.801340e+00 5.059483e-65
5.051340e+00 2.908799e-69
5.314360e+00 8.687053e-74
5.591070e+00 1.604007e-78
5.882190e+00 1.826132e-83
6.188470e+00 1.153161e-88
6.510690e+00 3.780595e-94
6.849700e+00 6.250594e-100
7.206350e+00 5.054371e-106
7.581580e+00 1.911221e-112
7.976340e+00 3.262958e-119
8.391660e+00 2.605643e-126
8.828600e+00 1.003389e-133
9.288290e+00 1.396446e-141
9.771920e+00 6.869705e-150
1.028070e+01 5.233129e-150
1.081600e+01 1.230792e-158
1.137920e+01 7.677347e-168
1.197170e+01 1.975291e-177
1.259510e+01 1.575978e-187
1.325090e+01 3.251396e-198
1.394080e+01 1.920453e-209
1.466670e+01 3.086409e-221
1.543040e+01 1.260283e-233
1.623380e+01 1.199684e-246
1.707910e+01 2.018350e-260
1.796840e+01 7.115081e-275
1.890400e+01 4.389899e-290
1.988830e+01 5.612508e-306
2.092380e+01 0.000000e+00
