# E_gamma(MeV)   IFA_secondary_masked(MeV^-1 s^-1)
5.145440e-01 2.020897e+00
5.413360e-01 2.248996e+00
5.695230e-01 2.358232e+00
5.991770e-01 1.401899e+00
6.303750e-01 7.776565e-01
6.631980e-01 3.852019e-01
6.977300e-01 1.575078e-01
7.340600e-01 4.836637e-02
7.722810e-01 1.987415e-02
8.124930e-01 5.478963e-03
8.547980e-01 5.500037e-04
8.993070e-01 1.493674e-04
9.461320e-01 5.741023e-05
9.953960e-01 3.467041e-05
1.047230e+00 1.731636e-05
1.101750e+00 8.110557e-06
1.159120e+00 2.955395e-06
1.219470e+00 1.271009e-06
1.282970e+00 4.377726e-07
1.349770e+00 1.655591e-07
1.420050e+00 6.010178e-08
1.493990e+00 2.007705e-08
1.571780e+00 7.997500e-09
1.653620e+00 2.390868e-09
1.739730e+00 9.924032e-10
1.830310e+00 2.825645e-10
1.925610e+00 1.105094e-10
2.025880e+00 3.360327e-11
2.131360e+00 0.000000e+00
2.242340e+00 0.000000e+00
2.359100e+00 0.000000e+00
2.481930e+00 0.000000e+00
2.611160e+00 0.000000e+00
2.747120e+00 0.000000e+00
2.890160e+00 0.000000e+00
3.040650e+00 0.000000e+00
3.198970e+00 0.000000e+00
3.365530e+00 0.000000e+00
3.540770e+00 0.000000e+00
3.725140e+00 0.000000e+00
3.919100e+00 0.000000e+00
4.123160e+00 0.000000e+00
4.337850e+00 0.000000e+00
4.563720e+00 0.000000e+00
4.801340e+00 0.000000e+00
5.051340e+00 0.000000e+00
5.314360e+00 0.000000e+00
5.591070e+00 0.000000e+00
5.882190e+00 0.000000e+00
6.188470e+00 0.000000e+00
6.510690e+00 0.000000e+00
6.849700e+00 0.000000e+00
7.206350e+00 0.000000e+00
7.581580e+00 0.000000e+00
7.976340e+00 0.000000e+00
8.391660e+00 0.000000e+00
8.828600e+00 0.000000e+00
9.288290e+00 0.000000e+00
9.771920e+00 0.000000e+00
1.028070e+01 0.000000e+00
1.081600e+01 0.000000e+00
1.137920e+01 0.000000e+00
1.197170e+01 0.000000e+00
1.259510e+01 0.000000e+00
1.325090e+01 0.000000e+00
1.394080e+01 0.000000e+00
1.466670e+01 0.000000e+00
1.543040e+01 0.000000e+00
1.623380e+01 0.000000e+00
1.707910e+01 0.000000e+00
1.796840e+01 0.000000e+00
1.890400e+01 0.000000e+00
1.988830e+01 0.000000e+00
2.092380e+01 0.000000e+00
