# E_gamma(MeV)   IFA_primary_masked(MeV^-1 s^-1)
5.145440e-01 4.072326e-106
5.413360e-01 4.146110e-106
5.695230e-01 4.162121e-106
5.991770e-01 1.298105e-106
6.303750e-01 2.701281e-107
6.631980e-01 9.565799e-108
6.977300e-01 2.194318e-108
7.340600e-01 5.940066e-109
7.722810e-01 1.685526e-109
8.124930e-01 2.777699e-110
8.547980e-01 8.501365e-111
8.993070e-01 1.753350e-111
9.461320e-01 9.958886e-112
9.953960e-01 7.104976e-112
1.047230e+00 4.175859e-112
1.101750e+00 2.013139e-112
1.159120e+00 7.586101e-113
1.219470e+00 8.525563e-114
1.282970e+00 0.000000e+00
1.349770e+00 0.000000e+00
