# # E_gamma (MeV)  Final State Radiation (MeV^-1 s^-1)
5.145440e-01 6.507649e-28
5.413360e-01 6.214287e-32
5.695230e-01 5.393074e-32
5.991770e-01 4.273257e-32
6.303750e-01 3.601191e-32
6.631980e-01 1.497424e-34
6.977300e-01 1.256074e-34
7.340600e-01 3.866052e-37
7.722810e-01 1.648728e-39
8.124930e-01 1.393852e-39
8.547980e-01 2.788303e-42
8.993070e-01 2.334790e-42
9.461320e-01 4.333795e-45
9.953960e-01 4.670151e-48
1.047230e+00 3.911345e-48
1.101750e+00 1.738236e-54
1.159120e+00 5.566088e-55
1.219470e+00 4.642095e-55
1.282970e+00 3.402151e-58
1.349770e+00 1.375282e-65
1.420050e+00 6.545518e-66
1.493990e+00 5.464120e-66
1.571780e+00 4.049917e-72
1.653620e+00 1.537738e-78
1.739730e+00 9.812265e-80
1.830310e+00 8.139807e-80
1.925610e+00 5.359362e-84
2.025880e+00 4.080911e-89
2.131360e+00 1.215040e-99
2.242340e+00 5.176111e-105
2.359100e+00 4.264030e-105
2.481930e+00 6.658768e-111
2.611160e+00 4.613530e-111
2.747120e+00 1.278232e-117
2.890160e+00 1.208227e-131
3.040650e+00 1.010893e-132
3.198970e+00 8.215618e-133
3.365530e+00 3.070661e-139
3.540770e+00 2.714402e-148
3.725140e+00 1.052064e-163
3.919100e+00 4.188992e-164
4.123160e+00 2.111800e-173
4.337850e+00 2.867919e-193
4.563720e+00 1.087281e-193
4.801340e+00 8.618179e-194
5.051340e+00 8.683982e-205
5.314360e+00 1.020572e-226
5.591070e+00 5.928389e-227
5.882190e+00 2.359835e-252
6.188470e+00 6.463322e-253
6.510690e+00 8.501817e-281
6.849700e+00 1.765593e-296
7.206350e+00 1.098449e-311
7.581580e+00 0.000000e+00
7.976340e+00 0.000000e+00
