# # E_gamma (MeV)  Final State Radiation (MeV^-1 s^-1)
5.145440e-01 1.281689e-23
5.413360e-01 1.077994e-25
5.695230e-01 9.106774e-26
5.991770e-01 7.545476e-28
6.303750e-01 6.359002e-28
6.631980e-01 3.291803e-30
6.977300e-01 2.761333e-30
7.340600e-01 1.110235e-32
7.722810e-01 3.647916e-35
8.124930e-01 3.083980e-35
8.547980e-01 5.963427e-38
8.993070e-01 4.993478e-38
9.461320e-01 9.074417e-41
9.953960e-01 8.688094e-44
1.047230e+00 7.276673e-44
1.101750e+00 6.391678e-47
1.159120e+00 3.008513e-50
1.219470e+00 2.509053e-50
1.282970e+00 9.081269e-54
1.349770e+00 2.197720e-57
1.420050e+00 2.793803e-61
1.493990e+00 2.332242e-61
1.571780e+00 2.326216e-65
1.653620e+00 1.379424e-69
1.739730e+00 4.167681e-74
1.830310e+00 3.457311e-74
1.925610e+00 6.291124e-79
2.025880e+00 7.029859e-84
2.131360e+00 4.396229e-89
2.242340e+00 1.430664e-94
2.359100e+00 1.178567e-94
2.481930e+00 1.938181e-100
2.611160e+00 1.544480e-106
2.747120e+00 5.730316e-113
2.890160e+00 9.714437e-120
3.040650e+00 7.860841e-127
3.198970e+00 6.388574e-127
3.365530e+00 2.418369e-134
3.540770e+00 3.107007e-142
3.725140e+00 1.572581e-150
3.919100e+00 3.404697e-159
4.123160e+00 2.138462e-168
4.337850e+00 4.882420e-178
4.563720e+00 3.873338e-188
4.801340e+00 3.070146e-188
5.051340e+00 6.293446e-199
5.314360e+00 3.531210e-210
5.591070e+00 5.372760e-222
5.882190e+00 2.069778e-234
6.188470e+00 1.744625e-247
6.510690e+00 2.607337e-261
6.849700e+00 9.509202e-276
7.206350e+00 4.845626e-291
7.581580e+00 1.423140e-306
7.976340e+00 0.000000e+00
8.391660e+00 0.000000e+00
