# # E_gamma (MeV)  Final State Radiation (MeV^-1 s^-1)
5.145440e-01 1.008771e+18
5.413360e-01 9.533984e+17
5.695230e-01 9.008407e+17
5.991770e-01 8.508772e+17
6.303750e-01 8.034691e+17
6.631980e-01 7.583968e+17
6.977300e-01 7.156460e+17
7.340600e-01 6.750004e+17
7.722810e-01 6.364003e+17
8.124930e-01 5.998262e+17
8.547980e-01 5.650377e+17
8.993070e-01 5.320941e+17
9.461320e-01 5.007575e+17
9.953960e-01 4.710123e+17
1.047230e+00 4.428892e+17
1.101750e+00 4.161242e+17
1.159120e+00 3.907243e+17
1.219470e+00 3.667674e+17
1.282970e+00 3.439365e+17
1.349770e+00 3.222877e+17
1.420050e+00 3.017597e+17
1.493990e+00 2.824945e+17
1.571780e+00 2.640808e+17
1.653620e+00 2.466327e+17
1.739730e+00 2.301001e+17
1.830310e+00 2.147102e+17
1.925610e+00 1.999231e+17
2.025880e+00 1.859241e+17
2.131360e+00 1.726749e+17
2.242340e+00 1.601344e+17
2.359100e+00 1.486746e+17
2.481930e+00 1.375077e+17
2.611160e+00 1.269489e+17
2.747120e+00 1.169655e+17
2.890160e+00 1.075258e+17
3.040650e+00 9.859881e+16
3.198970e+00 9.081716e+16
3.365530e+00 8.292246e+16
3.540770e+00 7.546447e+16
3.725140e+00 6.841804e+16
3.919100e+00 6.176006e+16
4.123160e+00 5.546875e+16
4.337850e+00 4.952561e+16
4.563720e+00 4.391533e+16
4.801340e+00 3.978571e+16
5.051340e+00 3.491928e+16
5.314360e+00 3.036140e+16
5.591070e+00 2.611304e+16
5.882190e+00 2.218330e+16
6.188470e+00 1.858405e+16
6.510690e+00 1.533193e+16
6.849700e+00 1.244322e+16
7.206350e+00 9.927203e+15
7.581580e+00 7.785537e+15
7.976340e+00 6.005394e+15
8.391660e+00 4.562244e+15
8.828600e+00 3.418400e+15
9.288290e+00 2.532403e+15
9.771920e+00 1.858764e+15
1.028070e+01 1.613461e+15
1.081600e+01 1.175126e+15
1.137920e+01 8.498223e+14
1.197170e+01 6.083016e+14
1.259510e+01 4.291097e+14
1.325090e+01 2.962846e+14
1.394080e+01 1.981511e+14
1.466670e+01 1.275806e+14
1.543040e+01 7.891594e+13
1.623380e+01 4.705319e+13
1.707910e+01 2.738653e+13
1.796840e+01 1.563063e+13
1.890400e+01 8.812063e+12
1.988830e+01 4.911796e+12
2.092380e+01 2.631296e+12
2.201330e+01 1.335248e+12
2.315950e+01 6.372148e+11
2.436540e+01 2.885498e+11
2.563410e+01 1.292190e+11
2.696880e+01 5.627375e+10
2.837300e+01 2.344914e+10
2.985040e+01 9.175090e+09
3.140470e+01 3.268351e+09
3.303990e+01 1.137612e+09
3.476020e+01 3.868584e+08
3.657010e+01 1.191327e+08
3.847430e+01 3.467520e+07
4.047760e+01 9.285706e+06
4.258520e+01 2.363717e+06
4.480250e+01 5.769985e+05
4.713530e+01 1.194247e+05
4.958960e+01 2.488417e+04
5.217170e+01 4.615671e+03
5.488820e+01 7.153116e+02
5.774620e+01 1.209053e+02
6.075290e+01 1.575927e+01
6.391620e+01 1.835129e+00
6.724430e+01 2.305925e-01
7.074560e+01 2.087808e-02
7.442920e+01 1.882528e-03
7.830470e+01 1.514699e-04
8.238190e+01 8.089307e-06
8.667140e+01 6.063570e-07
9.118430e+01 2.679485e-08
9.593210e+01 1.315010e-09
1.009270e+02 4.891743e-11
1.061820e+02 1.417720e-12
1.117110e+02 3.930470e-14
1.175280e+02 9.744024e-16
1.236470e+02 1.657635e-17
1.300850e+02 2.291685e-19
1.368590e+02 3.105781e-21
1.439850e+02 2.808006e-23
1.514820e+02 1.930694e-25
1.593690e+02 1.278522e-27
1.676680e+02 4.947123e-30
1.763980e+02 1.754776e-32
1.855830e+02 4.283201e-35
1.952460e+02 7.411462e-38
2.054120e+02 1.015543e-40
2.161070e+02 8.761635e-44
2.273600e+02 5.724847e-47
2.391980e+02 2.529571e-50
2.516530e+02 6.639609e-54
2.647560e+02 1.440168e-57
2.785410e+02 1.573351e-61
2.930450e+02 1.136684e-65
3.083030e+02 5.847127e-70
3.243560e+02 1.616308e-74
3.412450e+02 2.352870e-79
3.590130e+02 1.971314e-84
3.777060e+02 9.439749e-90
3.973730e+02 2.426882e-95
4.180640e+02 3.166356e-101
4.398320e+02 2.020587e-107
4.627330e+02 6.220219e-114
4.868270e+02 9.257176e-121
5.121760e+02 6.195356e-128
5.388440e+02 1.502433e-135
5.669010e+02 1.453823e-143
5.964180e+02 6.726520e-152
6.274730e+02 8.415899e-161
6.601450e+02 4.940154e-170
6.945180e+02 7.571746e-180
7.306800e+02 3.643986e-190
7.687260e+02 5.742377e-201
8.087520e+02 2.429226e-212
8.508630e+02 2.497433e-224
8.951660e+02 5.840703e-237
9.417770e+02 3.207715e-250
9.908140e+02 4.065291e-264
1.042400e+03 7.269021e-279
1.096680e+03 3.008697e-294
1.153780e+03 0.000000e+00
