# E_gamma(MeV)   IFA_secondary_masked(MeV^-1 s^-1)
5.145440e-01 2.808915e+13
5.413360e-01 1.134328e+14
5.695230e-01 3.394014e+14
5.991770e-01 7.416935e+14
6.303750e-01 1.322788e+15
6.631980e-01 2.037830e+15
6.977300e-01 2.819197e+15
7.340600e-01 3.539928e+15
7.722810e-01 4.119297e+15
8.124930e-01 4.510913e+15
8.547980e-01 4.710673e+15
8.993070e-01 4.726567e+15
9.461320e-01 4.594794e+15
9.953960e-01 4.353648e+15
1.047230e+00 4.042718e+15
1.101750e+00 3.696359e+15
1.159120e+00 3.349244e+15
1.219470e+00 3.003120e+15
1.282970e+00 2.710199e+15
1.349770e+00 2.403018e+15
1.420050e+00 2.119525e+15
1.493990e+00 1.850941e+15
1.571780e+00 1.610506e+15
1.653620e+00 1.358238e+15
1.739730e+00 1.167863e+15
1.830310e+00 9.975749e+14
1.925610e+00 8.471341e+14
2.025880e+00 7.216826e+14
2.131360e+00 6.107750e+14
2.242340e+00 5.068387e+14
2.359100e+00 4.329605e+14
2.481930e+00 3.685416e+14
2.611160e+00 3.034176e+14
2.747120e+00 2.422306e+14
2.890160e+00 1.995174e+14
3.040650e+00 1.521426e+14
3.198970e+00 1.164295e+14
3.365530e+00 9.291590e+13
3.540770e+00 8.175025e+13
3.725140e+00 7.133063e+13
3.919100e+00 6.081147e+13
4.123160e+00 4.995997e+13
4.337850e+00 3.877827e+13
4.563720e+00 2.934837e+13
4.801340e+00 2.171710e+13
5.051340e+00 1.598348e+13
5.314360e+00 1.233460e+13
5.591070e+00 1.072729e+13
5.882190e+00 9.048762e+12
6.188470e+00 7.248235e+12
6.510690e+00 5.683041e+12
6.849700e+00 4.374861e+12
7.206350e+00 3.342211e+12
7.581580e+00 2.620517e+12
7.976340e+00 2.248631e+12
8.391660e+00 1.861400e+12
8.828600e+00 1.516721e+12
9.288290e+00 1.215423e+12
9.771920e+00 9.598244e+11
1.028070e+01 7.546511e+11
1.081600e+01 6.037459e+11
1.137920e+01 4.694901e+11
1.197170e+01 3.522345e+11
1.259510e+01 2.526967e+11
1.325090e+01 1.720660e+11
1.394080e+01 1.280435e+11
1.466670e+01 9.020946e+10
1.543040e+01 5.908835e+10
1.623380e+01 3.606821e+10
1.707910e+01 2.670968e+10
1.796840e+01 2.022983e+10
1.890400e+01 1.428484e+10
1.988830e+01 9.896524e+09
2.092380e+01 7.362451e+09
2.201330e+01 5.064012e+09
2.315950e+01 3.290480e+09
2.436540e+01 2.236285e+09
2.563410e+01 1.368797e+09
2.696880e+01 7.390756e+08
2.837300e+01 3.867729e+08
2.985040e+01 1.398446e+08
3.140470e+01 6.846399e+07
3.303990e+01 2.023187e+07
3.476020e+01 1.282233e+07
3.657010e+01 7.202382e+06
3.847430e+01 3.683768e+06
4.047760e+01 2.084987e+06
4.258520e+01 1.061467e+06
4.480250e+01 4.719780e+05
4.713530e+01 1.377066e+05
4.958960e+01 2.472585e+04
5.217170e+01 6.603688e+03
5.488820e+01 2.532082e+03
5.774620e+01 1.111716e+03
6.075290e+01 3.916181e+02
6.391620e+01 1.254204e+02
6.724430e+01 2.543944e+01
7.074560e+01 4.382996e+00
7.442920e+01 1.355654e+00
7.830470e+01 1.881360e-01
8.238190e+01 6.926261e-02
8.667140e+01 1.584616e-02
9.118430e+01 6.205600e-03
9.593210e+01 1.395948e-03
1.009270e+02 5.153937e-04
1.061820e+02 1.060425e-04
1.117110e+02 4.383465e-05
1.175280e+02 9.461812e-06
1.236470e+02 3.649159e-06
1.300850e+02 8.639674e-07
1.368590e+02 3.521580e-07
1.439850e+02 7.802526e-08
1.514820e+02 0.000000e+00
1.593690e+02 0.000000e+00
1.676680e+02 0.000000e+00
1.763980e+02 0.000000e+00
1.855830e+02 0.000000e+00
1.952460e+02 0.000000e+00
2.054120e+02 0.000000e+00
2.161070e+02 0.000000e+00
2.273600e+02 0.000000e+00
2.391980e+02 0.000000e+00
2.516530e+02 0.000000e+00
2.647560e+02 0.000000e+00
2.785410e+02 0.000000e+00
2.930450e+02 0.000000e+00
3.083030e+02 0.000000e+00
3.243560e+02 0.000000e+00
3.412450e+02 0.000000e+00
3.590130e+02 0.000000e+00
3.777060e+02 0.000000e+00
3.973730e+02 0.000000e+00
4.180640e+02 0.000000e+00
4.398320e+02 0.000000e+00
4.627330e+02 0.000000e+00
4.868270e+02 0.000000e+00
5.121760e+02 0.000000e+00
5.388440e+02 0.000000e+00
5.669010e+02 0.000000e+00
5.964180e+02 0.000000e+00
6.274730e+02 0.000000e+00
6.601450e+02 0.000000e+00
6.945180e+02 0.000000e+00
7.306800e+02 0.000000e+00
7.687260e+02 0.000000e+00
8.087520e+02 0.000000e+00
8.508630e+02 0.000000e+00
8.951660e+02 0.000000e+00
9.417770e+02 0.000000e+00
9.908140e+02 0.000000e+00
1.042400e+03 0.000000e+00
1.096680e+03 0.000000e+00
1.153780e+03 0.000000e+00
1.213860e+03 0.000000e+00
1.277060e+03 0.000000e+00
1.343560e+03 0.000000e+00
1.413520e+03 0.000000e+00
1.487120e+03 0.000000e+00
1.564550e+03 0.000000e+00
