# # E_gamma (MeV)  Final State Radiation (MeV^-1 s^-1)
5.145440e-01 3.432861e+15
5.413360e-01 3.133857e+15
5.695230e-01 2.901133e+15
5.991770e-01 2.639640e+15
6.303750e-01 2.439292e+15
6.631980e-01 2.211979e+15
6.977300e-01 2.040110e+15
7.340600e-01 1.843802e+15
7.722810e-01 1.660654e+15
8.124930e-01 1.528461e+15
8.547980e-01 1.372057e+15
8.993070e-01 1.259803e+15
9.461320e-01 1.127014e+15
9.953960e-01 1.004660e+15
1.047230e+00 9.200658e+14
1.101750e+00 8.174535e+14
1.159120e+00 7.235897e+14
1.219470e+00 6.606852e+14
1.282970e+00 5.827441e+14
1.349770e+00 5.120961e+14
1.420050e+00 4.483350e+14
1.493990e+00 4.079840e+14
1.571780e+00 3.558079e+14
1.653620e+00 3.090590e+14
1.739730e+00 2.674036e+14
1.830310e+00 2.423454e+14
1.925610e+00 2.088857e+14
2.025880e+00 1.792485e+14
2.131360e+00 1.531393e+14
2.242340e+00 1.302565e+14
2.359100e+00 1.174480e+14
2.481930e+00 9.947670e+13
2.611160e+00 8.383800e+13
2.747120e+00 7.032629e+13
2.890160e+00 5.868638e+13
3.040650e+00 4.872198e+13
3.198970e+00 4.362600e+13
3.365530e+00 3.606664e+13
3.540770e+00 2.962257e+13
3.725140e+00 2.419737e+13
3.919100e+00 1.967035e+13
4.123160e+00 1.589001e+13
4.337850e+00 1.274804e+13
4.563720e+00 1.017195e+13
4.801340e+00 9.009593e+12
5.051340e+00 7.148223e+12
5.314360e+00 5.640326e+12
5.591070e+00 4.420284e+12
5.882190e+00 3.450468e+12
6.188470e+00 2.672785e+12
6.510690e+00 2.060153e+12
6.849700e+00 1.579837e+12
7.206350e+00 1.205359e+12
7.581580e+00 9.190618e+11
7.976340e+00 6.981253e+11
8.391660e+00 5.338898e+11
8.828600e+00 4.080986e+11
9.288290e+00 3.140996e+11
9.771920e+00 2.420557e+11
1.028070e+01 2.136841e+11
1.081600e+01 1.658807e+11
1.137920e+01 1.318114e+11
1.197170e+01 1.132118e+11
1.259510e+01 9.786858e+10
1.325090e+01 7.281989e+10
1.394080e+01 5.699263e+10
1.466670e+01 4.265206e+10
1.543040e+01 2.999543e+10
1.623380e+01 2.146251e+10
1.707910e+01 1.570767e+10
1.796840e+01 1.172894e+10
1.890400e+01 8.052859e+09
1.988830e+01 4.800771e+09
2.092380e+01 3.820113e+09
2.201330e+01 2.919952e+09
2.315950e+01 2.100320e+09
2.436540e+01 1.368721e+09
2.563410e+01 8.549233e+08
2.696880e+01 5.072852e+08
2.837300e+01 3.654803e+08
2.985040e+01 1.899311e+08
3.140470e+01 8.810850e+07
3.303990e+01 5.112504e+07
3.476020e+01 3.666390e+07
3.657010e+01 2.107459e+07
3.847430e+01 1.275173e+07
4.047760e+01 6.764122e+06
4.258520e+01 2.627484e+06
4.480250e+01 4.985780e+05
4.713530e+01 1.337088e+05
4.958960e+01 8.654721e+04
5.217170e+01 4.908400e+04
5.488820e+01 2.039662e+04
5.774620e+01 7.905000e+03
6.075290e+01 6.230940e+02
6.391620e+01 2.118682e+02
6.724430e+01 1.493944e+02
7.074560e+01 2.627902e+01
7.442920e+01 5.324336e+00
7.830470e+01 1.093686e+00
8.238190e+01 6.024884e-01
8.667140e+01 3.454731e-01
9.118430e+01 1.606006e-01
9.593210e+01 3.388410e-02
1.009270e+02 1.534338e-03
1.061820e+02 1.732034e-04
1.117110e+02 8.016463e-05
1.175280e+02 1.347344e-05
1.236470e+02 8.095291e-08
1.300850e+02 4.922597e-09
1.368590e+02 5.623966e-10
1.439850e+02 3.640412e-10
1.514820e+02 1.739956e-12
1.593690e+02 4.872536e-14
1.676680e+02 3.131435e-15
1.763980e+02 7.463347e-17
1.855830e+02 2.393374e-18
1.952460e+02 1.095125e-18
2.054120e+02 5.947586e-22
2.161070e+02 8.093579e-24
2.273600e+02 8.868079e-26
2.391980e+02 1.389268e-27
2.516530e+02 1.077194e-27
2.647560e+02 5.165383e-32
2.785410e+02 1.574924e-32
2.930450e+02 3.228061e-35
3.083030e+02 5.452675e-40
3.243560e+02 1.220819e-40
3.412450e+02 1.929802e-42
3.590130e+02 2.646122e-46
3.777060e+02 1.213195e-51
3.973730e+02 7.087451e-55
4.180640e+02 3.024283e-55
4.398320e+02 3.981446e-59
4.627330e+02 3.785001e-66
4.868270e+02 1.274201e-70
5.121760e+02 2.245352e-74
5.388440e+02 1.423773e-74
5.669010e+02 1.610733e-79
5.964180e+02 6.616106e-90
6.274730e+02 2.436067e-94
6.601450e+02 1.574731e-94
6.945180e+02 7.576934e-106
7.306800e+02 6.148097e-106
7.687260e+02 1.219292e-112
8.087520e+02 1.074650e-118
8.508630e+02 7.046497e-133
8.951660e+02 2.509626e-139
9.417770e+02 2.051956e-139
9.908140e+02 2.817357e-148
1.042400e+03 7.036839e-156
1.096680e+03 6.273148e-174
1.153780e+03 4.957172e-174
1.213860e+03 1.794433e-194
1.277060e+03 6.785556e-205
1.343560e+03 3.040288e-216
1.413520e+03 2.782455e-228
1.487120e+03 1.052585e-228
1.564550e+03 2.413230e-254
1.646010e+03 4.708207e-268
1.731720e+03 5.382437e-283
1.821890e+03 1.993627e-283
1.916750e+03 1.353282e-299
2.016550e+03 0.000000e+00
