# E_gamma(MeV)   IFA_primary_masked(MeV^-1 s^-1)
5.145440e-01 1.822069e+18
5.413360e-01 3.333411e+18
5.695230e-01 5.104627e+18
5.991770e-01 6.950092e+18
6.303750e-01 8.383377e+18
6.631980e-01 9.338095e+18
6.977300e-01 9.918850e+18
7.340600e-01 1.022212e+19
7.722810e-01 1.032135e+19
8.124930e-01 1.027113e+19
8.547980e-01 1.011211e+19
8.993070e-01 9.874749e+18
9.461320e-01 9.582011e+18
9.953960e-01 9.251351e+18
1.047230e+00 8.895973e+18
1.101750e+00 8.525973e+18
1.159120e+00 8.148999e+18
1.219470e+00 7.770729e+18
1.282970e+00 7.395790e+18
1.349770e+00 7.027324e+18
1.420050e+00 6.667699e+18
1.493990e+00 6.318622e+18
1.571780e+00 5.981421e+18
1.653620e+00 5.656588e+18
1.739730e+00 5.344726e+18
1.830310e+00 5.046015e+18
1.925610e+00 4.760504e+18
2.025880e+00 4.488039e+18
2.131360e+00 4.228376e+18
2.242340e+00 3.981167e+18
2.359100e+00 3.746041e+18
2.481930e+00 3.522544e+18
2.611160e+00 3.310223e+18
2.747120e+00 3.108607e+18
2.890160e+00 2.917205e+18
3.040650e+00 2.735529e+18
3.198970e+00 2.563097e+18
3.365530e+00 2.399422e+18
3.540770e+00 2.244044e+18
3.725140e+00 2.096511e+18
3.919100e+00 1.956388e+18
4.123160e+00 1.823263e+18
4.337850e+00 1.696756e+18
4.563720e+00 1.576460e+18
4.801340e+00 1.462024e+18
5.051340e+00 1.353136e+18
5.314360e+00 1.249454e+18
5.591070e+00 1.150700e+18
5.882190e+00 1.056608e+18
6.188470e+00 9.669515e+17
6.510690e+00 8.815083e+17
6.849700e+00 8.001232e+17
7.206350e+00 7.226524e+17
7.581580e+00 6.490144e+17
7.976340e+00 5.791533e+17
8.391660e+00 5.130620e+17
8.828600e+00 4.508001e+17
9.288290e+00 3.924522e+17
9.771920e+00 3.381523e+17
1.028070e+01 2.880660e+17
1.081600e+01 2.423924e+17
1.137920e+01 2.012415e+17
1.197170e+01 1.647388e+17
1.259510e+01 1.329070e+17
1.325090e+01 1.056227e+17
1.394080e+01 8.272448e+16
1.466670e+01 6.390912e+16
1.543040e+01 4.873294e+16
1.623380e+01 3.672240e+16
1.707910e+01 2.741565e+16
1.796840e+01 2.025865e+16
1.890400e+01 1.483165e+16
1.988830e+01 1.075484e+16
2.092380e+01 7.712922e+15
2.201330e+01 5.454135e+15
2.315950e+01 3.784245e+15
2.436540e+01 2.563593e+15
2.563410e+01 1.691854e+15
2.696880e+01 1.088759e+15
2.837300e+01 6.712606e+14
2.985040e+01 4.069456e+14
3.140470e+01 2.393607e+14
3.303990e+01 1.394055e+14
3.476020e+01 7.300074e+13
3.657010e+01 4.322321e+13
3.847430e+01 2.078077e+13
4.047760e+01 1.183752e+13
4.258520e+01 5.224342e+12
4.480250e+01 2.760789e+12
4.713530e+01 1.154646e+12
4.958960e+01 4.932630e+11
5.217170e+01 2.293337e+11
5.488820e+01 9.103229e+10
5.774620e+01 3.558280e+10
6.075290e+01 1.278884e+10
6.391620e+01 4.536106e+09
6.724430e+01 1.573375e+09
7.074560e+01 4.978763e+08
7.442920e+01 1.466489e+08
7.830470e+01 4.037287e+07
8.238190e+01 1.026828e+07
8.667140e+01 2.527667e+06
9.118430e+01 5.487125e+05
9.593210e+01 1.110385e+05
1.009270e+02 1.731718e+04
1.061820e+02 3.064323e+03
1.117110e+02 4.873287e+02
1.175280e+02 7.439707e+01
1.236470e+02 9.378519e+00
1.300850e+02 1.299700e+00
1.368590e+02 1.281915e-01
1.439850e+02 3.777192e-02
1.514820e+02 6.813873e-03
1.593690e+02 0.000000e+00
1.676680e+02 0.000000e+00
1.763980e+02 0.000000e+00
1.855830e+02 0.000000e+00
1.952460e+02 0.000000e+00
2.054120e+02 0.000000e+00
2.161070e+02 0.000000e+00
2.273600e+02 0.000000e+00
2.391980e+02 0.000000e+00
2.516530e+02 0.000000e+00
2.647560e+02 0.000000e+00
2.785410e+02 0.000000e+00
2.930450e+02 0.000000e+00
3.083030e+02 0.000000e+00
3.243560e+02 0.000000e+00
3.412450e+02 0.000000e+00
3.590130e+02 0.000000e+00
3.777060e+02 0.000000e+00
3.973730e+02 0.000000e+00
4.180640e+02 0.000000e+00
4.398320e+02 0.000000e+00
4.627330e+02 0.000000e+00
4.868270e+02 0.000000e+00
5.121760e+02 0.000000e+00
5.388440e+02 0.000000e+00
5.669010e+02 0.000000e+00
5.964180e+02 0.000000e+00
6.274730e+02 0.000000e+00
6.601450e+02 0.000000e+00
6.945180e+02 0.000000e+00
7.306800e+02 0.000000e+00
7.687260e+02 0.000000e+00
8.087520e+02 0.000000e+00
8.508630e+02 0.000000e+00
8.951660e+02 0.000000e+00
9.417770e+02 0.000000e+00
9.908140e+02 0.000000e+00
1.042400e+03 0.000000e+00
1.096680e+03 0.000000e+00
1.153780e+03 0.000000e+00
1.213860e+03 0.000000e+00
1.277060e+03 0.000000e+00
1.343560e+03 0.000000e+00
1.413520e+03 0.000000e+00
1.487120e+03 0.000000e+00
1.564550e+03 0.000000e+00
1.646010e+03 0.000000e+00
1.731720e+03 0.000000e+00
1.821890e+03 0.000000e+00
1.916750e+03 0.000000e+00
2.016550e+03 0.000000e+00
