 1.0000E-01   6.012637768071281D+01   1.024359513563598D+02   3.564649497067924D+01   6.678945638568065D+01
 1.0500E-01   5.915498255299871D+01   1.000380111372445D+02   3.565357131471216D+01   6.438443982253239D+01
 1.2500E-01   5.603339065663919D+01   9.192367333279061D+01   3.635198755128489D+01   5.557168578150574D+01
 1.4000E-01   5.454477991353366D+01   8.731507141393246D+01   3.718762047521390D+01   5.012745093871850D+01
 1.5500E-01   5.358170038370484D+01   8.362831736720304D+01   3.819881012014214D+01   4.542950724706090D+01
 1.7500E-01   5.303925294085856D+01   7.996808592351816D+01   3.980488668670182D+01   4.016319923681640D+01
 2.0000E-01   5.346924835548577D+01   7.720778165874268D+01   4.217904298437337D+01   3.502873867436931D+01
 2.2000E-01   5.336439659393252D+01   7.520856782729594D+01   4.294409956841618D+01   3.226446825887972D+01
 2.5000E-01   4.962567429605374D+01   6.997754207106968D+01   3.935801149763744D+01   3.061953057343223D+01
 3.0000E-01   4.219083442524175D+01   6.098174346351186D+01   3.178341156264382D+01   2.919833190086804D+01
 3.1750E-01   3.970862720283365D+01   5.811908141792895D+01   2.916554781637268D+01   2.895353360155629D+01
 3.5000E-01   3.525739642996110D+01   5.313891859286073D+01   2.435871653957258D+01   2.878020205328816D+01
 4.0000E-01   2.980774873743776D+01   4.695115519059497D+01   1.850214784554646D+01   2.844900734504852D+01
 4.5000E-01   2.572808476124423D+01   4.218959772766551D+01   1.419163589454441D+01   2.799796183312109D+01
 5.3000E-01   2.145107216247328D+01   3.672431003048518D+01   1.006610972317026D+01   2.665820030731492D+01
 5.7000E-01   1.992752998601857D+01   3.461177508785138D+01   8.751126396839824D+00   2.586064869101156D+01
 6.5000E-01   1.757158658555837D+01   3.116179390075330D+01   6.871057653581873D+00   2.429073624717142D+01
 7.3000E-01   1.596727049956104D+01   2.858617282373235D+01   5.832094150245812D+00   2.275407867348654D+01
 8.5000E-01   1.420266958462282D+01   2.552977209964016D+01   4.946673907940399D+00   2.058309819169978D+01
 1.0000E+00   1.273308406985848D+01   2.269117282138344D+01   4.447186663705087D+00   1.824398615767835D+01
 1.1500E+00   1.152427434071610D+01   2.043249520081033D+01   3.978746966684951D+00   1.645374823412538D+01
 1.3000E+00   1.047731025919809D+01   1.859399752832547D+01   3.398496582822565D+00   1.519550094550290D+01
 1.3500E+00   1.011281393408727D+01   1.803321113978459D+01   3.190391627784877D+00   1.484281951199972D+01
 1.4000E+00   9.814354852681705D+00   1.751898715060284D+01   2.989474203653240D+00   1.452951294694960D+01
 1.5300E+00   8.995151529162051D+00   1.622815735918464D+01   2.475215118938767D+00   1.375294224024588D+01
 1.6500E+00   8.337077263690897D+00   1.518460405835495D+01   2.077337485393240D+00   1.310726657296171D+01
 1.8000E+00   7.582691033495472D+00   1.398368916703704D+01   1.659811546673615D+00   1.232387762036343D+01
 1.9000E+00   7.174401666825865D+00   1.330226327742446D+01   1.450789147599702D+00   1.185147412982476D+01
 2.0000E+00   6.739300255071479D+00   1.259813830314134D+01   1.247983204976757D+00   1.135015509816458D+01
 2.1500E+00   6.179076214136289D+00   1.163460393891112D+01   9.969560914000656D-01   1.063764784751105D+01
 2.2700E+00   5.780532015133135D+00   1.091670022168799D+01   8.345341896081672D-01   1.008216603207982D+01
 2.3500E+00   5.536838840809232D+00   1.048961510147956D+01   7.506474936341800D-01   9.738967607845375D+00
 2.5000E+00   5.107318333323824D+00   9.689147786252313D+00   6.315229827784933D-01   9.057624803473823D+00
 2.7500E+00   4.527097739163540D+00   8.537079244513311D+00   5.151072958819944D-01   8.021971948631320D+00
 2.9000E+00   4.205933627659482D+00   7.892184655010287D+00   4.614399423807642D-01   7.430744712629524D+00
 3.1000E+00   3.834706798505722D+00   7.134211684056043D+00   4.066046877192049D-01   6.727606996336837D+00
 3.3500E+00   3.420534819005323D+00   6.299162295816624D+00   3.485370608756518D-01   5.950625234940975D+00
 3.5000E+00   3.202966150026666D+00   5.857739301512214D+00   3.200333601899312D-01   5.537705941322282D+00
 3.7500E+00   2.862944705258516D+00   5.177045156872135D+00   2.792291386628928D-01   4.897816018209242D+00
 4.0000E+00   2.562473858622329D+00   4.575527477188779D+00   2.461010049785107D-01   4.329426472210270D+00
 4.5200E+00   2.054001220964587D+00   3.554866225320881D+00   1.974975717828294D-01   3.357368653538051D+00
 4.8000E+00   1.834715918741824D+00   3.118340216940848D+00   1.837137458490251D-01   2.934626471091823D+00
 5.0000E+00   1.695815432606777D+00   2.848105777202415D+00   1.773066861040496D-01   2.670799091098365D+00
 5.3000E+00   1.508216449740797D+00   2.487038886978800D+00   1.695875336523572D-01   2.317451353326442D+00
 5.6000E+00   1.339427601545248D+00   2.172921638155634D+00   1.593349441009639D-01   2.013586694054671D+00
 5.9000E+00   1.185658340995040D+00   1.895519352678490D+00   1.461642182024420D-01   1.749355134476049D+00
 6.7500E+00   8.277264027060215D-01   1.263811185167741D+00   1.236097556984145D-01   1.140201429469327D+00
 7.5500E+00   5.884822475501279D-01   8.279921925050268D-01   1.307677975871023D-01   6.972243949179244D-01
 8.2500E+00   1.116899275695155D+00   1.206006207522571D+00   8.478699712997193D-01   3.581362362228517D-01
 8.7000E+00   2.423826860031372D+00   2.471007208938839D+00   2.201559941394160D+00   2.694472675446785D-01
 9.0000E+00   3.613115002113114D+00   3.643662491549061D+00   3.403231130127937D+00   2.404313614211241D-01
 9.3000E+00   8.406058445464696D+00   8.482231885231158D+00   8.072695677185632D+00   4.095362080455304D-01
 9.7500E+00   9.298579933833768D+00   9.402176912254244D+00   8.874470408914794D+00   5.277065033394521D-01
 1.0000E+01   9.113675304716244D+00   9.225750071226532D+00   8.656598823193455D+00   5.691512480330797D-01
 1.0500E+01   7.494137281973186D+00   7.616441407284894D+00   7.014090340545488D+00   6.023510667394028D-01
 1.1000E+01   5.711259902811115D+00   5.837607852670923D+00   5.255055834458931D+00   5.825520182119902D-01
 1.1400E+01   4.424780607893249D+00   4.555320549588019D+00   3.997254955609299D+00   5.580655939787199D-01
 1.2000E+01   2.637646090586960D+00   2.772548179570679D+00   2.276948791248922D+00   4.955993883217560D-01
 1.2700E+01   1.590569583165441D+00   1.695504174167315D+00   1.330346403319438D+00   3.651577708478776D-01
 1.3500E+01   1.602556403731851D+00   1.659837475023093D+00   1.430903547864703D+00   2.289339271583904D-01
 1.5000E+01   2.298543756214428D+00   2.316729355761474D+00   2.204856536120177D+00   1.118728196412972D-01
 1.6500E+01   4.966692900708040D+00   4.984780363980937D+00   4.851765319636964D+00   1.330150443439698D-01
 1.8000E+01   5.370831498544614D+00   5.393343074057984D+00   5.215947404627698D+00   1.773956694302839D-01
 1.9000E+01   4.615929235788337D+00   4.637447170702190D+00   4.463873079764125D+00   1.735740909380643D-01
 2.0000E+01   3.966856196324441D+00   3.986447533951798D+00   3.825141245499038D+00   1.613062884527577D-01
 2.1000E+01   3.440656929970111D+00   3.458191883596498D+00   3.311756344757903D+00   1.464355388385949D-01
 2.3000E+01   2.747890892885358D+00   2.761608591578972D+00   2.641877798490975D+00   1.197307930879963D-01
 2.5000E+01   2.250010888135768D+00   2.260695966193593D+00   2.160957152846230D+00   9.973881334736281D-02
 2.6500E+01   1.913342099887195D+00   1.922347295030017D+00   1.835923430774057D+00   8.642386425595916D-02
 2.7500E+01   1.722249215779628D+00   1.730334052676349D+00   1.652010397626164D+00   7.832365505018353D-02
 2.9500E+01   1.385335199463517D+00   1.392021801847369D+00   1.327788628701876D+00   6.423317314549301D-02
 3.1500E+01   1.110832121473755D+00   1.116488920577724D+00   1.064848108352091D+00   5.164081222563276D-02
 3.3100E+01   9.584641101184008D-01   9.633049041771277D-01   9.202519519494556D-01   4.305295222767175D-02
 3.4500E+01   8.512006688839950D-01   8.553796199271756D-01   8.186601633362742D-01   3.671945659090099D-02
 3.6000E+01   7.572531806472214D-01   7.607759869946061D-01   7.297992398527057D-01   3.097674714189997D-02
 3.7000E+01   7.030798292717517D-01   7.062034104274209D-01   6.785068377457020D-01   2.769657268171884D-02
 3.8500E+01   6.303395630166786D-01   6.329307484334639D-01   6.094732608278004D-01   2.345748760566392D-02
 4.0000E+01   5.695209119104421D-01   5.716409345991553D-01   5.517657873201106D-01   1.987514727904434D-02
 4.2000E+01   5.108743152504009D-01   5.124624768121783D-01   4.964223617178689D-01   1.604011509430928D-02
 4.3350E+01   4.800328808743149D-01   4.813397939551849D-01   4.673551665936437D-01   1.398462736154108D-02
 4.5540E+01   4.365094427526977D-01   4.374751930012725D-01   4.261348831691039D-01   1.134030983216880D-02
 5.0000E+01   3.572222455484239D-01   3.577712808695047D-01   3.501129440596050D-01   7.658336809899613D-03
 6.0000E+01   2.338669407431038D-01   2.340450818582759D-01   2.304989646589160D-01   3.546117199359838D-03
 7.0000E+01   1.682760766776287D-01   1.683434699200617D-01   1.664879731606244D-01   1.855496759437341D-03
 8.5000E+01   1.136960299719193D-01   1.137162148814245D-01   1.128853209440476D-01   8.308939373768988D-04
 1.0000E+02   8.282399279153155D-02   8.283144047024880D-02   8.240430709116628D-02   4.271333790825242D-04
 1.0600E+02   7.407332429957388D-02   7.407854368227440D-02   7.374163319971302D-02   3.369104825613657D-04
 1.1000E+02   6.896024163368282D-02   6.896440714736801D-02   6.867458159540096D-02   2.898255519670533D-04
 1.1500E+02   6.327542943606820D-02   6.327860785219180D-02   6.303663956588022D-02   2.419682863115709D-04
 1.2000E+02   5.826969550127479D-02   5.827214934120695D-02   5.806854040951720D-02   2.036089316897724D-04
 1.2700E+02   5.222445686983017D-02   5.222619561738983D-02   5.206437719579868D-02   1.618184215911431D-04
 1.3300E+02   4.778849213642106D-02   4.778980594565230D-02   4.765556554347114D-02   1.342404021811573D-04
 1.4100E+02   4.274945390530671D-02   4.275037566217540D-02   4.264437886726213D-02   1.059967949132776D-04
 1.4500E+02   4.054776096554114D-02   4.054853890631210D-02   4.045387254984001D-02   9.466635647207940D-05
 1.5000E+02   3.804778983856300D-02   3.804842327545652D-02   3.796587207652569D-02   8.255119893082859D-05
 1.5500E+02   3.579457080034571D-02   3.579509012557835D-02   3.572277394385293D-02   7.231618172541579D-05
 2.0000E+02   2.254176480363747D-02   2.254187633601550D-02   2.251595614877923D-02   2.592018723626317D-05
 2.5000E+02   1.472912742609663D-02   1.472915657081181D-02   1.471857598865384D-02   1.058058215796565D-05
 3.5000E+02   7.970361973040104D-03   7.970365813376835D-03   7.967627034752270D-03   2.738778624563046D-06
 4.5000E+02   5.364898277247804D-03   5.364899124348244D-03   5.363899708125819D-03   9.994162224241112D-07
 5.0000E+02   4.645691646638070D-03   4.645692096794268D-03   4.645036598155112D-03   6.554986391557980D-07
 6.0000E+02   3.477807229857573D-03   3.477807380753551D-03   3.477491280020182D-03   3.161007333697938D-07
 8.0000E+02   2.247556594352357D-03   2.247556621188286D-03   2.247456730990102D-03   9.989019818383374D-08
 1.0000E+03   1.615023582561561D-03   1.615023589596536D-03   1.614982705065440D-03   4.088453109548118D-08
 1.3000E+03   1.099806748209463D-03   1.099806749666376D-03   1.099792450669942D-03   1.429899643403100D-08
 1.5000E+03   8.924952500737926D-04   8.924952506909273D-04   8.924871885742396D-04   8.062116687790965D-09
 2.0000E+03   5.858635463578618D-04   5.858635464674259D-04   5.858609988911834D-04   2.547576242666721D-09
 2.6000E+03   3.987895499055889D-04   3.987895499281495D-04   3.987886590382371D-04   8.908899123866569D-10
 3.0000E+03   3.236385997358421D-04   3.236385997453404D-04   3.236380974687029D-04   5.022766375580476D-10
 5.7000E+03   1.265994832348477D-04   1.265994832350217D-04   1.265994448179698D-04   3.841705201491837D-11
 9.6000E+03   5.682080588497349D-05   5.682080588497528D-05   5.682080112925933D-05   4.755715963873242D-12
 3.0000E+04   8.932351023217734D-06   8.932351023217734D-06   8.932350974446939D-06   4.877079412762894D-14
 1.0000E+05   1.127552845574815D-06   1.127552845574815D-06   1.127552845181596D-06   3.932190852821909D-16
