# E_gamma(MeV)   IFA_secondary_masked(MeV^-1 s^-1)
5.145440e-01 4.796272e+14
5.413360e-01 1.717046e+15
5.695230e-01 4.177428e+15
5.991770e-01 8.004692e+15
6.303750e-01 1.304897e+16
6.631980e-01 1.880657e+16
6.977300e-01 2.449047e+16
7.340600e-01 2.940520e+16
7.722810e-01 3.312248e+16
8.124930e-01 3.548987e+16
8.547980e-01 3.655172e+16
8.993070e-01 3.649706e+16
9.461320e-01 3.554732e+16
9.953960e-01 3.404728e+16
1.047230e+00 3.202788e+16
1.101750e+00 2.976903e+16
1.159120e+00 2.740313e+16
1.219470e+00 2.502998e+16
1.282970e+00 2.261096e+16
1.349770e+00 2.038232e+16
1.420050e+00 1.828347e+16
1.493990e+00 1.632553e+16
1.571780e+00 1.449485e+16
1.653620e+00 1.282425e+16
1.739730e+00 1.130998e+16
1.830310e+00 9.938773e+15
1.925610e+00 8.698739e+15
2.025880e+00 7.606629e+15
2.131360e+00 6.624281e+15
2.242340e+00 5.750986e+15
2.359100e+00 4.972864e+15
2.481930e+00 4.286329e+15
2.611160e+00 3.682116e+15
2.747120e+00 3.153622e+15
2.890160e+00 2.666252e+15
3.040650e+00 2.256920e+15
3.198970e+00 1.906819e+15
3.365530e+00 1.604898e+15
3.540770e+00 1.344995e+15
3.725140e+00 1.142072e+15
3.919100e+00 9.597525e+14
4.123160e+00 7.997291e+14
4.337850e+00 6.669525e+14
4.563720e+00 5.354062e+14
4.801340e+00 4.220722e+14
5.051340e+00 3.308674e+14
5.314360e+00 2.586172e+14
5.591070e+00 1.982400e+14
5.882190e+00 1.695028e+14
6.188470e+00 1.504826e+14
6.510690e+00 1.311260e+14
6.849700e+00 1.108898e+14
7.206350e+00 8.877652e+13
7.581580e+00 6.725519e+13
7.976340e+00 4.915339e+13
8.391660e+00 3.471614e+13
8.828600e+00 2.441059e+13
9.288290e+00 1.918100e+13
9.771920e+00 1.652893e+13
1.028070e+01 1.360142e+13
1.081600e+01 1.041468e+13
1.137920e+01 7.672284e+12
1.197170e+01 5.408325e+12
1.259510e+01 3.687569e+12
1.325090e+01 2.647865e+12
1.394080e+01 2.258565e+12
1.466670e+01 1.826581e+12
1.543040e+01 1.444549e+12
1.623380e+01 1.115722e+12
1.707910e+01 8.467664e+11
1.796840e+01 6.525540e+11
1.890400e+01 5.355723e+11
1.988830e+01 4.298815e+11
2.092380e+01 3.357893e+11
2.201330e+01 2.538054e+11
2.315950e+01 1.835465e+11
2.436540e+01 1.424971e+11
2.563410e+01 1.056494e+11
2.696880e+01 7.280707e+10
2.837300e+01 4.548383e+10
2.985040e+01 3.309328e+10
3.140470e+01 2.223552e+10
3.303990e+01 1.286817e+10
3.476020e+01 6.878763e+09
3.657010e+01 4.582723e+09
3.847430e+01 2.608488e+09
4.047760e+01 1.240505e+09
4.258520e+01 7.941731e+08
4.480250e+01 4.377613e+08
4.713530e+01 2.187431e+08
4.958960e+01 1.346591e+08
5.217170e+01 6.960566e+07
5.488820e+01 4.170036e+07
5.774620e+01 2.037561e+07
6.075290e+01 1.026927e+07
6.391620e+01 3.543158e+06
6.724430e+01 7.215799e+05
7.074560e+01 4.227331e+05
7.442920e+01 1.858645e+05
7.830470e+01 6.883092e+04
8.238190e+01 2.926123e+04
8.667140e+01 1.639802e+04
9.118430e+01 1.027296e+04
9.593210e+01 5.715769e+03
1.009270e+02 2.653926e+03
1.061820e+02 8.937903e+02
1.117110e+02 1.803148e+02
1.175280e+02 3.114559e+01
1.236470e+02 1.293901e+01
1.300850e+02 2.940343e+00
1.368590e+02 5.184492e-01
1.439850e+02 1.097986e-01
1.514820e+02 4.752251e-02
1.593690e+02 1.069773e-02
1.676680e+02 4.244188e-03
1.763980e+02 9.429882e-04
1.855830e+02 3.713789e-04
1.952460e+02 6.825291e-05
2.054120e+02 2.987074e-05
2.161070e+02 6.799825e-06
2.273600e+02 2.930840e-06
2.391980e+02 6.008485e-07
2.516530e+02 0.000000e+00
2.647560e+02 0.000000e+00
2.785410e+02 0.000000e+00
2.930450e+02 0.000000e+00
3.083030e+02 0.000000e+00
3.243560e+02 0.000000e+00
3.412450e+02 0.000000e+00
3.590130e+02 0.000000e+00
3.777060e+02 0.000000e+00
3.973730e+02 0.000000e+00
4.180640e+02 0.000000e+00
4.398320e+02 0.000000e+00
4.627330e+02 0.000000e+00
4.868270e+02 0.000000e+00
5.121760e+02 0.000000e+00
5.388440e+02 0.000000e+00
5.669010e+02 0.000000e+00
5.964180e+02 0.000000e+00
6.274730e+02 0.000000e+00
6.601450e+02 0.000000e+00
6.945180e+02 0.000000e+00
7.306800e+02 0.000000e+00
7.687260e+02 0.000000e+00
8.087520e+02 0.000000e+00
8.508630e+02 0.000000e+00
8.951660e+02 0.000000e+00
9.417770e+02 0.000000e+00
9.908140e+02 0.000000e+00
1.042400e+03 0.000000e+00
1.096680e+03 0.000000e+00
1.153780e+03 0.000000e+00
1.213860e+03 0.000000e+00
1.277060e+03 0.000000e+00
1.343560e+03 0.000000e+00
1.413520e+03 0.000000e+00
1.487120e+03 0.000000e+00
1.564550e+03 0.000000e+00
1.646010e+03 0.000000e+00
1.731720e+03 0.000000e+00
1.821890e+03 0.000000e+00
1.916750e+03 0.000000e+00
2.016550e+03 0.000000e+00
2.121550e+03 0.000000e+00
2.232020e+03 0.000000e+00
2.348230e+03 0.000000e+00
2.470500e+03 0.000000e+00
2.599140e+03 0.000000e+00
2.734470e+03 0.000000e+00
