# # E_gamma (MeV)  Final State Radiation (MeV^-1 s^-1)
5.145440e-01 1.089136e+10
5.413360e-01 8.050094e+09
5.695230e-01 7.253062e+09
5.991770e-01 6.442519e+09
6.303750e-01 5.740521e+09
6.631980e-01 4.157981e+09
6.977300e-01 3.716963e+09
7.340600e-01 3.242747e+09
7.722810e-01 2.519641e+09
8.124930e-01 2.219982e+09
8.547980e-01 1.609063e+09
8.993070e-01 1.403731e+09
9.461320e-01 9.618146e+08
9.953960e-01 6.149375e+08
1.047230e+00 5.298883e+08
1.101750e+00 2.577250e+08
1.159120e+00 1.542432e+08
1.219470e+00 1.331164e+08
1.282970e+00 8.571334e+07
1.349770e+00 3.429336e+07
1.420050e+00 2.097066e+07
1.493990e+00 1.791061e+07
1.571780e+00 6.723928e+06
1.653620e+00 4.918981e+06
1.739730e+00 1.434387e+06
1.830310e+00 1.238345e+06
1.925610e+00 8.117569e+05
2.025880e+00 3.399391e+05
2.131360e+00 1.996204e+05
2.242340e+00 1.636400e+05
2.359100e+00 1.400025e+05
2.481930e+00 8.287658e+04
2.611160e+00 4.064675e+04
2.747120e+00 1.078278e+04
2.890160e+00 1.527392e+03
3.040650e+00 7.295735e+02
3.198970e+00 6.082619e+02
3.365530e+00 2.350892e+02
3.540770e+00 4.167787e+01
3.725140e+00 1.072153e+01
3.919100e+00 5.546191e+00
4.123160e+00 9.026181e-01
4.337850e+00 1.236715e-01
4.563720e+00 1.548499e-02
4.801340e+00 1.243538e-02
5.051340e+00 1.624431e-03
5.314360e+00 6.581101e-04
5.591070e+00 2.011693e-04
5.882190e+00 4.589697e-06
6.188470e+00 1.188643e-06
6.510690e+00 3.628737e-08
6.849700e+00 1.890288e-09
7.206350e+00 1.044308e-10
7.581580e+00 1.364661e-11
7.976340e+00 8.275302e-12
8.391660e+00 5.392588e-13
8.828600e+00 2.670313e-13
9.288290e+00 1.285962e-14
9.771920e+00 1.519662e-16
1.028070e+01 1.161929e-16
1.081600e+01 3.181380e-18
1.137920e+01 4.874252e-21
1.197170e+01 1.261545e-22
1.259510e+01 5.749161e-23
1.325090e+01 2.361374e-25
1.394080e+01 1.115711e-28
1.466670e+01 5.903129e-29
1.543040e+01 2.241268e-34
1.623380e+01 4.524779e-36
1.707910e+01 2.552996e-38
1.796840e+01 1.203322e-40
1.890400e+01 6.478172e-41
1.988830e+01 3.559981e-44
2.092380e+01 4.743151e-47
2.201330e+01 2.511258e-52
2.315950e+01 2.012912e-56
2.436540e+01 3.344038e-57
2.563410e+01 4.034481e-60
2.696880e+01 2.862302e-68
2.837300e+01 4.677792e-72
2.985040e+01 1.790999e-76
3.140470e+01 1.824866e-81
3.303990e+01 7.608152e-82
3.476020e+01 2.535589e-91
3.657010e+01 6.462321e-97
3.847430e+01 3.213314e-102
4.047760e+01 1.874639e-102
4.258520e+01 2.257214e-108
4.480250e+01 4.875254e-115
4.713530e+01 1.061640e-128
4.958960e+01 6.791269e-136
5.217170e+01 2.602277e-143
5.488820e+01 6.567646e-144
5.774620e+01 1.210812e-151
6.075290e+01 1.923261e-169
6.391620e+01 4.190388e-174
6.724430e+01 5.214973e-179
7.074560e+01 3.627936e-199
7.442920e+01 2.046351e-210
7.830470e+01 5.870818e-222
8.238190e+01 4.215685e-234
8.667140e+01 4.278753e-240
9.118430e+01 2.115431e-246
9.593210e+01 1.091407e-259
1.009270e+02 1.611709e-274
1.061820e+02 2.571090e-304
1.117110e+02 1.053046e-304
1.175280e+02 0.000000e+00
