# # E_gamma (MeV)  Final State Radiation (MeV^-1 s^-1)
5.145440e-01 1.037793e+15
5.413360e-01 8.207593e+14
5.695230e-01 7.330640e+14
5.991770e-01 5.724357e+14
6.303750e-01 5.094522e+14
6.631980e-01 3.924365e+14
6.977300e-01 3.476614e+14
7.340600e-01 2.638497e+14
7.722810e-01 1.959777e+14
8.124930e-01 1.730337e+14
8.547980e-01 1.251194e+14
8.993070e-01 1.096407e+14
9.461320e-01 7.669429e+13
9.953960e-01 5.145480e+13
1.047230e+00 4.482595e+13
1.101750e+00 2.893343e+13
1.159120e+00 1.805188e+13
1.219470e+00 1.563469e+13
1.282970e+00 9.512427e+12
1.349770e+00 5.676005e+12
1.420050e+00 3.342317e+12
1.493990e+00 2.884129e+12
1.571780e+00 1.654259e+12
1.653620e+00 9.097913e+11
1.739730e+00 4.695860e+11
1.830310e+00 4.008917e+11
1.925610e+00 1.948600e+11
2.025880e+00 9.211444e+10
2.131360e+00 4.210286e+10
2.242340e+00 1.877750e+10
2.359100e+00 1.587837e+10
2.481930e+00 6.768637e+09
2.611160e+00 2.609961e+09
2.747120e+00 9.594363e+08
2.890160e+00 3.415169e+08
3.040650e+00 1.147928e+08
3.198970e+00 9.539022e+07
3.365530e+00 3.041526e+07
3.540770e+00 8.604177e+06
3.725140e+00 2.347482e+06
3.919100e+00 6.270710e+05
4.123160e+00 1.396188e+05
4.337850e+00 3.097930e+04
4.563720e+00 6.320720e+03
4.801340e+00 5.086612e+03
5.051340e+00 8.491051e+02
5.314360e+00 1.564814e+02
5.591070e+00 2.283353e+01
5.882190e+00 2.930607e+00
6.188470e+00 4.005799e-01
6.510690e+00 3.846002e-02
6.849700e+00 4.080222e-03
7.206350e+00 3.408679e-04
7.581580e+00 2.103478e-05
7.976340e+00 1.737337e-06
8.391660e+00 8.641393e-08
8.828600e+00 4.399769e-09
9.288290e+00 2.014433e-10
9.771920e+00 6.816279e-12
1.028070e+01 5.212688e-12
1.081600e+01 1.490509e-13
1.137920e+01 4.173595e-15
1.197170e+01 9.362699e-17
1.259510e+01 1.437609e-18
1.325090e+01 2.037127e-20
1.394080e+01 2.542311e-22
1.466670e+01 1.981877e-24
1.543040e+01 1.412036e-26
1.623380e+01 8.051433e-29
1.707910e+01 2.830832e-31
1.796840e+01 9.923514e-34
1.890400e+01 1.933480e-36
1.988830e+01 3.504777e-39
2.092380e+01 3.648796e-42
2.201330e+01 3.312490e-45
2.315950e+01 1.621361e-48
2.436540e+01 7.118593e-52
2.563410e+01 1.567105e-55
2.696880e+01 2.643434e-59
2.837300e+01 2.968710e-63
2.985040e+01 1.686254e-67
3.140470e+01 6.315046e-72
3.303990e+01 1.563451e-76
3.476020e+01 2.131701e-81
3.657010e+01 1.511606e-86
3.847430e+01 5.677087e-92
4.047760e+01 1.129601e-97
4.258520e+01 1.161170e-103
4.480250e+01 5.941497e-110
4.713530e+01 1.423571e-116
4.958960e+01 1.440451e-123
5.217170e+01 5.903144e-131
5.488820e+01 1.169169e-138
5.774620e+01 9.449476e-147
6.075290e+01 2.308573e-155
6.391620e+01 2.693334e-164
6.724430e+01 8.244511e-174
7.074560e+01 8.996514e-184
7.442920e+01 3.310833e-194
7.830470e+01 3.202088e-205
8.238190e+01 8.041830e-217
8.667140e+01 5.053902e-229
9.118430e+01 6.976419e-242
9.593210e+01 1.950115e-255
1.009270e+02 1.369825e-269
1.061820e+02 1.354093e-284
1.117110e+02 2.883211e-300
1.175280e+02 0.000000e+00
