# E_gamma(MeV)   IFA_primary_masked(MeV^-1 s^-1)
5.145440e-01 1.339884e+19
5.413360e-01 2.023415e+19
5.695230e-01 2.759578e+19
5.991770e-01 3.250077e+19
6.303750e-01 3.560533e+19
6.631980e-01 3.739793e+19
6.977300e-01 3.824609e+19
7.340600e-01 3.841425e+19
7.722810e-01 3.809233e+19
8.124930e-01 3.741887e+19
8.547980e-01 3.649609e+19
8.993070e-01 3.540012e+19
9.461320e-01 3.418805e+19
9.953960e-01 3.290291e+19
1.047230e+00 3.157711e+19
1.101750e+00 3.023511e+19
1.159120e+00 2.889525e+19
1.219470e+00 2.757146e+19
1.282970e+00 2.627380e+19
1.349770e+00 2.500976e+19
1.420050e+00 2.378457e+19
1.493990e+00 2.260190e+19
1.571780e+00 2.146385e+19
1.653620e+00 2.037176e+19
1.739730e+00 1.932611e+19
1.830310e+00 1.832678e+19
1.925610e+00 1.737324e+19
2.025880e+00 1.646458e+19
2.131360e+00 1.559963e+19
2.242340e+00 1.477706e+19
2.359100e+00 1.399541e+19
2.481930e+00 1.325311e+19
2.611160e+00 1.254856e+19
2.747120e+00 1.188015e+19
2.890160e+00 1.124623e+19
3.040650e+00 1.064520e+19
3.198970e+00 1.007548e+19
3.365530e+00 9.535504e+18
3.540770e+00 9.023790e+18
3.725140e+00 8.538878e+18
3.919100e+00 8.079356e+18
4.123160e+00 7.643888e+18
4.337850e+00 7.231195e+18
4.563720e+00 6.840029e+18
4.801340e+00 6.469212e+18
5.051340e+00 6.117620e+18
5.314360e+00 5.784073e+18
5.591070e+00 5.467770e+18
5.882190e+00 5.167636e+18
6.188470e+00 4.882748e+18
6.510690e+00 4.612237e+18
6.849700e+00 4.355383e+18
7.206350e+00 4.111177e+18
7.581580e+00 3.878984e+18
7.976340e+00 3.658151e+18
8.391660e+00 3.447905e+18
8.828600e+00 3.247669e+18
9.288290e+00 3.056834e+18
9.771920e+00 2.874837e+18
1.028070e+01 2.701084e+18
1.081600e+01 2.535173e+18
1.137920e+01 2.376522e+18
1.197170e+01 2.224771e+18
1.259510e+01 2.079453e+18
1.325090e+01 1.940170e+18
1.394080e+01 1.806543e+18
1.466670e+01 1.678275e+18
1.543040e+01 1.554971e+18
1.623380e+01 1.436388e+18
1.707910e+01 1.322286e+18
1.796840e+01 1.212460e+18
1.890400e+01 1.106744e+18
1.988830e+01 1.005028e+18
2.092380e+01 9.072625e+17
2.201330e+01 8.134607e+17
2.315950e+01 7.237284e+17
2.436540e+01 6.382575e+17
2.563410e+01 5.573155e+17
2.696880e+01 4.812592e+17
2.837300e+01 4.105007e+17
2.985040e+01 3.454711e+17
3.140470e+01 2.865814e+17
3.303990e+01 2.341416e+17
3.476020e+01 1.883230e+17
3.657010e+01 1.491061e+17
3.847430e+01 1.162510e+17
4.047760e+01 8.932215e+16
4.258520e+01 6.772298e+16
4.480250e+01 5.072912e+16
4.713530e+01 3.761015e+16
4.958960e+01 2.763066e+16
5.217170e+01 2.011658e+16
5.488820e+01 1.450422e+16
5.774620e+01 1.034128e+16
6.075290e+01 7.251379e+15
6.391620e+01 4.977477e+15
6.724430e+01 3.329524e+15
7.074560e+01 2.159620e+15
7.442920e+01 1.366823e+15
7.830470e+01 8.295623e+14
8.238190e+01 4.977855e+14
8.667140e+01 2.890788e+14
9.118430e+01 1.670041e+14
9.593210e+01 8.395819e+13
1.009270e+02 4.946130e+13
1.061820e+02 2.293942e+13
1.117110e+02 1.300835e+13
1.175280e+02 5.513151e+12
1.236470e+02 2.921767e+12
1.300850e+02 1.164692e+12
1.368590e+02 4.806882e+11
1.439850e+02 2.174634e+11
1.514820e+02 8.032878e+10
1.593690e+02 3.232031e+10
1.676680e+02 1.118972e+10
1.763980e+02 3.995490e+09
1.855830e+02 1.364399e+09
1.952460e+02 4.154391e+08
2.054120e+02 1.160353e+08
2.161070e+02 3.096607e+07
2.273600e+02 7.441451e+06
2.391980e+02 1.700279e+06
2.516530e+02 3.680465e+05
2.647560e+02 6.673613e+04
2.785410e+02 7.929341e+03
2.930450e+02 1.634533e+03
3.083030e+02 2.539193e+02
3.243560e+02 3.331962e+01
3.412450e+02 6.663158e+00
3.590130e+02 9.654058e-01
3.777060e+02 3.586494e-01
3.973730e+02 5.327188e-02
4.180640e+02 0.000000e+00
4.398320e+02 0.000000e+00
4.627330e+02 0.000000e+00
4.868270e+02 0.000000e+00
5.121760e+02 0.000000e+00
5.388440e+02 0.000000e+00
5.669010e+02 0.000000e+00
5.964180e+02 0.000000e+00
6.274730e+02 0.000000e+00
6.601450e+02 0.000000e+00
6.945180e+02 0.000000e+00
7.306800e+02 0.000000e+00
7.687260e+02 0.000000e+00
8.087520e+02 0.000000e+00
8.508630e+02 0.000000e+00
8.951660e+02 0.000000e+00
9.417770e+02 0.000000e+00
9.908140e+02 0.000000e+00
1.042400e+03 0.000000e+00
1.096680e+03 0.000000e+00
1.153780e+03 0.000000e+00
1.213860e+03 0.000000e+00
1.277060e+03 0.000000e+00
1.343560e+03 0.000000e+00
1.413520e+03 0.000000e+00
1.487120e+03 0.000000e+00
1.564550e+03 0.000000e+00
1.646010e+03 0.000000e+00
1.731720e+03 0.000000e+00
1.821890e+03 0.000000e+00
1.916750e+03 0.000000e+00
2.016550e+03 0.000000e+00
2.121550e+03 0.000000e+00
2.232020e+03 0.000000e+00
2.348230e+03 0.000000e+00
2.470500e+03 0.000000e+00
2.599140e+03 0.000000e+00
2.734470e+03 0.000000e+00
2.876850e+03 0.000000e+00
3.026650e+03 0.000000e+00
3.184240e+03 0.000000e+00
3.350040e+03 0.000000e+00
3.524470e+03 0.000000e+00
3.707990e+03 0.000000e+00
3.901060e+03 0.000000e+00
4.104180e+03 0.000000e+00
4.317880e+03 0.000000e+00
4.542710e+03 0.000000e+00
4.779240e+03 0.000000e+00
5.028090e+03 0.000000e+00
5.289890e+03 0.000000e+00
5.565330e+03 0.000000e+00
