# E_gamma(MeV)   IFA_secondary_masked(MeV^-1 s^-1)
5.145440e-01 2.085162e-91
5.413360e-01 2.122971e-91
5.695230e-01 2.131188e-91
5.991770e-01 6.651784e-92
6.303750e-01 1.385362e-92
6.631980e-01 4.903360e-93
6.977300e-01 1.125976e-93
7.340600e-01 3.046856e-94
7.722810e-01 8.620477e-95
8.124930e-01 1.399386e-95
8.547980e-01 4.057282e-96
8.993070e-01 5.821483e-97
9.461320e-01 2.303172e-97
9.953960e-01 1.570588e-97
1.047230e+00 8.304631e-98
1.101750e+00 3.703093e-98
1.159120e+00 1.940171e-98
1.219470e+00 8.660093e-99
1.282970e+00 4.575395e-99
1.349770e+00 2.143841e-99
1.420050e+00 8.978500e-100
1.493990e+00 2.472101e-100
1.571780e+00 1.876213e-102
1.653620e+00 0.000000e+00
