 PREM NO OCEAN MODEL: (    0.0000    0.000) anisotropic case
   1    1.00000  1
   185  33  66
       0 12434.07  9572.87  3117.63   1327.7     84.6 11262.20  3667.80  1.00000
   38172 12433.77  9572.67  3117.49   1327.7     84.6 11261.97  3667.64  1.00000
   76344 12432.87  9572.10  3117.09   1327.7     84.6 11261.29  3667.16  1.00000
  114516 12431.36  9571.12  3116.41   1327.7     84.6 11260.14  3666.36  1.00000
  152688 12429.25  9569.76  3115.46   1327.7     84.6 11258.54  3665.25  1.00000
  190859 12426.54  9568.02  3114.24   1327.7     84.6 11256.49  3663.81  1.00000
  229031 12423.23  9565.88  3112.74   1327.7     84.6 11253.98  3662.05  1.00000
  267203 12419.30  9563.36  3110.98   1327.7     84.6 11251.01  3659.98  1.00000
  305375 12414.78  9560.44  3108.94   1327.7     84.6 11247.58  3657.58  1.00000
  343547 12409.66  9557.15  3106.64   1327.7     84.6 11243.70  3654.87  1.00000
  381719 12403.93  9553.45  3104.06   1327.7     84.6 11239.35  3651.83  1.00000
  419891 12397.60  9549.38  3101.21   1327.7     84.6 11234.56  3648.48  1.00000
  458062 12390.67  9544.90  3098.09   1327.7     84.6 11229.30  3644.81  1.00000
  496234 12383.14  9540.05  3094.70   1327.7     84.6 11223.59  3640.82  1.00000
  534406 12374.99  9534.81  3091.03   1327.7     84.6 11217.42  3636.51  1.00000
  572578 12366.25  9529.18  3087.10   1327.7     84.6 11210.80  3631.88  1.00000
  610750 12356.92  9523.16  3082.89   1327.7     84.6 11203.72  3626.93  1.00000
  648922 12346.97  9516.75  3078.41   1327.7     84.6 11196.18  3621.66  1.00000
  687094 12336.42  9509.95  3073.66   1327.7     84.6 11188.18  3616.07  1.00000
  725266 12325.27  9502.77  3068.64   1327.7     84.6 11179.73  3610.16  1.00000
  763438 12313.51  9495.20  3063.35   1327.7     84.6 11170.82  3603.94  1.00000
  801609 12301.15  9487.23  3057.78   1327.7     84.6 11161.45  3597.39  1.00000
  839781 12288.19  9478.89  3051.95   1327.7     84.6 11151.63  3590.53  1.00000
  877953 12274.63  9470.15  3045.84   1327.7     84.6 11141.35  3583.34  1.00000
  916125 12260.46  9461.02  3039.46   1327.7     84.6 11130.61  3575.84  1.00000
  954297 12245.70  9451.51  3032.81   1327.7     84.6 11119.42  3568.01  1.00000
  992469 12230.32  9441.60  3025.89   1327.7     84.6 11107.76  3559.87  1.00000
 1030641 12214.35  9431.31  3018.70   1327.7     84.6 11095.66  3551.41  1.00000
 1068812 12197.77  9420.63  3011.24   1327.7     84.6 11083.09  3542.63  1.00000
 1106984 12180.59  9409.56  3003.50   1327.7     84.6 11070.07  3533.53  1.00000
 1145156 12162.81  9398.10  2995.49   1327.7     84.6 11056.59  3524.11  1.00000
 1183328 12144.42  9386.25  2987.21   1327.7     84.6 11042.65  3514.37  1.00000
 1221500 12125.43  9374.02  2978.66   1327.7     84.6 11028.26  3504.31  1.00000
 1221500 11558.01  8802.36     0.00  57823.0      0.0 10355.72     0.00  1.00000
 1292078 11522.80  8767.27     0.00  57823.0      0.0 10314.43     0.00  1.00000
 1362656 11485.95  8731.45     0.00  57823.0      0.0 10272.30     0.00  1.00000
 1433234 11447.41  8694.83     0.00  57823.0      0.0 10229.21     0.00  1.00000
 1503812 11407.16  8657.29     0.00  57823.0      0.0 10185.05     0.00  1.00000
 1574391 11365.15  8618.75     0.00  57823.0      0.0 10139.71     0.00  1.00000
 1644969 11321.34  8579.12     0.00  57823.0      0.0 10093.08     0.00  1.00000
 1715547 11275.68  8538.29     0.00  57823.0      0.0 10045.05     0.00  1.00000
 1786125 11228.13  8496.18     0.00  57823.0      0.0  9995.51     0.00  1.00000
 1856703 11178.64  8452.69     0.00  57823.0      0.0  9944.34     0.00  1.00000
 1927281 11127.18  8407.72     0.00  57823.0      0.0  9891.43     0.00  1.00000
 1997859 11073.69  8361.19     0.00  57823.0      0.0  9836.69     0.00  1.00000
 2068438 11018.15  8312.98     0.00  57823.0      0.0  9779.98     0.00  1.00000
 2139016 10960.50  8263.04     0.00  57823.0      0.0  9721.22     0.00  1.00000
 2209594 10900.70  8211.23     0.00  57823.0      0.0  9660.27     0.00  1.00000
 2280172 10838.71  8157.48     0.00  57823.0      0.0  9597.04     0.00  1.00000
 2350750 10774.49  8101.70     0.00  57823.0      0.0  9531.41     0.00  1.00000
 2421328 10708.00  8043.78     0.00  57823.0      0.0  9463.27     0.00  1.00000
 2491906 10639.18  7983.62     0.00  57823.0      0.0  9392.50     0.00  1.00000
 2562484 10568.00  7921.16     0.00  57823.0      0.0  9319.01     0.00  1.00000
 2633062 10494.42  7856.28     0.00  57823.0      0.0  9242.68     0.00  1.00000
 2703641 10418.39  7788.89     0.00  57823.0      0.0  9163.40     0.00  1.00000
 2774219 10339.87  7718.89     0.00  57823.0      0.0  9081.05     0.00  1.00000
 2844797 10258.81  7646.20     0.00  57823.0      0.0  8995.53     0.00  1.00000
 2915375 10175.18  7570.72     0.00  57823.0      0.0  8906.73     0.00  1.00000
 2985953 10088.93  7492.35     0.00  57823.0      0.0  8814.53     0.00  1.00000
 3056531 10000.02  7411.01     0.00  57823.0      0.0  8718.83     0.00  1.00000
 3127109  9908.41  7326.58     0.00  57823.0      0.0  8619.51     0.00  1.00000
 3197688  9814.05  7238.99     0.00  57823.0      0.0  8516.46     0.00  1.00000
 3268266  9716.89  7148.14     0.00  57823.0      0.0  8409.58     0.00  1.00000
 3338844  9616.91  7053.93     0.00  57823.0      0.0  8298.74     0.00  1.00000
 3409422  9514.05  6956.27     0.00  57823.0      0.0  8183.85     0.00  1.00000
 3480000  9408.27  6855.07     0.00  57823.0      0.0  8064.79     0.00  1.00000
 3480000  5288.14 11659.13  6174.95  57823.0    312.0 13716.62  7264.65  1.00000
 3517500  5270.29 11651.33  6175.28  57823.0    312.0 13707.45  7265.03  1.00000
 3555000  5252.46 11643.61  6175.56  57823.0    312.0 13698.36  7265.37  1.00000
 3592500  5234.67 11635.96  6175.84  57823.0    312.0 13689.36  7265.69  1.00000
 3630000  5216.91 11628.37  6176.07  57823.0    312.0 13680.44  7265.97  1.00000
 3630000  5216.91 11628.36  6176.04  57823.0    312.0 13680.42  7265.93  1.00000
 3666482  5199.63 11590.81  6161.85  57823.0    312.0 13636.25  7249.23  1.00000
 3702963  5182.37 11553.57  6147.74  57823.0    312.0 13592.44  7232.63  1.00000
 3739444  5165.12 11516.62  6133.70  57823.0    312.0 13548.96  7216.12  1.00000
 3775926  5147.88 11479.91  6119.73  57823.0    312.0 13505.78  7199.68  1.00000
 3812407  5130.64 11443.44  6105.81  57823.0    312.0 13462.87  7183.30  1.00000
 3848889  5113.39 11407.16  6091.93  57823.0    312.0 13420.19  7166.98  1.00000
 3885370  5096.15 11371.07  6078.09  57823.0    312.0 13377.73  7150.70  1.00000
 3921852  5078.90 11335.13  6064.27  57823.0    312.0 13335.45  7134.44  1.00000
 3958333  5061.64 11299.32  6050.48  57823.0    312.0 13293.32  7118.21  1.00000
 3994815  5044.36 11263.60  6036.70  57823.0    312.0 13251.30  7102.00  1.00000
 4031296  5027.07 11227.97  6022.91  57823.0    312.0 13209.38  7085.78  1.00000
 4067778  5009.76 11192.38  6009.12  57823.0    312.0 13167.51  7069.55  1.00000
 4104259  4992.42 11156.83  5995.31  57823.0    312.0 13125.68  7053.30  1.00000
 4140741  4975.06 11121.26  5981.47  57823.0    312.0 13083.84  7037.02  1.00000
 4177222  4957.67 11085.68  5967.59  57823.0    312.0 13041.98  7020.70  1.00000
 4213704  4940.25 11050.04  5953.67  57823.0    312.0 13000.05  7004.32  1.00000
 4250185  4922.79 11014.33  5939.71  57823.0    312.0 12958.04  6987.89  1.00000
 4286667  4905.29 10978.51  5925.67  57823.0    312.0 12915.90  6971.38  1.00000
 4323148  4887.75 10942.57  5911.57  57823.0    312.0 12873.61  6954.79  1.00000
 4359630  4870.16 10906.48  5897.39  57823.0    312.0 12831.15  6938.10  1.00000
 4396111  4852.52 10870.20  5883.11  57823.0    312.0 12788.47  6921.31  1.00000
 4432593  4834.83 10833.72  5868.75  57823.0    312.0 12745.55  6904.41  1.00000
 4469074  4817.08 10797.01  5854.27  57823.0    312.0 12702.36  6887.38  1.00000
 4505556  4799.28 10760.04  5839.68  57823.0    312.0 12658.87  6870.21  1.00000
 4542037  4781.41 10722.79  5824.96  57823.0    312.0 12615.05  6852.90  1.00000
 4578518  4763.47 10685.24  5810.12  57823.0    312.0 12570.87  6835.43  1.00000
 4615000  4745.46 10647.35  5795.13  57823.0    312.0 12526.30  6817.80  1.00000
 4651482  4727.38 10609.11  5779.99  57823.0    312.0 12481.31  6799.99  1.00000
 4687963  4709.23 10570.49  5764.69  57823.0    312.0 12435.87  6781.99  1.00000
 4724444  4691.00 10531.45  5749.22  57823.0    312.0 12389.94  6763.79  1.00000
 4760926  4672.68 10491.98  5733.57  57823.0    312.0 12343.51  6745.38  1.00000
 4797407  4654.28 10452.06  5717.75  57823.0    312.0 12296.54  6726.76  1.00000
 4833889  4635.79 10411.64  5701.71  57823.0    312.0 12248.99  6707.90  1.00000
 4870370  4617.20 10370.72  5685.48  57823.0    312.0 12200.85  6688.80  1.00000
 4906852  4598.52 10329.26  5669.04  57823.0    312.0 12152.07  6669.46  1.00000
 4943333  4579.75 10287.24  5652.37  57823.0    312.0 12102.63  6649.85  1.00000
 4979815  4560.86 10244.63  5635.47  57823.0    312.0 12052.51  6629.97  1.00000
 5016296  4541.88 10201.41  5618.34  57823.0    312.0 12001.66  6609.81  1.00000
 5052778  4522.79 10157.55  5600.96  57823.0    312.0 11950.06  6589.36  1.00000
 5089259  4503.58 10113.03  5583.32  57823.0    312.0 11897.68  6568.61  1.00000
 5125741  4484.26 10067.82  5565.41  57823.0    312.0 11844.49  6547.54  1.00000
 5162222  4464.81 10021.89  5547.23  57823.0    312.0 11790.46  6526.15  1.00000
 5198704  4445.25  9975.23  5528.76  57823.0    312.0 11735.56  6504.42  1.00000
 5235185  4425.56  9927.80  5510.00  57823.0    312.0 11679.76  6482.35  1.00000
 5271667  4405.74  9879.57  5490.93  57823.0    312.0 11623.02  6459.92  1.00000
 5308148  4385.79  9830.53  5471.56  57823.0    312.0 11565.33  6437.13  1.00000
 5344630  4365.71  9780.65  5451.87  57823.0    312.0 11506.65  6413.97  1.00000
 5381111  4345.48  9729.90  5431.85  57823.0    312.0 11446.94  6390.41  1.00000
 5417593  4325.11  9678.25  5411.49  57823.0    312.0 11386.18  6366.46  1.00000
 5454074  4304.60  9625.70  5390.78  57823.0    312.0 11324.35  6342.10  1.00000
 5490556  4283.95  9572.19  5369.73  57823.0    312.0 11261.40  6317.33  1.00000
 5527037  4263.13  9517.71  5348.31  57823.0    312.0 11197.31  6292.13  1.00000
 5563518  4242.17  9462.24  5326.51  57823.0    312.0 11132.05  6266.48  1.00000
 5600000  4221.04  9405.75  5304.33  57823.0    312.0 11065.59  6240.39  1.00000
 5600000  4221.04  9405.76  5304.46  57823.0    312.0 11065.60  6240.54  1.00000
 5633667  4201.40  9316.77  5220.73  57823.0    312.0 10960.91  6142.04  1.00000
 5667333  4181.62  9227.73  5137.03  57823.0    312.0 10856.15  6043.57  1.00000
 5701000  4161.70  9138.62  5053.36  57823.0    312.0 10751.32  5945.13  1.00000
 5701000  3792.51  8726.24  4734.68  57823.0    143.0 10266.17  5570.21  1.00000
 5771000  3777.03  8634.10  4688.62  57823.0    143.0 10157.76  5516.02  1.00000
 5771000  3777.03  8634.16  4688.54  57823.0    143.0 10157.43  5515.93  1.00000
 5804333  3737.12  8489.09  4605.89  57823.0    143.0  9986.77  5418.69  1.00000
 5837667  3697.21  8344.04  4523.23  57823.0    143.0  9816.12  5321.45  1.00000
 5871000  3657.29  8198.99  4440.58  57823.0    143.0  9645.47  5224.21  1.00000
 5904333  3617.38  8053.94  4357.92  57823.0    143.0  9474.82  5126.97  1.00000
 5937667  3577.47  7908.88  4275.27  57823.0    143.0  9304.17  5029.73  1.00000
 5971000  3537.56  7763.83  4192.62  57823.0    143.0  9133.52  4932.49  1.00000
 5971000  3366.10  7569.45  4054.41  57823.0    143.0  8905.24  4769.90  1.00000
 5993500  3353.34  7532.67  4041.03  57823.0    143.0  8861.96  4754.15  1.00000
 6016000  3340.57  7495.87  4027.64  57823.0    143.0  8818.67  4738.40  1.00000
 6038500  3327.81  7459.07  4014.25  57823.0    143.0  8775.38  4722.65  1.00000
 6061000  3315.04  7422.28  4000.86  57823.0    143.0  8732.10  4706.90  1.00000
 6083500  3302.28  7385.49  3987.48  57823.0    143.0  8688.81  4691.15  1.00000
 6106000  3289.52  7348.69  3974.09  57823.0    143.0  8645.52  4675.40  1.00000
 6128500  3276.75  7311.90  3960.70  57823.0    143.0  8602.24  4659.65  1.00000
 6151000  3263.98  7275.11  3947.31  57823.0    143.0  8558.95  4643.90  1.00000
 6151000  3191.52  6630.38  3774.93  57823.0     80.0  8048.56  4436.26  0.97646
 6179000  3194.40  6657.34  3769.44  57823.0     80.0  8068.85  4461.39  0.96557
 6207000  3197.30  6684.31  3763.95  57823.0     80.0  8089.15  4486.52  0.95468
 6235000  3200.19  6711.28  3758.47  57823.0     80.0  8109.44  4511.65  0.94379
 6263000  3203.08  6738.24  3752.99  57823.0     80.0  8129.73  4536.78  0.93290
 6291000  3037.24  6367.25  3527.06  57823.0     80.0  8150.02  4561.90  0.92201
 6291000  3037.24  6367.25  3527.06  57823.0    600.0  8150.02  4561.99  0.92201
 6318800  3039.96  6392.45  3521.94  57823.0    600.0  8170.17  4586.94  0.91120
 6346600  3042.68  6417.65  3516.82  57823.0    600.0  8190.32  4611.89  0.90039
 6346600  2610.00  5440.00  3120.00  57823.0    600.0  6800.00  3900.00  1.00000
 6347000  2610.00  5440.00  3120.00  57823.0    600.0  6800.00  3900.00  1.00000
 6348000  2610.00  5440.00  3120.00  57823.0    600.0  6800.00  3900.00  1.00000
 6349000  2610.00  5440.00  3120.00  57823.0    600.0  6800.00  3900.00  1.00000
 6350000  2610.00  5440.00  3120.00  57823.0    600.0  6800.00  3900.00  1.00000
 6351000  2610.00  5440.00  3120.00  57823.0    600.0  6800.00  3900.00  1.00000
 6352000  2610.00  5440.00  3120.00  57823.0    600.0  6800.00  3900.00  1.00000
 6353000  2610.00  5440.00  3120.00  57823.0    600.0  6800.00  3900.00  1.00000
 6354000  2610.00  5440.00  3120.00  57823.0    600.0  6800.00  3900.00  1.00000
 6355000  2610.00  5440.00  3120.00  57823.0    600.0  6800.00  3900.00  1.00000
 6356000  2610.00  5440.00  3120.00  57823.0    600.0  6800.00  3900.00  1.00000
 6356000  2340.00  4640.00  2560.00  57823.0    600.0  5800.00  3200.00  1.00000
 6357000  2340.00  4640.00  2560.00  57823.0    600.0  5800.00  3200.00  1.00000
 6358000  2340.00  4640.00  2560.00  57823.0    600.0  5800.00  3200.00  1.00000
 6359000  2340.00  4640.00  2560.00  57823.0    600.0  5800.00  3200.00  1.00000
 6360000  2340.00  4640.00  2560.00  57823.0    600.0  5800.00  3200.00  1.00000
 6361000  2340.00  4640.00  2560.00  57823.0    600.0  5800.00  3200.00  1.00000
 6362000  2340.00  4640.00  2560.00  57823.0    600.0  5800.00  3200.00  1.00000
 6363000  2340.00  4640.00  2560.00  57823.0    600.0  5800.00  3200.00  1.00000
 6364000  2340.00  4640.00  2560.00  57823.0    600.0  5800.00  3200.00  1.00000
 6365000  2340.00  4640.00  2560.00  57823.0    600.0  5800.00  3200.00  1.00000
 6366000  2340.00  4640.00  2560.00  57823.0    600.0  5800.00  3200.00  1.00000
 6367000  2340.00  4640.00  2560.00  57823.0    600.0  5800.00  3200.00  1.00000
 6368000  2340.00  4640.00  2560.00  57823.0    600.0  5800.00  3200.00  1.00000
 6368000  2340.00  4640.00  2560.00  57823.0    600.0  5800.00  3200.00  1.00000
 6369000  2340.00  4640.00  2560.00  57823.0    600.0  5800.00  3200.00  1.00000
 6370000  2340.00  4640.00  2560.00  57823.0    600.0  5800.00  3200.00  1.00000
 6371000  2340.00  4640.00  2560.00  57823.0    600.0  5800.00  3200.00  1.00000
