# # E_gamma (MeV)  Final State Radiation (MeV^-1 s^-1)
5.145440e-01 2.818902e-270
5.413360e-01 1.105968e-270
5.695230e-01 9.340465e-271
5.991770e-01 9.244631e-301
6.303750e-01 8.001978e-301
6.631980e-01 6.247657e-301
6.977300e-01 5.240104e-301
7.340600e-01 0.000000e+00
7.722810e-01 0.000000e+00
8.124930e-01 0.000000e+00
8.547980e-01 0.000000e+00
8.993070e-01 0.000000e+00
9.461320e-01 0.000000e+00
9.953960e-01 0.000000e+00
1.047230e+00 0.000000e+00
1.101750e+00 0.000000e+00
1.159120e+00 0.000000e+00
1.219470e+00 0.000000e+00
