# E_gamma(MeV)   IFA_secondary_masked(MeV^-1 s^-1)
5.145440e-01 5.215754e-131
5.413360e-01 5.310375e-131
5.695230e-01 5.330919e-131
5.991770e-01 1.663360e-131
6.303750e-01 3.464914e-132
6.631980e-01 1.227017e-132
6.977300e-01 2.817048e-133
7.340600e-01 7.638279e-134
7.722810e-01 2.177134e-134
8.124930e-01 3.684653e-135
8.547980e-01 1.173604e-135
8.993070e-01 2.767386e-136
9.461320e-01 1.678139e-136
9.953960e-01 1.021662e-136
1.047230e+00 3.569492e-137
1.101750e+00 8.517536e-139
1.159120e+00 0.000000e+00
1.219470e+00 0.000000e+00
