# E_gamma(MeV)   IFA_primary_masked(MeV^-1 s^-1)
5.145440e-01 5.955222e-126
5.413360e-01 6.063835e-126
5.695230e-01 6.087749e-126
5.991770e-01 1.900870e-126
6.303750e-01 3.977101e-127
6.631980e-01 1.417084e-127
6.977300e-01 3.323848e-128
7.340600e-01 9.345557e-129
7.722810e-01 2.800686e-129
8.124930e-01 5.502533e-130
8.547980e-01 1.647986e-130
8.993070e-01 2.109659e-131
9.461320e-01 1.756157e-133
9.953960e-01 0.000000e+00
1.047230e+00 0.000000e+00
1.101750e+00 0.000000e+00
1.159120e+00 0.000000e+00
