# # E_gamma (MeV)  Final State Radiation (MeV^-1 s^-1)
5.145440e-01 1.182507e+07
5.413360e-01 5.768997e+06
5.695230e-01 5.080339e+06
5.991770e-01 4.257627e+06
6.303750e-01 3.672955e+06
6.631980e-01 1.683488e+06
6.977300e-01 1.450253e+06
7.340600e-01 7.082419e+05
7.722810e-01 3.910701e+05
8.124930e-01 3.372456e+05
8.547980e-01 1.619765e+05
8.993070e-01 1.379802e+05
9.461320e-01 5.349185e+04
9.953960e-01 1.790666e+04
1.047230e+00 1.512407e+04
1.101750e+00 2.588848e+03
1.159120e+00 1.220636e+03
1.219470e+00 1.036009e+03
1.282970e+00 4.520081e+02
1.349770e+00 4.601713e+01
1.420050e+00 2.199985e+01
1.493990e+00 1.840525e+01
1.571780e+00 7.122399e-01
1.653620e+00 5.214395e-01
1.739730e+00 7.232765e-02
1.830310e+00 6.117534e-02
1.925610e+00 2.674694e-02
2.025880e+00 2.957281e-03
2.131360e+00 3.903578e-04
2.242340e+00 5.228388e-05
2.359100e+00 4.375775e-05
2.481930e+00 1.011192e-05
2.611160e+00 7.520127e-06
2.747120e+00 5.060587e-07
2.890160e+00 3.295464e-09
3.040650e+00 4.918282e-10
3.198970e+00 4.081517e-10
3.365530e+00 1.431944e-10
3.540770e+00 8.797149e-13
3.725140e+00 8.172495e-14
3.919100e+00 3.382458e-14
4.123160e+00 1.241809e-15
4.337850e+00 8.913701e-19
4.563720e+00 3.525805e-19
4.801340e+00 2.797915e-19
5.051340e+00 3.869931e-21
5.314360e+00 1.812130e-23
5.591070e+00 1.116875e-23
5.882190e+00 2.407406e-27
6.188470e+00 6.852643e-28
6.510690e+00 8.523441e-32
6.849700e+00 1.787738e-34
7.206350e+00 1.838056e-36
7.581580e+00 6.279271e-39
7.976340e+00 3.666260e-39
8.391660e+00 4.070831e-42
8.828600e+00 1.689441e-43
9.288290e+00 1.872998e-46
9.771920e+00 5.800747e-50
1.028070e+01 4.419119e-50
1.081600e+01 2.139939e-53
1.137920e+01 4.722336e-60
1.197170e+01 1.398589e-63
1.259510e+01 6.376834e-64
1.325090e+01 2.105296e-68
1.394080e+01 2.050154e-76
1.466670e+01 1.134994e-76
1.543040e+01 4.369654e-87
1.623380e+01 1.572564e-91
1.707910e+01 9.232038e-97
1.796840e+01 4.217570e-102
1.890400e+01 2.262473e-102
1.988830e+01 7.008942e-109
2.092380e+01 4.567658e-115
2.201330e+01 6.289624e-124
2.315950e+01 9.962757e-136
2.436540e+01 1.588140e-136
2.563410e+01 1.736901e-143
2.696880e+01 1.430869e-160
2.837300e+01 4.385228e-169
2.985040e+01 1.492481e-178
3.140470e+01 5.854625e-189
3.303990e+01 2.345406e-189
3.476020e+01 2.852529e-210
3.657010e+01 6.462284e-222
3.847430e+01 7.016724e-234
4.047760e+01 4.246333e-234
4.258520e+01 6.654837e-247
4.480250e+01 7.813725e-261
4.713530e+01 3.538801e-290
4.958960e+01 3.600353e-306
5.217170e+01 0.000000e+00
