# # E_gamma (MeV)  Final State Radiation (MeV^-1 s^-1)
5.145440e-01 7.796866e+15
5.413360e-01 6.596408e+15
5.695230e-01 5.946949e+15
5.991770e-01 4.945879e+15
6.303750e-01 4.442063e+15
6.631980e-01 3.632250e+15
6.977300e-01 3.248750e+15
7.340600e-01 2.614042e+15
7.722810e-01 2.067906e+15
8.124930e-01 1.845455e+15
8.547980e-01 1.440791e+15
8.993070e-01 1.279328e+15
9.461320e-01 9.875296e+14
9.953960e-01 7.533977e+14
1.047230e+00 6.665728e+14
1.101750e+00 5.035816e+14
1.159120e+00 3.757734e+14
1.219470e+00 3.305349e+14
1.282970e+00 2.433425e+14
1.349770e+00 1.752197e+14
1.420050e+00 1.225629e+14
1.493990e+00 1.069253e+14
1.571780e+00 7.215915e+13
1.653620e+00 4.673171e+13
1.739730e+00 2.917131e+13
1.830310e+00 2.520489e+13
1.925610e+00 1.526821e+13
2.025880e+00 9.050101e+12
2.131360e+00 5.296875e+12
2.242340e+00 3.037565e+12
2.359100e+00 2.601321e+12
2.481930e+00 1.455919e+12
2.611160e+00 7.723449e+11
2.747120e+00 3.833995e+11
2.890160e+00 1.825770e+11
3.040650e+00 8.335918e+10
3.198970e+00 7.015428e+10
3.365530e+00 3.160897e+10
3.540770e+00 1.387387e+10
3.725140e+00 5.587379e+09
3.919100e+00 2.103034e+09
4.123160e+00 7.509420e+08
4.337850e+00 2.578979e+08
4.563720e+00 8.686653e+07
4.801340e+00 7.082064e+07
5.051340e+00 2.084109e+07
5.314360e+00 5.773567e+06
5.591070e+00 1.600314e+06
5.882190e+00 3.828117e+05
6.188470e+00 8.701779e+04
6.510690e+00 1.840265e+04
6.849700e+00 3.326069e+03
7.206350e+00 6.261225e+02
7.581580e+00 9.806159e+01
7.976340e+00 1.347683e+01
8.391660e+00 1.894549e+00
8.828600e+00 1.988800e-01
9.288290e+00 2.243456e-02
9.771920e+00 2.031980e-03
1.028070e+01 1.562426e-03
1.081600e+01 1.054064e-04
1.137920e+01 9.423329e-06
1.197170e+01 5.151787e-07
1.259510e+01 2.575495e-08
1.325090e+01 1.370643e-09
1.394080e+01 5.626557e-11
1.466670e+01 1.734672e-12
1.543040e+01 4.880044e-14
1.623380e+01 1.301065e-15
1.707910e+01 2.497307e-17
1.796840e+01 3.553747e-19
1.890400e+01 5.015731e-21
1.988830e+01 5.265634e-23
2.092380e+01 3.718221e-25
2.201330e+01 2.631171e-27
2.315950e+01 1.190081e-29
2.436540e+01 4.162399e-32
2.563410e+01 1.233187e-34
2.696880e+01 2.137031e-37
2.837300e+01 3.520862e-40
2.985040e+01 3.079265e-43
3.140470e+01 2.493861e-46
3.303990e+01 1.081079e-49
3.476020e+01 3.667464e-53
3.657010e+01 8.227795e-57
3.847430e+01 9.902275e-61
4.047760e+01 9.378468e-65
4.258520e+01 5.229081e-69
4.480250e+01 1.501212e-73
4.713530e+01 2.617893e-78
4.958960e+01 2.820519e-83
5.217170e+01 1.701075e-88
5.488820e+01 5.349593e-94
5.774620e+01 8.473266e-100
6.075290e+01 6.543692e-106
6.391620e+01 2.361643e-112
6.724430e+01 3.883895e-119
7.074560e+01 3.035103e-126
7.442920e+01 1.121642e-133
7.830470e+01 1.438800e-141
8.238190e+01 6.987025e-150
8.667140e+01 1.519828e-158
9.118430e+01 9.227569e-168
9.593210e+01 2.147991e-177
1.009270e+02 1.671246e-187
1.061820e+02 3.331654e-198
1.117110e+02 1.851166e-209
1.175280e+02 2.801957e-221
1.236470e+02 1.080045e-233
1.300850e+02 9.345816e-247
1.368590e+02 1.417155e-260
1.439850e+02 5.021677e-275
1.514820e+02 2.678209e-290
1.593690e+02 3.765334e-306
1.676680e+02 0.000000e+00
