# E_gamma(MeV)   IFA_secondary_masked(MeV^-1 s^-1)
5.145440e-01 5.586531e+04
5.413360e-01 3.046746e+07
5.695230e-01 4.213288e+08
5.991770e-01 2.053714e+09
6.303750e-01 6.245114e+09
6.631980e-01 1.615959e+10
6.977300e-01 3.347005e+10
7.340600e-01 5.490473e+10
7.722810e-01 7.876745e+10
8.124930e-01 1.001827e+11
8.547980e-01 1.133421e+11
8.993070e-01 1.158410e+11
9.461320e-01 1.107498e+11
9.953960e-01 9.830600e+10
1.047230e+00 8.163440e+10
1.101750e+00 6.373842e+10
1.159120e+00 4.819244e+10
1.219470e+00 3.483472e+10
1.282970e+00 2.421536e+10
1.349770e+00 1.696672e+10
1.420050e+00 1.314696e+10
1.493990e+00 9.878970e+09
1.571780e+00 7.196793e+09
1.653620e+00 5.268701e+09
1.739730e+00 3.926173e+09
1.830310e+00 2.747934e+09
1.925610e+00 1.833311e+09
2.025880e+00 1.219840e+09
2.131360e+00 7.661132e+08
2.242340e+00 4.578756e+08
2.359100e+00 3.000280e+08
2.481930e+00 2.008569e+08
2.611160e+00 1.255531e+08
2.747120e+00 7.662759e+07
2.890160e+00 4.167976e+07
3.040650e+00 1.997716e+07
3.198970e+00 8.083102e+06
3.365530e+00 2.568294e+06
3.540770e+00 1.345241e+06
3.725140e+00 6.332112e+05
3.919100e+00 2.610590e+05
4.123160e+00 1.143214e+05
4.337850e+00 4.702806e+04
4.563720e+00 1.778964e+04
4.801340e+00 5.084957e+03
5.051340e+00 1.291388e+03
5.314360e+00 3.588994e+02
5.591070e+00 1.029065e+02
5.882190e+00 4.168585e+01
6.188470e+00 1.638982e+01
6.510690e+00 4.218352e+00
6.849700e+00 1.046757e+00
7.206350e+00 3.752445e-01
7.581580e+00 7.990623e-02
7.976340e+00 3.157143e-02
8.391660e+00 7.428286e-03
8.828600e+00 2.824329e-03
9.288290e+00 6.943239e-04
9.771920e+00 2.582801e-04
1.028070e+01 6.213651e-05
1.081600e+01 2.717256e-05
1.137920e+01 7.310063e-06
1.197170e+01 2.379124e-06
1.259510e+01 5.997784e-07
1.325090e+01 2.098309e-07
1.394080e+01 5.867742e-08
1.466670e+01 1.988298e-08
1.543040e+01 5.618611e-09
1.623380e+01 0.000000e+00
1.707910e+01 0.000000e+00
1.796840e+01 0.000000e+00
1.890400e+01 0.000000e+00
1.988830e+01 0.000000e+00
2.092380e+01 0.000000e+00
2.201330e+01 0.000000e+00
2.315950e+01 0.000000e+00
2.436540e+01 0.000000e+00
2.563410e+01 0.000000e+00
2.696880e+01 0.000000e+00
2.837300e+01 0.000000e+00
2.985040e+01 0.000000e+00
3.140470e+01 0.000000e+00
3.303990e+01 0.000000e+00
3.476020e+01 0.000000e+00
3.657010e+01 0.000000e+00
3.847430e+01 0.000000e+00
4.047760e+01 0.000000e+00
4.258520e+01 0.000000e+00
4.480250e+01 0.000000e+00
4.713530e+01 0.000000e+00
4.958960e+01 0.000000e+00
5.217170e+01 0.000000e+00
5.488820e+01 0.000000e+00
5.774620e+01 0.000000e+00
6.075290e+01 0.000000e+00
6.391620e+01 0.000000e+00
6.724430e+01 0.000000e+00
7.074560e+01 0.000000e+00
7.442920e+01 0.000000e+00
7.830470e+01 0.000000e+00
8.238190e+01 0.000000e+00
8.667140e+01 0.000000e+00
9.118430e+01 0.000000e+00
9.593210e+01 0.000000e+00
1.009270e+02 0.000000e+00
1.061820e+02 0.000000e+00
1.117110e+02 0.000000e+00
1.175280e+02 0.000000e+00
1.236470e+02 0.000000e+00
1.300850e+02 0.000000e+00
1.368590e+02 0.000000e+00
1.439850e+02 0.000000e+00
1.514820e+02 0.000000e+00
1.593690e+02 0.000000e+00
