# E_gamma(MeV)   IFA_primary_masked(MeV^-1 s^-1)
5.145440e-01 1.113901e+10
5.413360e-01 3.055540e+12
5.695230e-01 5.933732e+13
5.991770e-01 3.545774e+14
6.303750e-01 1.132161e+15
6.631980e-01 2.577213e+15
6.977300e-01 4.729349e+15
7.340600e-01 7.400966e+15
7.722810e-01 1.015034e+16
8.124930e-01 1.242495e+16
8.547980e-01 1.379730e+16
8.993070e-01 1.410566e+16
9.461320e-01 1.344966e+16
9.953960e-01 1.209910e+16
1.047230e+00 1.039826e+16
1.101750e+00 8.639822e+15
1.159120e+00 6.991031e+15
1.219470e+00 5.536125e+15
1.282970e+00 4.302318e+15
1.349770e+00 3.287873e+15
1.420050e+00 2.470092e+15
1.493990e+00 1.826531e+15
1.571780e+00 1.323790e+15
1.653620e+00 9.295293e+14
1.739730e+00 6.413025e+14
1.830310e+00 4.330974e+14
1.925610e+00 2.787106e+14
2.025880e+00 1.752409e+14
2.131360e+00 1.161739e+14
2.242340e+00 7.072229e+13
2.359100e+00 3.995589e+13
2.481930e+00 2.431954e+13
2.611160e+00 1.411698e+13
2.747120e+00 7.516205e+12
2.890160e+00 4.419997e+12
3.040650e+00 2.261815e+12
3.198970e+00 1.123403e+12
3.365530e+00 5.532322e+11
3.540770e+00 2.474876e+11
3.725140e+00 1.151427e+11
3.919100e+00 5.041023e+10
4.123160e+00 1.997426e+10
4.337850e+00 8.378130e+09
4.563720e+00 3.200352e+09
4.801340e+00 1.144043e+09
5.051340e+00 3.983061e+08
5.314360e+00 1.325559e+08
5.591070e+00 4.215470e+07
5.882190e+00 1.201641e+07
6.188470e+00 3.174805e+06
6.510690e+00 7.808590e+05
6.849700e+00 1.807945e+05
7.206350e+00 3.932320e+04
7.581580e+00 7.551403e+03
7.976340e+00 1.497592e+03
8.391660e+00 3.077620e+02
8.828600e+00 5.016013e+01
9.288290e+00 7.320864e+00
9.771920e+00 9.475758e-01
1.028070e+01 1.529061e-01
1.081600e+01 2.343038e-02
1.137920e+01 7.682090e-03
1.197170e+01 2.004522e-03
1.259510e+01 6.494502e-04
1.325090e+01 0.000000e+00
1.394080e+01 0.000000e+00
1.466670e+01 0.000000e+00
1.543040e+01 0.000000e+00
1.623380e+01 0.000000e+00
1.707910e+01 0.000000e+00
1.796840e+01 0.000000e+00
1.890400e+01 0.000000e+00
1.988830e+01 0.000000e+00
2.092380e+01 0.000000e+00
2.201330e+01 0.000000e+00
2.315950e+01 0.000000e+00
2.436540e+01 0.000000e+00
2.563410e+01 0.000000e+00
2.696880e+01 0.000000e+00
2.837300e+01 0.000000e+00
2.985040e+01 0.000000e+00
3.140470e+01 0.000000e+00
3.303990e+01 0.000000e+00
3.476020e+01 0.000000e+00
3.657010e+01 0.000000e+00
3.847430e+01 0.000000e+00
4.047760e+01 0.000000e+00
4.258520e+01 0.000000e+00
4.480250e+01 0.000000e+00
4.713530e+01 0.000000e+00
4.958960e+01 0.000000e+00
5.217170e+01 0.000000e+00
5.488820e+01 0.000000e+00
5.774620e+01 0.000000e+00
6.075290e+01 0.000000e+00
6.391620e+01 0.000000e+00
6.724430e+01 0.000000e+00
7.074560e+01 0.000000e+00
7.442920e+01 0.000000e+00
7.830470e+01 0.000000e+00
8.238190e+01 0.000000e+00
8.667140e+01 0.000000e+00
9.118430e+01 0.000000e+00
9.593210e+01 0.000000e+00
1.009270e+02 0.000000e+00
1.061820e+02 0.000000e+00
1.117110e+02 0.000000e+00
1.175280e+02 0.000000e+00
1.236470e+02 0.000000e+00
1.300850e+02 0.000000e+00
1.368590e+02 0.000000e+00
1.439850e+02 0.000000e+00
1.514820e+02 0.000000e+00
1.593690e+02 0.000000e+00
1.676680e+02 0.000000e+00
