# # E_gamma (MeV)  Final State Radiation (MeV^-1 s^-1)
5.145440e-01 1.365673e+01
5.413360e-01 1.464780e+00
5.695230e-01 1.271870e+00
5.991770e-01 9.752750e-01
6.303750e-01 8.242098e-01
6.631980e-01 4.376993e-02
6.977300e-01 3.800308e-02
7.340600e-01 3.138351e-02
7.722810e-01 6.714551e-03
8.124930e-01 5.713972e-03
8.547980e-01 1.105431e-03
8.993070e-01 9.309472e-04
9.461320e-01 1.424620e-04
9.953960e-01 1.663085e-05
1.047230e+00 1.393927e-05
1.101750e+00 2.408752e-07
1.159120e+00 9.007714e-08
1.219470e+00 7.554568e-08
1.282970e+00 1.150349e-08
1.349770e+00 8.736402e-11
1.420050e+00 3.993851e-11
1.493990e+00 3.334137e-11
1.571780e+00 2.406941e-14
1.653620e+00 1.188015e-14
1.739730e+00 8.013298e-16
1.830310e+00 6.682427e-16
1.925610e+00 8.450102e-17
2.025880e+00 1.731016e-18
2.131360e+00 1.324650e-20
2.242340e+00 8.046479e-23
2.359100e+00 6.642538e-23
2.481930e+00 2.110064e-24
2.611160e+00 1.478657e-24
2.747120e+00 1.552986e-26
2.890160e+00 6.210018e-31
3.040650e+00 6.502417e-32
3.198970e+00 5.303998e-32
3.365530e+00 3.307255e-33
3.540770e+00 9.140005e-37
3.725140e+00 2.779129e-40
3.919100e+00 1.171574e-40
4.123160e+00 1.690170e-43
4.337850e+00 2.283415e-49
4.563720e+00 5.928896e-50
4.801340e+00 4.699582e-50
5.051340e+00 1.518755e-53
5.314360e+00 2.541960e-59
5.591070e+00 1.474434e-59
5.882190e+00 4.642113e-67
6.188470e+00 1.229201e-67
6.510690e+00 1.190288e-75
6.849700e+00 2.761066e-80
7.206350e+00 3.673824e-85
7.581580e+00 1.027124e-87
7.976340e+00 2.104803e-90
8.391660e+00 5.423286e-96
8.828600e+00 3.307066e-100
9.288290e+00 4.600983e-106
9.771920e+00 9.946618e-113
1.028070e+01 7.577026e-113
1.081600e+01 2.328243e-119
1.137920e+01 5.265321e-133
1.197170e+01 2.178019e-140
1.259510e+01 9.677886e-141
1.325090e+01 2.801388e-149
1.394080e+01 7.464199e-166
1.466670e+01 3.956131e-166
1.543040e+01 2.184729e-186
1.623380e+01 8.986011e-196
1.707910e+01 2.077197e-206
1.796840e+01 2.052303e-217
1.890400e+01 1.085530e-217
1.988830e+01 3.266363e-230
2.092380e+01 9.611626e-243
2.201330e+01 3.104374e-258
2.315950e+01 2.079005e-284
2.436540e+01 3.887290e-285
2.563410e+01 8.094528e-300
2.696880e+01 0.000000e+00
