# # E_gamma (MeV)  Final State Radiation (MeV^-1 s^-1)
5.145440e-01 7.664887e-20
5.413360e-01 5.044105e-23
5.695230e-01 4.380086e-23
5.991770e-01 3.523029e-23
6.303750e-01 2.969906e-23
6.631980e-01 4.009938e-25
6.977300e-01 3.364540e-25
7.340600e-01 3.581022e-27
7.722810e-01 4.036937e-29
8.124930e-01 3.413521e-29
8.547980e-01 2.795878e-31
8.993070e-01 2.341512e-31
9.461320e-01 1.515973e-33
9.953960e-01 6.529027e-36
1.047230e+00 5.468193e-36
1.101750e+00 4.689238e-41
1.159120e+00 1.530491e-41
1.219470e+00 1.276574e-41
1.282970e+00 5.054891e-44
1.349770e+00 7.050062e-50
1.420050e+00 3.421407e-50
1.493990e+00 2.856150e-50
1.571780e+00 1.013025e-57
1.653620e+00 2.708033e-60
1.739730e+00 1.628593e-61
1.830310e+00 1.351038e-61
1.925610e+00 8.763499e-65
2.025880e+00 7.057907e-69
2.131360e+00 4.810271e-75
2.242340e+00 1.552878e-81
2.359100e+00 1.279248e-81
2.481930e+00 3.570673e-86
2.611160e+00 2.603769e-86
2.747120e+00 1.436962e-91
2.890160e+00 7.595149e-103
3.040650e+00 6.689750e-104
3.198970e+00 5.436822e-104
3.365530e+00 5.762603e-109
3.540770e+00 2.114286e-116
3.725140e+00 1.900075e-128
3.919100e+00 7.822531e-129
4.123160e+00 2.661661e-136
4.337850e+00 3.110797e-152
4.563720e+00 1.292718e-152
4.801340e+00 1.024655e-152
5.051340e+00 1.274437e-161
5.314360e+00 6.255918e-179
5.591070e+00 3.897219e-179
5.882190e+00 2.103933e-199
6.188470e+00 5.654000e-200
6.510690e+00 3.400727e-222
6.849700e+00 2.318319e-234
7.206350e+00 3.661498e-247
7.581580e+00 7.993021e-261
7.976340e+00 5.099374e-261
8.391660e+00 1.985702e-275
8.828600e+00 4.860678e-289
9.288290e+00 1.137294e-304
9.771920e+00 0.000000e+00
1.028070e+01 0.000000e+00
