# E_gamma(MeV)   IFA_primary_masked(MeV^-1 s^-1)
5.145440e-01 4.429752e-03
5.413360e-01 4.508740e-03
5.695230e-01 4.525021e-03
5.991770e-01 1.392787e-03
6.303750e-01 2.878898e-04
6.631980e-01 1.014902e-04
6.977300e-01 2.257550e-05
7.340600e-01 6.302127e-06
7.722810e-01 1.821761e-06
8.124930e-01 2.803645e-07
8.547980e-01 8.503544e-08
8.993070e-01 1.205306e-08
9.461320e-01 4.689347e-09
9.953960e-01 0.000000e+00
1.047230e+00 0.000000e+00
1.101750e+00 0.000000e+00
1.159120e+00 0.000000e+00
1.219470e+00 0.000000e+00
1.282970e+00 0.000000e+00
1.349770e+00 0.000000e+00
1.420050e+00 0.000000e+00
1.493990e+00 0.000000e+00
1.571780e+00 0.000000e+00
1.653620e+00 0.000000e+00
1.739730e+00 0.000000e+00
1.830310e+00 0.000000e+00
1.925610e+00 0.000000e+00
2.025880e+00 0.000000e+00
2.131360e+00 0.000000e+00
2.242340e+00 0.000000e+00
2.359100e+00 0.000000e+00
2.481930e+00 0.000000e+00
2.611160e+00 0.000000e+00
2.747120e+00 0.000000e+00
2.890160e+00 0.000000e+00
3.040650e+00 0.000000e+00
3.198970e+00 0.000000e+00
3.365530e+00 0.000000e+00
3.540770e+00 0.000000e+00
3.725140e+00 0.000000e+00
3.919100e+00 0.000000e+00
4.123160e+00 0.000000e+00
4.337850e+00 0.000000e+00
4.563720e+00 0.000000e+00
4.801340e+00 0.000000e+00
5.051340e+00 0.000000e+00
5.314360e+00 0.000000e+00
5.591070e+00 0.000000e+00
5.882190e+00 0.000000e+00
6.188470e+00 0.000000e+00
6.510690e+00 0.000000e+00
6.849700e+00 0.000000e+00
7.206350e+00 0.000000e+00
7.581580e+00 0.000000e+00
7.976340e+00 0.000000e+00
8.391660e+00 0.000000e+00
8.828600e+00 0.000000e+00
9.288290e+00 0.000000e+00
9.771920e+00 0.000000e+00
1.028070e+01 0.000000e+00
