0.563483
0.723264
0.807848
0.782189
0.721143
0.723028
0.705089
0.727071
0.692842
0.716406
0.662222
0.649466
0.577242
0.572760
0.540001
0.542386
0.511394
0.529051
0.478411
0.456088
0.370466
0.348093
0.289564
0.274784
0.232831
0.246718
0.193924
0.159852
0.082684
0.059155
0.013253
-0.022148
-0.058558
-0.053725
-0.078648
-0.120618
-0.174169
-0.194898
-0.208842
-0.245694
-0.252542
-0.245123
-0.240299
-0.272307
-0.290530
-0.295122
-0.281351
-0.293890
-0.278659
-0.277097
-0.260783
-0.271464
-0.284427
-0.298227
-0.301002
-0.310822
-0.306975
-0.305978
-0.294749
-0.299282
-0.299774
-0.302901
-0.299810
-0.306028
-0.300387
-0.304300
-0.292250
-0.294871
-0.285823
-0.286583
-0.281476
-0.286967
-0.281582
-0.287019
-0.276727
-0.276309
-0.261468
-0.258581
-0.249754
-0.251140
-0.243700
-0.247229
-0.235672
-0.232126
-0.214970
-0.209145
-0.201047
-0.200153
-0.190802
-0.190563
-0.180967
-0.174816
-0.157329
-0.147419
-0.141430
-0.138788
-0.135462
-0.128614
-0.122035
-0.114221
-0.100123
-0.088972
-0.085061
-0.079907
-0.086608
-0.075655
-0.083044
-0.080510
-0.085869
-0.079771
-0.083162
-0.081892
-0.092345
-0.084638
-0.090516
-0.086402
-0.095769
-0.094871
-0.101525
-0.100328
-0.111974
-0.099499
-0.108106
-0.095415
-0.113726
-0.101371
-0.116376
-0.110196
-0.131506
-0.119422
-0.132360
-0.128476
-0.149029
-0.148521
-0.156760
-0.160159
-0.174255
-0.170887
-0.177171
-0.181316
-0.198206
-0.203959
-0.207049
-0.221078
-0.222947
-0.231004
-0.228737
-0.244511
-0.251916
-0.266792
-0.266731
-0.286493
-0.285302
-0.289639
-0.282245
-0.290972
-0.291735
-0.296770
-0.294661
-0.302805
-0.300097
-0.302419
-0.296016
-0.297325
-0.291906
-0.292210
-0.287545
-0.292319
-0.288992
-0.294167
-0.286347
-0.285363
-0.273377
-0.271777
-0.265056
-0.267427
-0.261674
-0.265869
-0.255579
-0.252034
-0.234332
-0.228863
-0.219844
-0.219426
-0.211186
-0.212714
-0.200864
-0.195323
-0.175849
-0.167923
-0.160866
-0.159107
-0.153564
-0.149565
-0.142904
-0.133209
-0.117142
-0.104438
-0.099384
-0.094271
-0.096926
-0.085817
-0.086439
-0.083281
-0.081048
-0.071597
-0.075647
-0.069679
-0.080548
-0.068579
-0.080160
-0.078155
-0.089875
-0.091277
-0.095677
-0.098747
-0.109540
-0.100649
-0.110975
-0.103125
-0.117847
-0.108907
-0.122637
-0.110825
-0.131762
-0.111998
-0.129400
-0.116188
-0.143575
-0.134580
-0.151944
-0.147618
-0.167572
-0.154969
-0.168825
-0.166982
-0.192103
-0.192928
-0.205419
-0.210202
-0.224849
-0.226257
-0.232709
-0.252247
-0.266094
-0.283809
-0.285219
-0.306491
-0.301693
-0.308979
-0.298446
-0.312816
-0.314650
-0.325093
-0.325077
-0.336980
-0.334225
-0.336786
-0.328848
-0.332821
-0.328570
-0.331066
-0.326693
-0.332740
-0.329149
-0.333301
-0.325147
-0.326314
-0.315598
-0.313229
-0.307736
-0.310956
-0.306311
-0.309897
-0.300570
-0.297515
-0.281953
-0.276244
-0.266878
-0.267524
-0.259073
-0.261389
-0.250210
-0.245306
-0.226297
-0.218841
-0.209953
-0.207284
-0.197475
-0.196912
-0.186361
-0.178576
-0.157967
-0.146997
-0.139951
-0.136230
-0.133352
-0.126663
-0.120404
-0.112137
-0.094702
-0.082465
-0.077972
-0.072397
-0.080499
-0.067920
-0.076912
-0.072383
-0.075542
-0.068303
-0.070037
-0.067977
-0.079248
-0.070240
-0.075578
-0.071435
-0.078294
-0.074444
-0.080562
-0.076285
-0.087841
-0.075490
-0.083423
-0.069678
-0.088913
-0.071672
-0.086495
-0.072895
-0.095006
-0.079319
-0.097707
-0.090315
-0.112556
-0.108387
-0.117193
-0.118969
-0.134130
-0.130982
-0.138250
-0.143253
-0.158154
-0.163208
-0.166484
-0.181126
-0.183112
-0.189316
-0.183795
-0.200069
-0.208148
-0.223193
-0.222221
-0.240359
-0.238816
-0.243533
-0.235466
-0.245332
-0.246167
-0.251856
-0.249699
-0.259097
-0.256433
-0.259052
-0.251124
-0.255027
-0.249533
-0.250823
-0.245669
-0.251938
-0.248407
-0.253841
-0.245723
-0.245706
-0.235600
-0.235131
-0.228646
-0.230770
-0.225991
-0.230684
-0.220968
-0.218446
-0.203450
-0.198522
-0.189715
-0.190362
-0.184060
-0.186425
-0.174711
-0.169277
-0.153752
-0.145314
-0.139628
-0.138657
-0.135955
-0.130763
-0.125266
-0.116227
-0.102700
-0.091087
-0.086920
-0.082556
-0.086305
-0.076397
-0.078707
-0.076057
-0.077567
-0.068670
-0.072780
-0.068726
-0.079522
-0.067290
-0.078840
-0.077934
-0.089244
-0.092380
-0.098058
-0.099837
-0.110248
-0.102388
-0.114099
-0.106373
-0.122340
-0.113266
-0.127409
-0.116155
-0.136583
-0.117754
-0.135427
-0.125688
-0.153003
-0.145450
-0.161994
-0.160853
-0.179175
-0.167925
-0.181071
-0.180364
-0.205822
-0.209379
-0.221798
-0.230495
-0.242721
-0.246531
-0.250863
-0.269199
-0.282877
-0.299651
-0.302106
-0.322923
-0.317732
-0.324633
-0.314120
-0.328231
-0.329732
-0.340219
-0.339327
-0.351050
-0.348549
-0.351368
-0.343407
-0.346589
-0.341769
-0.344066
-0.340245
-0.345820
-0.342172
-0.346674
-0.338280
-0.338756
-0.328333
-0.325800
-0.320799
-0.323767
-0.318864
-0.322486
-0.313943
-0.310711
-0.294414
-0.288123
-0.278432
-0.278686
-0.269627
-0.271493
-0.260013
-0.254892
-0.236251
-0.228145
-0.219710
-0.217056
-0.207423
-0.205673
-0.195393
-0.187397
-0.167519
-0.156491
-0.150311
-0.147047
-0.143733
-0.136839
-0.131691
-0.124734
-0.111517
-0.100502
-0.096859
-0.092259
-0.100282
-0.088961
-0.098391
-0.094375
-0.100783
-0.094627
-0.099816
-0.099228
-0.108976
-0.102397
-0.108992
-0.102914
-0.113470
-0.111686
-0.119793
-0.118864
-0.130639
-0.118363
-0.126573
-0.115230
-0.133289
-0.121834
-0.135786
-0.128080
-0.149195
-0.135105
-0.151877
-0.148104
-0.171432
-0.169678
-0.179006
-0.181181
-0.195844
-0.192370
-0.201223
-0.209777
-0.227102
-0.239180
-0.239695
-0.257189
-0.255162
-0.259237
-0.256954
-0.272194
-0.279063
-0.293812
-0.292767
-0.311025
-0.309613
-0.314498
-0.307410
-0.315829
-0.313701
-0.317190
-0.314104
-0.321091
-0.317350
-0.320325
-0.313305
-0.314832
-0.307618
-0.306794
-0.301846
-0.307082
-0.302348
-0.307159
-0.298386
-0.297497
-0.284421
-0.281761
-0.273677
-0.275430
-0.268053
-0.272317
-0.261699
-0.259052
-0.240920
-0.235095
-0.225213
-0.224446
-0.214933
-0.216191
-0.204279
-0.197674
-0.177000
-0.168705
-0.160564
-0.157695
-0.151783
-0.146197
-0.139698
-0.128266
-0.111559
-0.097802
-0.093603
-0.088204
-0.091963
-0.081111
-0.083290
-0.077834
-0.077211
-0.067210
-0.071634
-0.067439
-0.078394
-0.067206
-0.078638
-0.076299
-0.088869
-0.089772
-0.096625
-0.097331
-0.109485
-0.100819
-0.111747
-0.103087
-0.118144
-0.108659
-0.122360
-0.113153
-0.133097
-0.115422
-0.130524
-0.120807
-0.147505
-0.139889
-0.156701
-0.154381
-0.176044
-0.165275
-0.178515
-0.179987
-0.206093
-0.209760
-0.221177
-0.228050
-0.240158
-0.240026
-0.244426
-0.262344
-0.275888
-0.293211
-0.299221
-0.318802
-0.314874
-0.320630
-0.311156
-0.326785
-0.329345
-0.339616
-0.338714
-0.350686
-0.347987
-0.350883
-0.343450
-0.346758
-0.343114
-0.345299
-0.340839
-0.346796
-0.343403
-0.347615
-0.340087
-0.340372
-0.331242
-0.329225
-0.324650
-0.327974
-0.323693
-0.327944
-0.319312
-0.316413
-0.300620
-0.293983
-0.285299
-0.285234
-0.277180
-0.279461
-0.267839
-0.263174
-0.244302
-0.236235
-0.227351
-0.224858
-0.214845
-0.213529
-0.203117
-0.194995
-0.174415
-0.163979
-0.157172
-0.153374
-0.148838
-0.141283
-0.136082
-0.128946
-0.114639
-0.103508
-0.099587
-0.094171
-0.101249
-0.090871
-0.098913
-0.096496
-0.100229
-0.094604
-0.097432
-0.096964
-0.107126
-0.098773
-0.105130
-0.099338
-0.109244
-0.105556
-0.114881
-0.112210
-0.125639
-0.112306
-0.121191
-0.107580
-0.126278
-0.112072
-0.127039
-0.118769
-0.140941
-0.127875
-0.143247
-0.136509
-0.157425
-0.155248
-0.164738
-0.166211
-0.182220
-0.179085
-0.187663
-0.194442
-0.210952
-0.221491
-0.222605
-0.240297
-0.239275
-0.244420
-0.241008
-0.256896
-0.264272
-0.279812
-0.279200
-0.298042
-0.297035
-0.301802
-0.294953
-0.303487
-0.302207
-0.305935
-0.303342
-0.310788
-0.308107
-0.310503
-0.303490
-0.304959
-0.298383
-0.298572
-0.293843
-0.299286
-0.294547
-0.300023
-0.290872
-0.290547
-0.277743
-0.275878
-0.267804
-0.269859
-0.263088
-0.267226
-0.257084
-0.254691
-0.237276
-0.231287
-0.221153
-0.220712
-0.211559
-0.212919
-0.200753
-0.194731
-0.174548
-0.165933
-0.157834
-0.155111
-0.148225
-0.143326
-0.135066
-0.122783
-0.104509
-0.090567
-0.084205
-0.080106
-0.081583
-0.071291
-0.071394
-0.067928
-0.062847
-0.052314
-0.055093
-0.050312
-0.060862
-0.048810
-0.059459
-0.056039
-0.064184
-0.061591
-0.065030
-0.063127
-0.074511
-0.064262
-0.073122
-0.062879
-0.073073
-0.062048
-0.071236
-0.061080
-0.080604
-0.061518
-0.077908
-0.068854
-0.091429
-0.082908
-0.094285
-0.089677
-0.105800
-0.096126
-0.106498
-0.104683
-0.123496
-0.123195
-0.131256
-0.134226
-0.142674
-0.142231
-0.145947
-0.164846
-0.180327
-0.197821
-0.194565
-0.212042
-0.204633
-0.211798
-0.200992
-0.215325
-0.219580
-0.228429
-0.226235
-0.237255
-0.237192
-0.238125
-0.230901
-0.234970
-0.232938
-0.234359
-0.230883
-0.238109
-0.235486
-0.239508
-0.228868
-0.229290
-0.220616
-0.219030
-0.213538
-0.216856
-0.212909
-0.216617
-0.206421
-0.203933
-0.189539
-0.184538
-0.176347
-0.177191
-0.173771
-0.176637
-0.165931
-0.161091
-0.147195
-0.138652
-0.132869
-0.129499
-0.125969
-0.122457
-0.115376
-0.102580
-0.086436
-0.071542
-0.066941
-0.060872
-0.060241
-0.051269
-0.044880
-0.035947
-0.019603
-0.009155
-0.007566
-0.001393
-0.011217
0.001842
-0.012874
-0.009149
-0.018624
-0.009550
-0.019764
-0.013474
-0.027179
-0.016060
-0.029460
-0.019060
-0.031858
-0.025210
-0.038347
-0.027322
-0.043660
-0.025860
-0.040837
-0.025981
-0.046252
-0.028148
-0.046849
-0.033293
-0.053733
-0.038978
-0.058458
-0.050329
-0.067855
-0.063519
-0.073488
-0.070196
-0.082615
-0.076121
-0.084609
-0.087397
-0.100887
-0.104343
-0.108101
-0.118803
-0.121846
-0.129063
-0.127329
-0.144793
-0.157600
-0.174234
-0.173278
-0.189424
-0.190973
-0.193487
-0.184931
-0.188785
-0.187026
-0.186287
-0.182753
-0.187543
-0.188470
-0.189171
-0.176218
-0.168207
-0.150687
-0.140140
-0.130706
-0.131104
-0.129262
-0.135412
-0.117930
-0.101717
-0.073139
-0.057665
-0.043010
-0.039442
-0.035922
-0.042156
-0.026444
-0.015552
0.004991
0.012439
0.019732
0.020499
0.020324
0.013729
0.020031
0.020884
0.031956
0.037194
0.051722
0.063510
0.079848
0.096315
0.126337
0.162616
0.211470
0.238047
0.242296
0.244115
