# # E_gamma (MeV)  Final State Radiation (MeV^-1 s^-1)
5.145440e-01 1.414817e-185
5.413360e-01 5.291661e-196
5.695230e-01 4.469079e-196
5.991770e-01 4.679480e-207
6.303750e-01 3.942968e-207
6.631980e-01 1.027173e-218
6.977300e-01 8.615222e-219
7.340600e-01 5.246287e-231
7.722810e-01 6.870414e-244
8.124930e-01 5.807962e-244
8.547980e-01 1.818368e-257
8.993070e-01 1.522514e-257
9.461320e-01 9.623206e-272
9.953960e-01 9.105396e-287
1.047230e+00 7.625952e-287
1.101750e+00 1.303401e-302
1.159120e+00 0.000000e+00
1.219470e+00 0.000000e+00
1.282970e+00 0.000000e+00
1.349770e+00 0.000000e+00
1.420050e+00 0.000000e+00
1.493990e+00 0.000000e+00
1.571780e+00 0.000000e+00
1.653620e+00 0.000000e+00
