# E_gamma(MeV)   IFA_primary_masked(MeV^-1 s^-1)
5.145440e-01 3.593478e-86
5.413360e-01 3.658636e-86
5.695230e-01 3.672796e-86
5.991770e-01 1.146340e-86
6.303750e-01 2.387473e-87
6.631980e-01 8.450238e-88
6.977300e-01 1.940457e-88
7.340600e-01 5.250819e-89
7.722810e-01 1.485615e-89
8.124930e-01 2.411641e-90
8.547980e-01 6.992144e-91
8.993070e-01 1.003249e-91
9.461320e-01 3.969186e-92
9.953960e-01 2.706683e-92
1.047230e+00 1.431184e-92
1.101750e+00 6.381749e-93
1.159120e+00 3.343607e-93
1.219470e+00 1.492443e-93
1.282970e+00 7.885037e-94
1.349770e+00 3.694602e-94
1.420050e+00 1.547316e-94
1.493990e+00 4.260311e-95
1.571780e+00 3.233384e-97
1.653620e+00 0.000000e+00
