# # E_gamma (MeV)  Final State Radiation (MeV^-1 s^-1)
5.145440e-01 1.001810e+16
5.413360e-01 9.207075e+15
5.695230e-01 8.550217e+15
5.991770e-01 7.836090e+15
6.303750e-01 7.265414e+15
6.631980e-01 6.639613e+15
6.977300e-01 6.145328e+15
7.340600e-01 5.600202e+15
7.722810e-01 5.089038e+15
8.124930e-01 4.700920e+15
8.547980e-01 4.259717e+15
8.993070e-01 3.926465e+15
9.461320e-01 3.547623e+15
9.953960e-01 3.195945e+15
1.047230e+00 2.938782e+15
1.101750e+00 2.639889e+15
1.159120e+00 2.364170e+15
1.219470e+00 2.167989e+15
1.282970e+00 1.935700e+15
1.349770e+00 1.722990e+15
1.420050e+00 1.528849e+15
1.493990e+00 1.397526e+15
1.571780e+00 1.236070e+15
1.653620e+00 1.089667e+15
1.739730e+00 9.574621e+14
1.830310e+00 8.719088e+14
1.925610e+00 7.635845e+14
2.025880e+00 6.662989e+14
2.131360e+00 5.793629e+14
2.242340e+00 5.018953e+14
2.359100e+00 4.548750e+14
2.481930e+00 3.926189e+14
2.611160e+00 3.375208e+14
2.747120e+00 2.890210e+14
2.890160e+00 2.464749e+14
3.040650e+00 2.092878e+14
3.198970e+00 1.884542e+14
3.365530e+00 1.593940e+14
3.540770e+00 1.341361e+14
3.725140e+00 1.123541e+14
3.919100e+00 9.369468e+13
4.123160e+00 7.772083e+13
4.337850e+00 6.413358e+13
4.563720e+00 5.263517e+13
4.801340e+00 4.690173e+13
5.051340e+00 3.828353e+13
5.314360e+00 3.108708e+13
5.591070e+00 2.507890e+13
5.882190e+00 2.012035e+13
6.188470e+00 1.603038e+13
6.510690e+00 1.268171e+13
6.849700e+00 9.973262e+12
7.206350e+00 7.781913e+12
7.581580e+00 6.027718e+12
7.976340e+00 4.640737e+12
8.391660e+00 3.551269e+12
8.828600e+00 2.698668e+12
9.288290e+00 2.034653e+12
9.771920e+00 1.526187e+12
1.028070e+01 1.330934e+12
1.081600e+01 9.888277e+11
1.137920e+01 7.315487e+11
1.197170e+01 5.349050e+11
1.259510e+01 3.899831e+11
1.325090e+01 2.863825e+11
1.394080e+01 2.100879e+11
1.466670e+01 1.562517e+11
1.543040e+01 1.143277e+11
1.623380e+01 8.681241e+10
1.707910e+01 7.008693e+10
1.796840e+01 6.037181e+10
1.890400e+01 4.849142e+10
1.988830e+01 3.235018e+10
2.092380e+01 2.446369e+10
2.201330e+01 1.949483e+10
2.315950e+01 1.494067e+10
2.436540e+01 1.081109e+10
2.563410e+01 7.353224e+09
2.696880e+01 4.580647e+09
2.837300e+01 3.786542e+09
2.985040e+01 2.549126e+09
3.140470e+01 1.463819e+09
3.303990e+01 1.018602e+09
3.476020e+01 6.204867e+08
3.657010e+01 3.501820e+08
3.847430e+01 1.959957e+08
4.047760e+01 1.419676e+08
4.258520e+01 6.520123e+07
4.480250e+01 2.736188e+07
4.713530e+01 1.504746e+07
4.958960e+01 1.015931e+07
5.217170e+01 6.065000e+06
5.488820e+01 2.748991e+06
5.774620e+01 1.406359e+06
6.075290e+01 2.380264e+05
6.391620e+01 1.082412e+05
6.724430e+01 6.023381e+04
7.074560e+01 1.792815e+04
7.442920e+01 5.174706e+03
7.830470e+01 2.552559e+03
8.238190e+01 1.914056e+03
8.667140e+01 1.325273e+03
9.118430e+01 7.688919e+02
9.593210e+01 2.531415e+02
1.009270e+02 2.137532e+01
1.061820e+02 6.291537e+00
1.117110e+02 3.135029e+00
1.175280e+02 7.720273e-01
1.236470e+02 1.694638e-02
1.300850e+02 2.480956e-03
1.368590e+02 5.131154e-04
1.439850e+02 3.633390e-04
1.514820e+02 5.410524e-06
1.593690e+02 4.005400e-07
1.676680e+02 4.327677e-08
1.763980e+02 2.338046e-09
1.855830e+02 2.514869e-10
1.952460e+02 1.156137e-10
2.054120e+02 3.346975e-13
2.161070e+02 1.346234e-14
2.273600e+02 5.564374e-16
2.391980e+02 1.067084e-16
2.516530e+02 1.638607e-17
2.647560e+02 1.051729e-20
2.785410e+02 3.314874e-21
2.930450e+02 2.647765e-23
3.083030e+02 8.190346e-27
3.243560e+02 2.101534e-27
3.412450e+02 1.431760e-28
3.590130e+02 9.841783e-32
3.777060e+02 1.220476e-35
3.973730e+02 7.238054e-38
4.180640e+02 3.157796e-38
4.398320e+02 3.067003e-41
4.627330e+02 2.523958e-46
4.868270e+02 6.388928e-50
5.121760e+02 1.730030e-52
5.388440e+02 1.023005e-52
5.669010e+02 1.844573e-56
5.964180e+02 4.903668e-62
6.274730e+02 2.085036e-67
6.601450e+02 1.262130e-67
6.945180e+02 4.251851e-76
7.306800e+02 3.184025e-76
7.687260e+02 2.479711e-81
8.087520e+02 9.607701e-86
8.508630e+02 2.113999e-96
8.951660e+02 4.645148e-101
9.417770e+02 3.896660e-101
9.908140e+02 5.849649e-108
1.042400e+03 1.624043e-113
1.096680e+03 5.963641e-127
1.153780e+03 4.021827e-127
1.213860e+03 1.570129e-142
1.277060e+03 3.392778e-150
1.343560e+03 7.600721e-159
1.413520e+03 9.006249e-168
1.487120e+03 3.267678e-168
1.564550e+03 2.179692e-187
1.646010e+03 1.333992e-197
1.731720e+03 6.978588e-209
1.821890e+03 2.717116e-209
1.916750e+03 1.132365e-221
2.016550e+03 5.591427e-245
2.121550e+03 2.990802e-245
2.232020e+03 7.536407e-259
2.348230e+03 4.664299e-273
2.470500e+03 5.263508e-288
2.599140e+03 1.227552e-303
2.734470e+03 0.000000e+00
