Hawking secondary spectra for each particle type.
energy/particle         photon       electron           nu_e          nu_mu         nu_tau         proton
    1.00000e-06    1.91569e+17    0.00000e+00    1.23141e+23    8.20718e+19    0.00000e+00    0.00000e+00
    1.05207e-06    3.45919e+17    0.00000e+00    1.22820e+23    1.16571e+20    1.07868e+14    0.00000e+00
    1.10685e-06    3.69736e+17    0.00000e+00    1.23024e+23    1.15417e+20    1.18978e+14    0.00000e+00
    1.16448e-06    3.91101e+17    0.00000e+00    1.22808e+23    1.27801e+20    1.31233e+14    0.00000e+00
    1.22511e-06    4.48677e+17    0.00000e+00    1.21914e+23    1.68484e+20    1.44749e+14    0.00000e+00
    1.28890e-06    7.42686e+17    0.00000e+00    1.21387e+23    1.74743e+20    1.59659e+14    0.00000e+00
    1.35602e-06    8.28880e+17    0.00000e+00    1.18789e+23    2.13308e+20    1.76106e+14    0.00000e+00
    1.42662e-06    8.94993e+17    0.00000e+00    1.17729e+23    2.26267e+20    1.94243e+14    0.00000e+00
    1.50090e-06    1.74594e+18    0.00000e+00    1.14547e+23    2.66690e+20    2.14250e+14    0.00000e+00
    1.57905e-06    2.03126e+18    0.00000e+00    1.11985e+23    3.06408e+20    2.36318e+14    0.00000e+00
    1.66127e-06    1.89594e+18    0.00000e+00    1.08940e+23    3.17654e+20    2.60659e+14    0.00000e+00
    1.74777e-06    3.19265e+18    0.00000e+00    1.04933e+23    4.05596e+20    2.87508e+14    0.00000e+00
    1.83878e-06    3.71659e+18    0.00000e+00    1.01357e+23    4.23720e+20    3.17123e+14    0.00000e+00
    1.93452e-06    3.79136e+18    0.00000e+00    9.74379e+22    4.90371e+20    3.49786e+14    0.00000e+00
    2.03525e-06    4.95868e+18    0.00000e+00    9.23731e+22    5.31603e+20    3.85815e+14    0.00000e+00
    2.14122e-06    6.10235e+18    0.00000e+00    8.85281e+22    6.20663e+20    4.25554e+14    0.00000e+00
    2.25271e-06    7.86568e+18    0.00000e+00    8.33632e+22    6.69798e+20    4.69386e+14    0.00000e+00
    2.37001e-06    8.05806e+18    0.00000e+00    7.89173e+22    7.48611e+20    5.17735e+14    0.00000e+00
    2.49341e-06    1.02487e+19    0.00000e+00    7.39011e+22    8.40417e+20    5.71061e+14    0.00000e+00
    2.62324e-06    1.17829e+19    0.00000e+00    6.91831e+22    9.33239e+20    6.29881e+14    0.00000e+00
    2.75983e-06    1.30013e+19    0.00000e+00    6.45234e+22    1.01353e+21    6.94761e+14    0.00000e+00
    2.90353e-06    1.74041e+19    0.00000e+00    6.01661e+22    1.11518e+21    7.66321e+14    0.00000e+00
    3.05471e-06    2.08711e+19    0.00000e+00    5.52337e+22    1.27763e+21    8.45252e+14    0.00000e+00
    3.21376e-06    2.28375e+19    0.00000e+00    5.14539e+22    1.33403e+21    9.32311e+14    0.00000e+00
    3.38110e-06    2.71497e+19    0.00000e+00    4.70320e+22    1.49045e+21    1.02834e+15    0.00000e+00
    3.55715e-06    3.44974e+19    0.00000e+00    4.32326e+22    1.69181e+21    1.13426e+15    0.00000e+00
    3.74237e-06    4.22396e+19    0.00000e+00    3.96358e+22    1.77326e+21    1.25110e+15    0.00000e+00
    3.93723e-06    4.15895e+19    0.00000e+00    3.63114e+22    1.95408e+21    1.37996e+15    0.00000e+00
    4.14223e-06    5.17067e+19    0.00000e+00    3.30184e+22    2.15203e+21    1.52209e+15    0.00000e+00
    4.35791e-06    6.64848e+19    0.00000e+00    3.01244e+22    2.36513e+21    1.67887e+15    0.00000e+00
    4.58482e-06    7.42595e+19    0.00000e+00    2.73004e+22    2.47211e+21    1.85180e+15    0.00000e+00
    4.82355e-06    7.97590e+19    0.00000e+00    2.48727e+22    2.81172e+21    2.04254e+15    0.00000e+00
    5.07471e-06    9.81932e+19    0.00000e+00    2.25617e+22    2.97688e+21    2.25292e+15    0.00000e+00
    5.33894e-06    1.05643e+20    0.00000e+00    2.04778e+22    3.22076e+21    2.48497e+15    0.00000e+00
    5.61693e-06    1.19390e+20    0.00000e+00    1.86701e+22    3.48567e+21    2.74093e+15    0.00000e+00
    5.90940e-06    1.36599e+20    0.00000e+00    1.70634e+22    3.78690e+21    3.02325e+15    0.00000e+00
    6.21709e-06    1.58966e+20    0.00000e+00    1.55685e+22    4.08982e+21    3.33464e+15    0.00000e+00
    6.54081e-06    1.75911e+20    0.00000e+00    1.44373e+22    4.37627e+21    3.67812e+15    0.00000e+00
    6.88138e-06    1.95857e+20    0.00000e+00    1.30825e+22    4.68701e+21    4.05697e+15    0.00000e+00
    7.23968e-06    2.31100e+20    0.00000e+00    1.21861e+22    5.10680e+21    4.47484e+15    0.00000e+00
    7.61664e-06    2.52509e+20    0.00000e+00    1.14030e+22    5.39207e+21    4.93575e+15    0.00000e+00
    8.01323e-06    2.77802e+20    0.00000e+00    1.06695e+22    5.76712e+21    5.44414e+15    0.00000e+00
    8.43047e-06    3.12181e+20    0.00000e+00    1.00012e+22    6.25144e+21    6.00489e+15    0.00000e+00
    8.86943e-06    3.56766e+20    0.00000e+00    9.56744e+21    6.60219e+21    6.62340e+15    0.00000e+00
    9.33125e-06    3.97796e+20    0.00000e+00    9.22599e+21    7.03246e+21    7.30562e+15    0.00000e+00
    9.81712e-06    4.26533e+20    0.00000e+00    8.92237e+21    7.50728e+21    8.05811e+15    0.00000e+00
    1.03283e-05    4.92715e+20    0.00000e+00    8.78295e+21    7.99627e+21    8.88813e+15    0.00000e+00
    1.08661e-05    5.31989e+20    0.00000e+00    8.59806e+21    8.43584e+21    9.80365e+15    0.00000e+00
    1.14318e-05    5.97520e+20    0.00000e+00    8.59875e+21    8.91322e+21    1.08133e+16    0.00000e+00
    1.20271e-05    6.44127e+20    0.00000e+00    8.53528e+21    9.50734e+21    1.19272e+16    0.00000e+00
    1.26533e-05    7.05919e+20    0.00000e+00    8.62196e+21    9.95160e+21    1.31556e+16    0.00000e+00
    1.33122e-05    7.69860e+20    0.00000e+00    8.67656e+21    1.05211e+22    1.45108e+16    0.00000e+00
    1.40053e-05    8.52959e+20    0.00000e+00    8.75891e+21    1.10631e+22    1.60053e+16    0.00000e+00
    1.47345e-05    9.19680e+20    0.00000e+00    9.02540e+21    1.16216e+22    1.76538e+16    0.00000e+00
    1.55018e-05    1.01695e+21    0.00000e+00    9.19023e+21    1.21736e+22    1.94724e+16    0.00000e+00
    1.63089e-05    1.12398e+21    0.00000e+00    9.37581e+21    1.27972e+22    2.14779e+16    0.00000e+00
    1.71581e-05    1.19776e+21    0.00000e+00    9.64690e+21    1.32652e+22    2.36902e+16    0.00000e+00
    1.80515e-05    1.29693e+21    0.00000e+00    9.88795e+21    1.38740e+22    2.61303e+16    0.00000e+00
    1.89914e-05    1.39215e+21    0.00000e+00    1.00759e+22    1.44766e+22    2.88217e+16    0.00000e+00
    1.99803e-05    1.52480e+21    0.00000e+00    1.04086e+22    1.51346e+22    3.17905e+16    0.00000e+00
    2.10206e-05    1.63009e+21    0.00000e+00    1.06388e+22    1.56635e+22    3.50648e+16    0.00000e+00
    2.21151e-05    1.74876e+21    0.00000e+00    1.09042e+22    1.62285e+22    3.86765e+16    0.00000e+00
    2.32666e-05    1.90111e+21    0.00000e+00    1.12397e+22    1.68200e+22    4.26602e+16    0.00000e+00
    2.44781e-05    2.00918e+21    0.00000e+00    1.14958e+22    1.73973e+22    4.70544e+16    0.00000e+00
    2.57526e-05    2.16130e+21    0.00000e+00    1.17554e+22    1.79632e+22    5.19009e+16    0.00000e+00
    2.70935e-05    2.28688e+21    0.00000e+00    1.19573e+22    1.84480e+22    5.72467e+16    0.00000e+00
    2.85043e-05    2.42991e+21    0.00000e+00    1.22716e+22    1.91189e+22    6.31435e+16    0.00000e+00
    2.99884e-05    2.58069e+21    0.00000e+00    1.24342e+22    1.96679e+22    6.96470e+16    0.00000e+00
    3.15499e-05    2.74729e+21    0.00000e+00    1.27535e+22    2.01231e+22    7.68210e+16    0.00000e+00
    3.31927e-05    2.89364e+21    0.00000e+00    1.29519e+22    2.06286e+22    8.47338e+16    0.00000e+00
    3.49210e-05    3.04928e+21    0.00000e+00    1.31130e+22    2.11367e+22    9.34615e+16    0.00000e+00
    3.67392e-05    3.22582e+21    0.00000e+00    1.33822e+22    2.15259e+22    1.03088e+17    0.00000e+00
    3.86522e-05    3.41934e+21    0.00000e+00    1.35483e+22    2.20660e+22    1.13706e+17    0.00000e+00
    4.06648e-05    3.56713e+21    0.00000e+00    1.36579e+22    2.24352e+22    1.25418e+17    0.00000e+00
    4.27821e-05    3.73248e+21    0.00000e+00    1.38290e+22    2.28498e+22    1.38336e+17    0.00000e+00
    4.50098e-05    3.94332e+21    0.00000e+00    1.39771e+22    2.32595e+22    1.52585e+17    0.00000e+00
    4.73533e-05    4.11071e+21    0.00000e+00    1.40887e+22    2.35817e+22    1.68301e+17    0.00000e+00
    4.98190e-05    4.26174e+21    0.00000e+00    1.41734e+22    2.39832e+22    1.85637e+17    0.00000e+00
    5.24130e-05    4.46889e+21    0.00000e+00    1.42421e+22    2.42108e+22    2.04757e+17    0.00000e+00
    5.51421e-05    4.66200e+21    0.00000e+00    1.43448e+22    2.44149e+22    2.25848e+17    0.00000e+00
    5.80132e-05    4.82295e+21    0.00000e+00    1.43443e+22    2.47254e+22    2.49110e+17    0.00000e+00
    6.10339e-05    4.99780e+21    0.00000e+00    1.44038e+22    2.48751e+22    2.74769e+17    0.00000e+00
    6.42119e-05    5.18146e+21    0.00000e+00    1.44179e+22    2.50643e+22    3.03071e+17    0.00000e+00
    6.75553e-05    5.34517e+21    0.00000e+00    1.43941e+22    2.51964e+22    3.34287e+17    0.00000e+00
    7.10728e-05    5.48819e+21    0.00000e+00    1.43637e+22    2.53020e+22    3.68719e+17    0.00000e+00
    7.47735e-05    5.67265e+21    0.00000e+00    1.43304e+22    2.53929e+22    4.06697e+17    0.00000e+00
    7.86668e-05    5.83387e+21    0.00000e+00    1.42832e+22    2.53922e+22    4.48587e+17    0.00000e+00
    8.27629e-05    5.97173e+21    0.00000e+00    1.41559e+22    2.53862e+22    4.94792e+17    0.00000e+00
    8.70722e-05    6.11087e+21    0.00000e+00    1.41092e+22    2.53684e+22    5.45756e+17    0.00000e+00
    9.16060e-05    6.25073e+21    0.00000e+00    1.40193e+22    2.52414e+22    6.01970e+17    0.00000e+00
    9.63758e-05    6.38782e+21    0.00000e+00    1.38864e+22    2.51725e+22    6.63974e+17    0.00000e+00
    1.01394e-04    6.48872e+21    0.00000e+00    1.37080e+22    2.50302e+22    7.32364e+17    0.00000e+00
    1.06673e-04    6.61258e+21    0.00000e+00    1.35948e+22    2.48048e+22    8.07792e+17    0.00000e+00
    1.12228e-04    6.73849e+21    0.00000e+00    1.34053e+22    2.46045e+22    8.91006e+17    0.00000e+00
    1.18071e-04    6.81437e+21    0.00000e+00    1.32100e+22    2.43728e+22    9.82772e+17    0.00000e+00
    1.24219e-04    6.90557e+21    0.00000e+00    1.30101e+22    2.40719e+22    1.08400e+18    0.00000e+00
    1.30687e-04    7.00496e+21    0.00000e+00    1.28059e+22    2.37643e+22    1.19566e+18    0.00000e+00
    1.37492e-04    7.05644e+21    0.00000e+00    1.25793e+22    2.34102e+22    1.31882e+18    0.00000e+00
    1.44651e-04    7.10567e+21    0.00000e+00    1.23308e+22    2.30555e+22    1.45465e+18    0.00000e+00
    1.52183e-04    7.17119e+21    0.00000e+00    1.21077e+22    2.26500e+22    1.60449e+18    0.00000e+00
    1.60106e-04    7.19587e+21    0.00000e+00    1.18197e+22    2.22308e+22    1.76973e+18    0.00000e+00
    1.68443e-04    7.23577e+21    0.00000e+00    1.15298e+22    2.18103e+22    1.95203e+18    0.00000e+00
    1.77214e-04    7.23932e+21    0.00000e+00    1.12722e+22    2.13146e+22    2.15310e+18    0.00000e+00
    1.86441e-04    7.25634e+21    0.00000e+00    1.09794e+22    2.08571e+22    2.37486e+18    0.00000e+00
    1.96149e-04    7.23072e+21    0.00000e+00    1.06812e+22    2.03572e+22    2.61948e+18    0.00000e+00
    2.06362e-04    7.20970e+21    0.00000e+00    1.03709e+22    1.98386e+22    2.88929e+18    0.00000e+00
    2.17107e-04    7.18136e+21    0.00000e+00    1.00690e+22    1.92873e+22    3.18689e+18    0.00000e+00
    2.28411e-04    7.14047e+21    0.00000e+00    9.74901e+21    1.87571e+22    3.51513e+18    0.00000e+00
    2.40304e-04    7.10016e+21    0.00000e+00    9.40110e+21    1.82097e+22    3.87780e+18    0.00000e+00
    2.52817e-04    7.02656e+21    0.00000e+00    9.09310e+21    1.76203e+22    4.27807e+18    0.00000e+00
    2.65980e-04    6.94323e+21    0.00000e+00    8.76150e+21    1.70448e+22    4.71703e+18    0.00000e+00
    2.79830e-04    6.86293e+21    0.00000e+00    8.45179e+21    1.64610e+22    5.20383e+18    0.00000e+00
    2.94400e-04    6.76256e+21    0.00000e+00    8.10870e+21    1.58667e+22    5.74106e+18    0.00000e+00
    3.09729e-04    6.65552e+21    0.00000e+00    7.79594e+21    1.52715e+22    6.32991e+18    0.00000e+00
    3.25856e-04    6.55279e+21    0.00000e+00    7.45367e+21    1.46823e+22    6.98483e+18    0.00000e+00
    3.42823e-04    6.41865e+21    0.00000e+00    7.13128e+21    1.41060e+22    7.70104e+18    0.00000e+00
    3.60673e-04    6.28614e+21    0.00000e+00    6.81379e+21    1.34699e+22    8.49805e+18    0.00000e+00
    3.79453e-04    6.16123e+21    0.00000e+00    6.49117e+21    1.29080e+22    9.37147e+18    0.00000e+00
    3.99211e-04    5.99473e+21    0.00000e+00    6.17574e+21    1.23169e+22    1.03368e+19    0.00000e+00
    4.19997e-04    5.86110e+21    0.00000e+00    5.87553e+21    1.17340e+22    1.14016e+19    0.00000e+00
    4.41866e-04    5.69473e+21    0.00000e+00    5.57366e+21    1.11590e+22    1.25727e+19    0.00000e+00
    4.64873e-04    5.53076e+21    0.00000e+00    5.27821e+21    1.05996e+22    1.37475e+19    0.00000e+00
    4.89079e-04    5.36876e+21    0.00000e+00    4.98713e+21    1.00596e+22    1.51892e+19    0.00000e+00
    5.14544e-04    5.19867e+21    4.92085e+21    4.70827e+21    9.51868e+21    1.67824e+19    0.00000e+00
    5.41336e-04    5.01954e+21    4.66170e+21    4.43859e+21    8.98562e+21    1.85425e+19    0.00000e+00
    5.69523e-04    4.84462e+21    4.41942e+21    4.17142e+21    8.47420e+21    2.04803e+19    0.00000e+00
    5.99177e-04    4.67428e+21    4.17594e+21    3.92112e+21    7.98167e+21    2.26323e+19    0.00000e+00
    6.30375e-04    4.49133e+21    3.95034e+21    3.67272e+21    7.49720e+21    2.49905e+19    0.00000e+00
    6.63198e-04    4.30352e+21    3.72181e+21    3.43335e+21    7.01709e+21    2.75877e+19    0.00000e+00
    6.97730e-04    4.13179e+21    3.49651e+21    3.20909e+21    6.58717e+21    3.04766e+19    0.00000e+00
    7.34060e-04    3.95178e+21    3.28642e+21    2.99862e+21    6.13788e+21    3.36553e+19    0.00000e+00
    7.72281e-04    3.77736e+21    3.07640e+21    2.78512e+21    5.73302e+21    3.71369e+19    0.00000e+00
    8.12493e-04    3.59510e+21    2.88769e+21    2.59252e+21    5.32758e+21    4.10120e+19    0.00000e+00
    8.54798e-04    3.42152e+21    2.69913e+21    2.40174e+21    4.94717e+21    4.52449e+19    0.00000e+00
    8.99307e-04    3.25440e+21    2.52195e+21    2.23027e+21    4.58708e+21    4.99328e+19    0.00000e+00
    9.46132e-04    3.08739e+21    2.36070e+21    2.06339e+21    4.25052e+21    5.50896e+19    0.00000e+00
    9.95396e-04    2.91718e+21    2.19735e+21    1.90329e+21    3.91976e+21    6.07571e+19    0.00000e+00
    1.04723e-03    2.75526e+21    2.05417e+21    1.75925e+21    3.62004e+21    6.70295e+19    0.00000e+00
    1.10175e-03    2.60018e+21    1.91248e+21    1.62245e+21    3.32944e+21    7.39105e+19    0.00000e+00
    1.15912e-03    2.44557e+21    1.78261e+21    1.49360e+21    3.06375e+21    8.14904e+19    0.00000e+00
    1.21947e-03    2.29657e+21    1.66774e+21    1.37862e+21    2.81712e+21    8.98372e+19    0.00000e+00
    1.28297e-03    2.14713e+21    1.55786e+21    1.26697e+21    2.57814e+21    9.89881e+19    0.00000e+00
    1.34977e-03    2.01077e+21    1.46100e+21    1.17234e+21    2.36899e+21    1.09085e+20    0.00000e+00
    1.42005e-03    1.87627e+21    1.37005e+21    1.07941e+21    2.17013e+21    1.20169e+20    0.00000e+00
    1.49399e-03    1.74658e+21    1.29167e+21    9.97812e+20    1.98202e+21    1.32330e+20    0.00000e+00
    1.57178e-03    1.62425e+21    1.22374e+21    9.25251e+20    1.81940e+21    1.45723e+20    0.00000e+00
    1.65362e-03    1.50492e+21    1.16075e+21    8.59460e+20    1.66446e+21    1.60393e+20    0.00000e+00
    1.73973e-03    1.39432e+21    1.11226e+21    8.04097e+20    1.52827e+21    1.76502e+20    0.00000e+00
    1.83031e-03    1.28584e+21    1.07121e+21    7.53918e+20    1.40569e+21    1.94186e+20    0.00000e+00
    1.92561e-03    1.18538e+21    1.03988e+21    7.13376e+20    1.29463e+21    2.13530e+20    0.00000e+00
    2.02588e-03    1.08968e+21    1.01789e+21    6.79625e+20    1.19845e+21    2.34783e+20    0.00000e+00
    2.13136e-03    9.99221e+20    1.00611e+21    6.49268e+20    1.11291e+21    2.58028e+20    0.00000e+00
    2.24234e-03    9.16023e+20    1.00348e+21    6.31022e+20    1.04039e+21    2.83444e+20    0.00000e+00
    2.35910e-03    8.33872e+20    1.00931e+21    6.16903e+20    9.81240e+20    3.11321e+20    0.00000e+00
    2.48193e-03    7.61357e+20    1.02535e+21    6.09854e+20    9.31560e+20    3.41731e+20    0.00000e+00
    2.61116e-03    6.91928e+20    1.05253e+21    6.10047e+20    8.91393e+20    3.74978e+20    0.00000e+00
    2.74712e-03    6.28369e+20    1.08840e+21    6.16106e+20    8.63356e+20    4.11306e+20    0.00000e+00
    2.89016e-03    5.70248e+20    1.13497e+21    6.29638e+20    8.45578e+20    4.50862e+20    0.00000e+00
    3.04065e-03    5.15834e+20    1.19185e+21    6.48336e+20    8.36629e+20    4.94089e+20    0.00000e+00
    3.19897e-03    4.66721e+20    1.26017e+21    6.74589e+20    8.37621e+20    5.41136e+20    0.00000e+00
    3.36553e-03    4.21545e+20    1.33876e+21    7.06910e+20    8.48413e+20    5.92292e+20    0.00000e+00
    3.54077e-03    3.81350e+20    1.42945e+21    7.46727e+20    8.67991e+20    6.48059e+20    0.00000e+00
    3.72514e-03    3.44725e+20    1.53213e+21    7.92677e+20    8.96777e+20    7.08561e+20    0.00000e+00
    3.91910e-03    3.12771e+20    1.64676e+21    8.45716e+20    9.34759e+20    7.74293e+20    0.00000e+00
    4.12316e-03    2.83976e+20    1.77593e+21    9.06186e+20    9.81917e+20    8.45643e+20    0.00000e+00
    4.33785e-03    2.59159e+20    1.91778e+21    9.73588e+20    1.03832e+21    9.22858e+20    0.00000e+00
    4.56372e-03    2.37689e+20    2.07400e+21    1.04954e+21    1.10412e+21    1.00663e+21    0.00000e+00
    4.80134e-03    2.20086e+20    2.24587e+21    1.13266e+21    1.17879e+21    1.09720e+21    0.00000e+00
    5.05134e-03    2.05988e+20    2.43328e+21    1.22456e+21    1.26316e+21    1.19501e+21    0.00000e+00
    5.31436e-03    1.95020e+20    2.63782e+21    1.32536e+21    1.35705e+21    1.30081e+21    0.00000e+00
    5.59107e-03    1.87389e+20    2.85976e+21    1.43495e+21    1.46151e+21    1.41481e+21    0.00000e+00
    5.88219e-03    1.82785e+20    3.10018e+21    1.55429e+21    1.57611e+21    1.53770e+21    0.00000e+00
    6.18847e-03    1.81608e+20    3.36071e+21    1.68350e+21    1.70156e+21    1.67009e+21    0.00000e+00
    6.51069e-03    1.84121e+20    3.64126e+21    1.82302e+21    1.83799e+21    1.81228e+21    0.00000e+00
    6.84970e-03    1.89658e+20    3.94404e+21    1.97388e+21    1.98605e+21    1.96520e+21    0.00000e+00
    7.20635e-03    1.99357e+20    4.26920e+21    2.13600e+21    2.14584e+21    2.12906e+21    0.00000e+00
    7.58158e-03    2.12219e+20    4.61748e+21    2.30975e+21    2.31777e+21    2.30432e+21    0.00000e+00
    7.97634e-03    2.29426e+20    4.99032e+21    2.49591e+21    2.50231e+21    2.49161e+21    0.00000e+00
    8.39166e-03    2.50500e+20    5.38700e+21    2.69402e+21    2.69920e+21    2.69069e+21    0.00000e+00
    8.82860e-03    2.76199e+20    5.80740e+21    2.90411e+21    2.90820e+21    2.90151e+21    0.00000e+00
    9.28829e-03    3.06940e+20    6.24971e+21    3.12516e+21    3.12840e+21    3.12316e+21    0.00000e+00
    9.77192e-03    3.42734e+20    6.71111e+21    3.35574e+21    3.35830e+21    3.35424e+21    0.00000e+00
    1.02807e-02    3.84605e+20    7.18487e+21    3.59256e+21    3.59453e+21    3.59141e+21    0.00000e+00
    1.08160e-02    4.32568e+20    7.66246e+21    3.83130e+21    3.83288e+21    3.83046e+21    0.00000e+00
    1.13792e-02    4.87093e+20    8.13180e+21    4.06594e+21    4.06714e+21    4.06531e+21    0.00000e+00
    1.19717e-02    5.49190e+20    8.56724e+21    4.28365e+21    4.28456e+21    4.28318e+21    0.00000e+00
    1.25951e-02    6.18729e+20    8.94933e+21    4.47467e+21    4.47539e+21    4.47435e+21    0.00000e+00
    1.32509e-02    6.96343e+20    9.24007e+21    4.62004e+21    4.62056e+21    4.61980e+21    0.00000e+00
    1.39408e-02    7.82072e+20    9.39607e+21    4.69804e+21    4.69844e+21    4.69787e+21    0.00000e+00
    1.46667e-02    8.75248e+20    9.39026e+21    4.69513e+21    4.69542e+21    4.69501e+21    0.00000e+00
    1.54304e-02    9.74522e+20    9.16596e+21    4.58298e+21    4.58319e+21    4.58290e+21    0.00000e+00
    1.62338e-02    1.07721e+21    8.72121e+21    4.36060e+21    4.36076e+21    4.36055e+21    0.00000e+00
    1.70791e-02    1.17889e+21    8.06186e+21    4.03093e+21    4.03104e+21    4.03089e+21    0.00000e+00
    1.79684e-02    1.27039e+21    7.20848e+21    3.60424e+21    3.60432e+21    3.60421e+21    0.00000e+00
    1.89040e-02    1.34233e+21    6.23808e+21    3.11904e+21    3.11909e+21    3.11902e+21    0.00000e+00
    1.98883e-02    1.37938e+21    5.21757e+21    2.60878e+21    2.60882e+21    2.60877e+21    0.00000e+00
    2.09238e-02    1.36480e+21    4.22736e+21    2.11368e+21    2.11371e+21    2.11367e+21    0.00000e+00
    2.20133e-02    1.29281e+21    3.31566e+21    1.65783e+21    1.65785e+21    1.65782e+21    0.00000e+00
    2.31595e-02    1.15728e+21    2.53839e+21    1.26920e+21    1.26921e+21    1.26919e+21    0.00000e+00
    2.43654e-02    9.78537e+20    1.89786e+21    9.48928e+20    9.48935e+20    9.48927e+20    0.00000e+00
    2.56341e-02    7.79620e+20    1.39082e+21    6.95411e+20    6.95415e+20    6.95410e+20    0.00000e+00
    2.69688e-02    5.89528e+20    1.01840e+21    5.09202e+20    5.09205e+20    5.09201e+20    0.00000e+00
    2.83730e-02    4.24239e+20    7.41900e+20    3.70950e+20    3.70952e+20    3.70949e+20    0.00000e+00
    2.98504e-02    2.93923e+20    5.46368e+20    2.73184e+20    2.73185e+20    2.73184e+20    0.00000e+00
    3.14047e-02    1.98634e+20    4.07024e+20    2.03512e+20    2.03513e+20    2.03512e+20    0.00000e+00
    3.30399e-02    1.30762e+20    3.00684e+20    1.50342e+20    1.50343e+20    1.50342e+20    0.00000e+00
    3.47602e-02    8.68258e+19    2.17120e+20    1.08560e+20    1.08560e+20    1.08560e+20    0.00000e+00
    3.65701e-02    5.80492e+19    1.48601e+20    7.43003e+19    7.43004e+19    7.43003e+19    0.00000e+00
    3.84743e-02    3.92890e+19    9.48813e+19    4.74407e+19    4.74407e+19    4.74407e+19    0.00000e+00
    4.04776e-02    2.68211e+19    5.79525e+19    2.89763e+19    2.89763e+19    2.89763e+19    0.00000e+00
    4.25852e-02    1.73728e+19    3.34580e+19    1.67290e+19    1.67290e+19    1.67290e+19    0.00000e+00
    4.48025e-02    1.04373e+19    1.89687e+19    9.48435e+18    9.48435e+18    9.48435e+18    0.00000e+00
    4.71353e-02    5.84864e+18    1.08477e+19    5.42386e+18    5.42386e+18    5.42386e+18    0.00000e+00
    4.95896e-02    3.03316e+18    6.16749e+18    3.08375e+18    3.08375e+18    3.08375e+18    0.00000e+00
    5.21717e-02    1.56935e+18    3.50916e+18    1.75458e+18    1.75458e+18    1.75458e+18    0.00000e+00
    5.48882e-02    8.04472e+17    1.84267e+18    9.21336e+17    9.21336e+17    9.21336e+17    0.00000e+00
    5.77462e-02    4.12547e+17    8.68370e+17    4.34185e+17    4.34185e+17    4.34185e+17    0.00000e+00
    6.07529e-02    2.09400e+17    4.00825e+17    2.00412e+17    2.00412e+17    2.00412e+17    0.00000e+00
    6.39162e-02    9.37546e+16    1.74944e+17    8.74718e+16    8.74718e+16    8.74718e+16    0.00000e+00
    6.72443e-02    3.86799e+16    7.82766e+16    3.91383e+16    3.91383e+16    3.91383e+16    0.00000e+00
    7.07456e-02    1.55958e+16    3.41459e+16    1.70730e+16    1.70730e+16    1.70730e+16    0.00000e+00
    7.44292e-02    6.07231e+15    1.28263e+16    6.41315e+15    6.41315e+15    6.41315e+15    0.00000e+00
    7.83047e-02    2.42524e+15    4.67278e+15    2.33639e+15    2.33639e+15    2.33639e+15    0.00000e+00
    8.23819e-02    8.40573e+14    1.61143e+15    8.05714e+14    8.05714e+14    8.05714e+14    0.00000e+00
    8.66714e-02    2.53501e+14    5.37376e+14    2.68688e+14    2.68688e+14    2.68688e+14    0.00000e+00
    9.11843e-02    8.31631e+13    1.75553e+14    8.77763e+13    8.77763e+13    8.77763e+13    0.00000e+00
    9.59321e-02    2.45758e+13    4.72431e+13    2.36215e+13    2.36215e+13    2.36215e+13    0.00000e+00
    1.00927e-01    6.52995e+12    1.28888e+13    6.44440e+12    6.44440e+12    6.44440e+12    0.00000e+00
    1.06182e-01    1.63529e+12    3.45663e+12    1.72832e+12    1.72832e+12    1.72832e+12    0.00000e+00
    1.11711e-01    3.69128e+11    7.24625e+11    3.62313e+11    3.62313e+11    3.62313e+11    0.00000e+00
    1.17528e-01    8.46625e+10    1.65527e+11    8.27634e+10    8.27634e+10    8.27634e+10    0.00000e+00
    1.23647e-01    1.59193e+10    3.34011e+10    1.67005e+10    1.67005e+10    1.67005e+10    0.00000e+00
    1.30085e-01    2.73777e+09    5.31354e+09    2.65677e+09    2.65677e+09    2.65677e+09    0.00000e+00
    1.36859e-01    4.97690e+08    9.94416e+08    4.97208e+08    4.97208e+08    4.97208e+08    0.00000e+00
    1.43985e-01    6.79708e+07    1.38668e+08    6.93342e+07    6.93342e+07    6.93342e+07    0.00000e+00
    1.51482e-01    9.50606e+06    1.86727e+07    9.33633e+06    9.33633e+06    9.33633e+06    0.00000e+00
    1.59369e-01    1.17087e+06    2.41940e+06    1.20970e+06    1.20970e+06    1.20970e+06    0.00000e+00
    1.67668e-01    1.09391e+05    2.12963e+05    1.06481e+05    1.06481e+05    1.06481e+05    0.00000e+00
    1.76398e-01    1.21212e+04    2.47901e+04    1.23951e+04    1.23951e+04    1.23951e+04    0.00000e+00
    1.85583e-01    9.79636e+02    1.91344e+03    9.56718e+02    9.56718e+02    9.56718e+02    0.00000e+00
    1.95246e-01    5.91465e+01    1.19192e+02    5.95958e+01    5.95958e+01    5.95958e+01    0.00000e+00
    2.05412e-01    4.94330e+00    9.77136e+00    4.88568e+00    4.88568e+00    4.88568e+00    0.00000e+00
    2.16107e-01    2.24691e-01    4.42575e-01    2.21287e-01    2.21287e-01    2.21287e-01    0.00000e+00
    2.27360e-01    1.18592e-02    2.35325e-02    1.17663e-02    1.17663e-02    1.17663e-02    0.00000e+00
    2.39198e-01    5.44307e-04    1.07667e-03    5.38336e-04    5.38336e-04    5.38336e-04    0.00000e+00
    2.51653e-01    1.83542e-05    3.62010e-05    1.81005e-05    1.81005e-05    1.81005e-05    0.00000e+00
    2.64756e-01    5.08585e-07    1.00320e-06    5.01600e-07    5.01600e-07    5.01600e-07    0.00000e+00
    2.78541e-01    1.39199e-08    2.74488e-08    1.37244e-08    1.37244e-08    1.37244e-08    0.00000e+00
    2.93045e-01    3.13174e-10    6.13352e-10    3.06676e-10    3.06676e-10    3.06676e-10    0.00000e+00
    3.08303e-01    4.76178e-12    9.28930e-12    4.64465e-12    4.64465e-12    4.64465e-12    0.00000e+00
    3.24356e-01    6.50772e-14    1.27562e-13    6.37812e-14    6.37812e-14    6.37812e-14    0.00000e+00
    3.41245e-01    8.14652e-16    1.58491e-15    7.92456e-16    7.92456e-16    7.92456e-16    0.00000e+00
    3.59013e-01    6.36207e-18    1.22785e-17    6.13927e-18    6.13927e-18    6.13927e-18    0.00000e+00
    3.77706e-01    4.36713e-20    8.50654e-20    4.25327e-20    4.25327e-20    4.25327e-20    0.00000e+00
    3.97373e-01    2.53776e-22    4.86900e-22    2.43450e-22    2.43450e-22    2.43450e-22    0.00000e+00
    4.18064e-01    8.75249e-25    1.68118e-24    8.40589e-25    8.40589e-25    8.40589e-25    0.00000e+00
    4.39832e-01    3.02704e-27    5.82081e-27    2.91040e-27    2.91040e-27    2.91040e-27    0.00000e+00
    4.62733e-01    6.05849e-30    1.14571e-29    5.72857e-30    5.72857e-30    5.72857e-30    0.00000e+00
    4.86827e-01    1.05390e-32    2.02201e-32    1.01101e-32    1.01101e-32    1.01101e-32    0.00000e+00
    5.12176e-01    1.14279e-35    2.13571e-35    1.06786e-35    1.06786e-35    1.06786e-35    0.00000e+00
    5.38844e-01    9.93642e-39    1.89204e-38    9.46021e-39    9.46021e-39    9.46021e-39    0.00000e+00
    5.66901e-01    5.06651e-42    9.40555e-42    4.70278e-42    4.70278e-42    4.70278e-42    0.00000e+00
    5.96418e-01    2.28232e-45    4.26228e-45    2.13114e-45    2.13114e-45    2.13114e-45    0.00000e+00
    6.27473e-01    4.92529e-49    9.22267e-49    4.61133e-49    4.61133e-49    4.61133e-49    0.00000e+00
    6.60145e-01    8.62351e-53    1.55874e-52    7.79368e-53    7.79368e-53    7.79368e-53    0.00000e+00
    6.94518e-01    9.23007e-57    1.71454e-56    8.57268e-57    8.57268e-57    8.57268e-57    0.00000e+00
    7.30680e-01    6.26998e-61    1.16010e-60    5.80050e-61    5.80050e-61    5.80050e-61    0.00000e+00
    7.68726e-01    2.13279e-65    3.78359e-65    1.89180e-65    1.89180e-65    1.89180e-65    0.00000e+00
    8.08752e-01    8.02062e-70    1.41697e-69    7.08484e-70    7.08484e-70    7.08484e-70    0.00000e+00
    8.50863e-01    9.20081e-75    1.64883e-74    8.24415e-75    8.24415e-75    8.24415e-75    0.00000e+00
    8.95166e-01    1.26450e-79    2.28762e-79    1.14381e-79    1.14381e-79    1.14381e-79    0.00000e+00
    9.41777e-01    1.90252e-85    3.45775e-85    1.72887e-85    1.72887e-85    1.72887e-85   2.34038e-100
    9.90814e-01    3.88172e-91    6.99747e-91    3.49873e-91    3.49873e-91    3.49873e-91   4.21488e-101
    1.04240e+00    3.05589e-95    5.50835e-95    2.75417e-95    2.75417e-95    2.75417e-95   2.32847e-107
    1.09668e+00   4.73027e-102   8.47558e-102   4.23779e-102   4.23779e-102   4.23779e-102   6.12767e-114
    1.15378e+00   1.25436e-107   2.23642e-107   1.11821e-107   1.11821e-107   1.11821e-107   1.71599e-127
    1.21386e+00   6.27513e-117   1.03821e-116   5.19107e-117   5.19107e-117   5.19107e-117   3.09038e-128
    1.27706e+00   3.28047e-121   5.42731e-121   2.71366e-121   2.71366e-121   2.71366e-121   5.80970e-144
    1.34356e+00   5.02738e-132   8.49543e-132   4.24772e-132   4.24772e-132   4.24772e-132   1.53543e-152
    1.41352e+00   4.53141e-140   7.45944e-140   3.72972e-140   3.72972e-140   3.72972e-140   1.97768e-161
    1.48712e+00   1.20788e-148   1.87388e-148   9.36938e-149   9.36938e-149   9.36938e-149   3.57647e-170
    1.56455e+00   1.40474e-157   2.29421e-157   1.14711e-157   1.14711e-157   1.14711e-157   6.44097e-171
    1.64601e+00   2.59065e-162   4.23104e-162   2.11552e-162   2.11552e-162   2.11552e-162   3.34705e-191
    1.73172e+00   6.06733e-177   8.78123e-177   4.39062e-177   4.39062e-177   4.39062e-177   3.45949e-202
    1.82189e+00   2.14974e-187   3.33426e-187   1.66713e-187   1.66713e-187   1.66713e-187   5.32994e-213
    1.91675e+00   2.04532e-198   3.27582e-198   1.63791e-198   1.63791e-198   1.63791e-198   9.59886e-214
    2.01655e+00   2.12876e-203   3.40946e-203   1.70473e-203   1.70473e-203   1.70473e-203   6.90259e-226
    2.12155e+00   8.87927e-216   1.41000e-215   7.05002e-216   7.05002e-216   7.05002e-216   1.98696e-251
    2.23202e+00   6.44637e-235   9.26482e-235   4.63241e-235   4.63241e-235   4.63241e-235   3.57839e-252
    2.34823e+00   2.55191e-239   3.66764e-239   1.83382e-239   1.83382e-239   1.83382e-239   2.60495e-266
    2.47050e+00   7.24593e-253   9.17376e-253   4.58688e-253   4.58688e-253   4.58688e-253   4.25553e-296
    2.59914e+00   1.89589e-277   2.32135e-277   1.16067e-277   1.16067e-277   1.16067e-277   7.66391e-297
    2.73447e+00   5.15494e-282   6.31177e-282   3.15588e-282   3.15588e-282   3.15588e-282    0.00000e+00
    2.87685e+00   1.01670e-297   1.46134e-297   7.30668e-298   7.30668e-298   7.30668e-298    0.00000e+00
    3.02665e+00    0.00000e+00    0.00000e+00    0.00000e+00    0.00000e+00    0.00000e+00    0.00000e+00
    3.18424e+00    0.00000e+00    0.00000e+00    0.00000e+00    0.00000e+00    0.00000e+00    0.00000e+00
    3.35004e+00    0.00000e+00    0.00000e+00    0.00000e+00    0.00000e+00    0.00000e+00    0.00000e+00
    3.52447e+00    0.00000e+00    0.00000e+00    0.00000e+00    0.00000e+00    0.00000e+00    0.00000e+00
    3.70799e+00    0.00000e+00    0.00000e+00    0.00000e+00    0.00000e+00    0.00000e+00    0.00000e+00
    3.90106e+00    0.00000e+00    0.00000e+00    0.00000e+00    0.00000e+00    0.00000e+00    0.00000e+00
    4.10418e+00    0.00000e+00    0.00000e+00    0.00000e+00    0.00000e+00    0.00000e+00    0.00000e+00
    4.31788e+00    0.00000e+00    0.00000e+00    0.00000e+00    0.00000e+00    0.00000e+00    0.00000e+00
    4.54271e+00    0.00000e+00    0.00000e+00    0.00000e+00    0.00000e+00    0.00000e+00    0.00000e+00
    4.77924e+00    0.00000e+00    0.00000e+00    0.00000e+00    0.00000e+00    0.00000e+00    0.00000e+00
    5.02809e+00    0.00000e+00    0.00000e+00    0.00000e+00    0.00000e+00    0.00000e+00    0.00000e+00
    5.28989e+00    0.00000e+00    0.00000e+00    0.00000e+00    0.00000e+00    0.00000e+00    0.00000e+00
    5.56533e+00    0.00000e+00    0.00000e+00    0.00000e+00    0.00000e+00    0.00000e+00    0.00000e+00
    5.85511e+00    0.00000e+00    0.00000e+00    0.00000e+00    0.00000e+00    0.00000e+00    0.00000e+00
    6.15998e+00    0.00000e+00    0.00000e+00    0.00000e+00    0.00000e+00    0.00000e+00    0.00000e+00
    6.48072e+00    0.00000e+00    0.00000e+00    0.00000e+00    0.00000e+00    0.00000e+00    0.00000e+00
    6.81816e+00    0.00000e+00    0.00000e+00    0.00000e+00    0.00000e+00    0.00000e+00    0.00000e+00
    7.17317e+00    0.00000e+00    0.00000e+00    0.00000e+00    0.00000e+00    0.00000e+00    0.00000e+00
    7.54667e+00    0.00000e+00    0.00000e+00    0.00000e+00    0.00000e+00    0.00000e+00    0.00000e+00
    7.93962e+00    0.00000e+00    0.00000e+00    0.00000e+00    0.00000e+00    0.00000e+00    0.00000e+00
    8.35302e+00    0.00000e+00    0.00000e+00    0.00000e+00    0.00000e+00    0.00000e+00    0.00000e+00
    8.78795e+00    0.00000e+00    0.00000e+00    0.00000e+00    0.00000e+00    0.00000e+00    0.00000e+00
    9.24553e+00    0.00000e+00    0.00000e+00    0.00000e+00    0.00000e+00    0.00000e+00    0.00000e+00
    9.72693e+00    0.00000e+00    0.00000e+00    0.00000e+00    0.00000e+00    0.00000e+00    0.00000e+00
    1.02334e+01    0.00000e+00    0.00000e+00    0.00000e+00    0.00000e+00    0.00000e+00    0.00000e+00
    1.07662e+01    0.00000e+00    0.00000e+00    0.00000e+00    0.00000e+00    0.00000e+00    0.00000e+00
    1.13268e+01    0.00000e+00    0.00000e+00    0.00000e+00    0.00000e+00    0.00000e+00    0.00000e+00
    1.19166e+01    0.00000e+00    0.00000e+00    0.00000e+00    0.00000e+00    0.00000e+00    0.00000e+00
    1.25371e+01    0.00000e+00    0.00000e+00    0.00000e+00    0.00000e+00    0.00000e+00    0.00000e+00
    1.31899e+01    0.00000e+00    0.00000e+00    0.00000e+00    0.00000e+00    0.00000e+00    0.00000e+00
    1.38766e+01    0.00000e+00    0.00000e+00    0.00000e+00    0.00000e+00    0.00000e+00    0.00000e+00
    1.45992e+01    0.00000e+00    0.00000e+00    0.00000e+00    0.00000e+00    0.00000e+00    0.00000e+00
    1.53593e+01    0.00000e+00    0.00000e+00    0.00000e+00    0.00000e+00    0.00000e+00    0.00000e+00
    1.61591e+01    0.00000e+00    0.00000e+00    0.00000e+00    0.00000e+00    0.00000e+00    0.00000e+00
    1.70005e+01    0.00000e+00    0.00000e+00    0.00000e+00    0.00000e+00    0.00000e+00    0.00000e+00
    1.78857e+01    0.00000e+00    0.00000e+00    0.00000e+00    0.00000e+00    0.00000e+00    0.00000e+00
    1.88169e+01    0.00000e+00    0.00000e+00    0.00000e+00    0.00000e+00    0.00000e+00    0.00000e+00
    1.97967e+01    0.00000e+00    0.00000e+00    0.00000e+00    0.00000e+00    0.00000e+00    0.00000e+00
    2.08275e+01    0.00000e+00    0.00000e+00    0.00000e+00    0.00000e+00    0.00000e+00    0.00000e+00
    2.19120e+01    0.00000e+00    0.00000e+00    0.00000e+00    0.00000e+00    0.00000e+00    0.00000e+00
    2.30529e+01    0.00000e+00    0.00000e+00    0.00000e+00    0.00000e+00    0.00000e+00    0.00000e+00
    2.42532e+01    0.00000e+00    0.00000e+00    0.00000e+00    0.00000e+00    0.00000e+00    0.00000e+00
    2.55161e+01    0.00000e+00    0.00000e+00    0.00000e+00    0.00000e+00    0.00000e+00    0.00000e+00
    2.68446e+01    0.00000e+00    0.00000e+00    0.00000e+00    0.00000e+00    0.00000e+00    0.00000e+00
    2.82424e+01    0.00000e+00    0.00000e+00    0.00000e+00    0.00000e+00    0.00000e+00    0.00000e+00
    2.97130e+01    0.00000e+00    0.00000e+00    0.00000e+00    0.00000e+00    0.00000e+00    0.00000e+00
    3.12601e+01    0.00000e+00    0.00000e+00    0.00000e+00    0.00000e+00    0.00000e+00    0.00000e+00
    3.28877e+01    0.00000e+00    0.00000e+00    0.00000e+00    0.00000e+00    0.00000e+00    0.00000e+00
    3.46002e+01    0.00000e+00    0.00000e+00    0.00000e+00    0.00000e+00    0.00000e+00    0.00000e+00
    3.64017e+01    0.00000e+00    0.00000e+00    0.00000e+00    0.00000e+00    0.00000e+00    0.00000e+00
    3.82971e+01    0.00000e+00    0.00000e+00    0.00000e+00    0.00000e+00    0.00000e+00    0.00000e+00
    4.02912e+01    0.00000e+00    0.00000e+00    0.00000e+00    0.00000e+00    0.00000e+00    0.00000e+00
    4.23891e+01    0.00000e+00    0.00000e+00    0.00000e+00    0.00000e+00    0.00000e+00    0.00000e+00
    4.45963e+01    0.00000e+00    0.00000e+00    0.00000e+00    0.00000e+00    0.00000e+00    0.00000e+00
    4.69183e+01    0.00000e+00    0.00000e+00    0.00000e+00    0.00000e+00    0.00000e+00    0.00000e+00
    4.93613e+01    0.00000e+00    0.00000e+00    0.00000e+00    0.00000e+00    0.00000e+00    0.00000e+00
    5.19315e+01    0.00000e+00    0.00000e+00    0.00000e+00    0.00000e+00    0.00000e+00    0.00000e+00
    5.46355e+01    0.00000e+00    0.00000e+00    0.00000e+00    0.00000e+00    0.00000e+00    0.00000e+00
    5.74803e+01    0.00000e+00    0.00000e+00    0.00000e+00    0.00000e+00    0.00000e+00    0.00000e+00
    6.04732e+01    0.00000e+00    0.00000e+00    0.00000e+00    0.00000e+00    0.00000e+00    0.00000e+00
    6.36220e+01    0.00000e+00    0.00000e+00    0.00000e+00    0.00000e+00    0.00000e+00    0.00000e+00
    6.69347e+01    0.00000e+00    0.00000e+00    0.00000e+00    0.00000e+00    0.00000e+00    0.00000e+00
    7.04199e+01    0.00000e+00    0.00000e+00    0.00000e+00    0.00000e+00    0.00000e+00    0.00000e+00
    7.40866e+01    0.00000e+00    0.00000e+00    0.00000e+00    0.00000e+00    0.00000e+00    0.00000e+00
    7.79442e+01    0.00000e+00    0.00000e+00    0.00000e+00    0.00000e+00    0.00000e+00    0.00000e+00
    8.20026e+01    0.00000e+00    0.00000e+00    0.00000e+00    0.00000e+00    0.00000e+00    0.00000e+00
    8.62724e+01    0.00000e+00    0.00000e+00    0.00000e+00    0.00000e+00    0.00000e+00    0.00000e+00
    9.07645e+01    0.00000e+00    0.00000e+00    0.00000e+00    0.00000e+00    0.00000e+00    0.00000e+00
    9.54904e+01    0.00000e+00    0.00000e+00    0.00000e+00    0.00000e+00    0.00000e+00    0.00000e+00
    1.00463e+02    0.00000e+00    0.00000e+00    0.00000e+00    0.00000e+00    0.00000e+00    0.00000e+00
    1.05693e+02    0.00000e+00    0.00000e+00    0.00000e+00    0.00000e+00    0.00000e+00    0.00000e+00
    1.11197e+02    0.00000e+00    0.00000e+00    0.00000e+00    0.00000e+00    0.00000e+00    0.00000e+00
    1.16987e+02    0.00000e+00    0.00000e+00    0.00000e+00    0.00000e+00    0.00000e+00    0.00000e+00
    1.23078e+02    0.00000e+00    0.00000e+00    0.00000e+00    0.00000e+00    0.00000e+00    0.00000e+00
    1.29486e+02    0.00000e+00    0.00000e+00    0.00000e+00    0.00000e+00    0.00000e+00    0.00000e+00
    1.36229e+02    0.00000e+00    0.00000e+00    0.00000e+00    0.00000e+00    0.00000e+00    0.00000e+00
    1.43322e+02    0.00000e+00    0.00000e+00    0.00000e+00    0.00000e+00    0.00000e+00    0.00000e+00
    1.50785e+02    0.00000e+00    0.00000e+00    0.00000e+00    0.00000e+00    0.00000e+00    0.00000e+00
    1.58636e+02    0.00000e+00    0.00000e+00    0.00000e+00    0.00000e+00    0.00000e+00    0.00000e+00
    1.66896e+02    0.00000e+00    0.00000e+00    0.00000e+00    0.00000e+00    0.00000e+00    0.00000e+00
    1.75586e+02    0.00000e+00    0.00000e+00    0.00000e+00    0.00000e+00    0.00000e+00    0.00000e+00
    1.84728e+02    0.00000e+00    0.00000e+00    0.00000e+00    0.00000e+00    0.00000e+00    0.00000e+00
    1.94347e+02    0.00000e+00    0.00000e+00    0.00000e+00    0.00000e+00    0.00000e+00    0.00000e+00
    2.04466e+02    0.00000e+00    0.00000e+00    0.00000e+00    0.00000e+00    0.00000e+00    0.00000e+00
    2.15112e+02    0.00000e+00    0.00000e+00    0.00000e+00    0.00000e+00    0.00000e+00    0.00000e+00
    2.26313e+02    0.00000e+00    0.00000e+00    0.00000e+00    0.00000e+00    0.00000e+00    0.00000e+00
    2.38097e+02    0.00000e+00    0.00000e+00    0.00000e+00    0.00000e+00    0.00000e+00    0.00000e+00
    2.50494e+02    0.00000e+00    0.00000e+00    0.00000e+00    0.00000e+00    0.00000e+00    0.00000e+00
    2.63537e+02    0.00000e+00    0.00000e+00    0.00000e+00    0.00000e+00    0.00000e+00    0.00000e+00
    2.77259e+02    0.00000e+00    0.00000e+00    0.00000e+00    0.00000e+00    0.00000e+00    0.00000e+00
    2.91696e+02    0.00000e+00    0.00000e+00    0.00000e+00    0.00000e+00    0.00000e+00    0.00000e+00
    3.06884e+02    0.00000e+00    0.00000e+00    0.00000e+00    0.00000e+00    0.00000e+00    0.00000e+00
    3.22863e+02    0.00000e+00    0.00000e+00    0.00000e+00    0.00000e+00    0.00000e+00    0.00000e+00
    3.39674e+02    0.00000e+00    0.00000e+00    0.00000e+00    0.00000e+00    0.00000e+00    0.00000e+00
    3.57360e+02    0.00000e+00    0.00000e+00    0.00000e+00    0.00000e+00    0.00000e+00    0.00000e+00
    3.75967e+02    0.00000e+00    0.00000e+00    0.00000e+00    0.00000e+00    0.00000e+00    0.00000e+00
    3.95544e+02    0.00000e+00    0.00000e+00    0.00000e+00    0.00000e+00    0.00000e+00    0.00000e+00
    4.16139e+02    0.00000e+00    0.00000e+00    0.00000e+00    0.00000e+00    0.00000e+00    0.00000e+00
    4.37807e+02    0.00000e+00    0.00000e+00    0.00000e+00    0.00000e+00    0.00000e+00    0.00000e+00
    4.60603e+02    0.00000e+00    0.00000e+00    0.00000e+00    0.00000e+00    0.00000e+00    0.00000e+00
    4.84586e+02    0.00000e+00    0.00000e+00    0.00000e+00    0.00000e+00    0.00000e+00    0.00000e+00
    5.09818e+02    0.00000e+00    0.00000e+00    0.00000e+00    0.00000e+00    0.00000e+00    0.00000e+00
    5.36363e+02    0.00000e+00    0.00000e+00    0.00000e+00    0.00000e+00    0.00000e+00    0.00000e+00
    5.64291e+02    0.00000e+00    0.00000e+00    0.00000e+00    0.00000e+00    0.00000e+00    0.00000e+00
    5.93673e+02    0.00000e+00    0.00000e+00    0.00000e+00    0.00000e+00    0.00000e+00    0.00000e+00
    6.24584e+02    0.00000e+00    0.00000e+00    0.00000e+00    0.00000e+00    0.00000e+00    0.00000e+00
    6.57106e+02    0.00000e+00    0.00000e+00    0.00000e+00    0.00000e+00    0.00000e+00    0.00000e+00
    6.91320e+02    0.00000e+00    0.00000e+00    0.00000e+00    0.00000e+00    0.00000e+00    0.00000e+00
    7.27317e+02    0.00000e+00    0.00000e+00    0.00000e+00    0.00000e+00    0.00000e+00    0.00000e+00
    7.65187e+02    0.00000e+00    0.00000e+00    0.00000e+00    0.00000e+00    0.00000e+00    0.00000e+00
    8.05029e+02    0.00000e+00    0.00000e+00    0.00000e+00    0.00000e+00    0.00000e+00    0.00000e+00
    8.46946e+02    0.00000e+00    0.00000e+00    0.00000e+00    0.00000e+00    0.00000e+00    0.00000e+00
    8.91045e+02    0.00000e+00    0.00000e+00    0.00000e+00    0.00000e+00    0.00000e+00    0.00000e+00
    9.37441e+02    0.00000e+00    0.00000e+00    0.00000e+00    0.00000e+00    0.00000e+00    0.00000e+00
    9.86252e+02    0.00000e+00    0.00000e+00    0.00000e+00    0.00000e+00    0.00000e+00    0.00000e+00
    1.03761e+03    0.00000e+00    0.00000e+00    0.00000e+00    0.00000e+00    0.00000e+00    0.00000e+00
    1.09163e+03    0.00000e+00    0.00000e+00    0.00000e+00    0.00000e+00    0.00000e+00    0.00000e+00
    1.14847e+03    0.00000e+00    0.00000e+00    0.00000e+00    0.00000e+00    0.00000e+00    0.00000e+00
    1.20827e+03    0.00000e+00    0.00000e+00    0.00000e+00    0.00000e+00    0.00000e+00    0.00000e+00
    1.27118e+03    0.00000e+00    0.00000e+00    0.00000e+00    0.00000e+00    0.00000e+00    0.00000e+00
    1.33737e+03    0.00000e+00    0.00000e+00    0.00000e+00    0.00000e+00    0.00000e+00    0.00000e+00
    1.40701e+03    0.00000e+00    0.00000e+00    0.00000e+00    0.00000e+00    0.00000e+00    0.00000e+00
    1.48027e+03    0.00000e+00    0.00000e+00    0.00000e+00    0.00000e+00    0.00000e+00    0.00000e+00
    1.55734e+03    0.00000e+00    0.00000e+00    0.00000e+00    0.00000e+00    0.00000e+00    0.00000e+00
    1.63843e+03    0.00000e+00    0.00000e+00    0.00000e+00    0.00000e+00    0.00000e+00    0.00000e+00
    1.72374e+03    0.00000e+00    0.00000e+00    0.00000e+00    0.00000e+00    0.00000e+00    0.00000e+00
    1.81350e+03    0.00000e+00    0.00000e+00    0.00000e+00    0.00000e+00    0.00000e+00    0.00000e+00
    1.90792e+03    0.00000e+00    0.00000e+00    0.00000e+00    0.00000e+00    0.00000e+00    0.00000e+00
    2.00727e+03    0.00000e+00    0.00000e+00    0.00000e+00    0.00000e+00    0.00000e+00    0.00000e+00
    2.11178e+03    0.00000e+00    0.00000e+00    0.00000e+00    0.00000e+00    0.00000e+00    0.00000e+00
    2.22174e+03    0.00000e+00    0.00000e+00    0.00000e+00    0.00000e+00    0.00000e+00    0.00000e+00
    2.33742e+03    0.00000e+00    0.00000e+00    0.00000e+00    0.00000e+00    0.00000e+00    0.00000e+00
    2.45913e+03    0.00000e+00    0.00000e+00    0.00000e+00    0.00000e+00    0.00000e+00    0.00000e+00
    2.58717e+03    0.00000e+00    0.00000e+00    0.00000e+00    0.00000e+00    0.00000e+00    0.00000e+00
    2.72188e+03    0.00000e+00    0.00000e+00    0.00000e+00    0.00000e+00    0.00000e+00    0.00000e+00
    2.86361e+03    0.00000e+00    0.00000e+00    0.00000e+00    0.00000e+00    0.00000e+00    0.00000e+00
    3.01271e+03    0.00000e+00    0.00000e+00    0.00000e+00    0.00000e+00    0.00000e+00    0.00000e+00
    3.16958e+03    0.00000e+00    0.00000e+00    0.00000e+00    0.00000e+00    0.00000e+00    0.00000e+00
    3.33462e+03    0.00000e+00    0.00000e+00    0.00000e+00    0.00000e+00    0.00000e+00    0.00000e+00
    3.50825e+03    0.00000e+00    0.00000e+00    0.00000e+00    0.00000e+00    0.00000e+00    0.00000e+00
    3.69092e+03    0.00000e+00    0.00000e+00    0.00000e+00    0.00000e+00    0.00000e+00    0.00000e+00
    3.88310e+03    0.00000e+00    0.00000e+00    0.00000e+00    0.00000e+00    0.00000e+00    0.00000e+00
    4.08529e+03    0.00000e+00    0.00000e+00    0.00000e+00    0.00000e+00    0.00000e+00    0.00000e+00
    4.29800e+03    0.00000e+00    0.00000e+00    0.00000e+00    0.00000e+00    0.00000e+00    0.00000e+00
    4.52179e+03    0.00000e+00    0.00000e+00    0.00000e+00    0.00000e+00    0.00000e+00    0.00000e+00
    4.75724e+03    0.00000e+00    0.00000e+00    0.00000e+00    0.00000e+00    0.00000e+00    0.00000e+00
    5.00494e+03    0.00000e+00    0.00000e+00    0.00000e+00    0.00000e+00    0.00000e+00    0.00000e+00
    5.26554e+03    0.00000e+00    0.00000e+00    0.00000e+00    0.00000e+00    0.00000e+00    0.00000e+00
    5.53971e+03    0.00000e+00    0.00000e+00    0.00000e+00    0.00000e+00    0.00000e+00    0.00000e+00
    5.82815e+03    0.00000e+00    0.00000e+00    0.00000e+00    0.00000e+00    0.00000e+00    0.00000e+00
    6.13162e+03    0.00000e+00    0.00000e+00    0.00000e+00    0.00000e+00    0.00000e+00    0.00000e+00
    6.45088e+03    0.00000e+00    0.00000e+00    0.00000e+00    0.00000e+00    0.00000e+00    0.00000e+00
    6.78677e+03    0.00000e+00    0.00000e+00    0.00000e+00    0.00000e+00    0.00000e+00    0.00000e+00
    7.14015e+03    0.00000e+00    0.00000e+00    0.00000e+00    0.00000e+00    0.00000e+00    0.00000e+00
    7.51193e+03    0.00000e+00    0.00000e+00    0.00000e+00    0.00000e+00    0.00000e+00    0.00000e+00
    7.90307e+03    0.00000e+00    0.00000e+00    0.00000e+00    0.00000e+00    0.00000e+00    0.00000e+00
    8.31457e+03    0.00000e+00    0.00000e+00    0.00000e+00    0.00000e+00    0.00000e+00    0.00000e+00
    8.74750e+03    0.00000e+00    0.00000e+00    0.00000e+00    0.00000e+00    0.00000e+00    0.00000e+00
    9.20297e+03    0.00000e+00    0.00000e+00    0.00000e+00    0.00000e+00    0.00000e+00    0.00000e+00
    9.68215e+03    0.00000e+00    0.00000e+00    0.00000e+00    0.00000e+00    0.00000e+00    0.00000e+00
    1.01863e+04    0.00000e+00    0.00000e+00    0.00000e+00    0.00000e+00    0.00000e+00    0.00000e+00
    1.07167e+04    0.00000e+00    0.00000e+00    0.00000e+00    0.00000e+00    0.00000e+00    0.00000e+00
    1.12747e+04    0.00000e+00    0.00000e+00    0.00000e+00    0.00000e+00    0.00000e+00    0.00000e+00
    1.18617e+04    0.00000e+00    0.00000e+00    0.00000e+00    0.00000e+00    0.00000e+00    0.00000e+00
    1.24794e+04    0.00000e+00    0.00000e+00    0.00000e+00    0.00000e+00    0.00000e+00    0.00000e+00
    1.31291e+04    0.00000e+00    0.00000e+00    0.00000e+00    0.00000e+00    0.00000e+00    0.00000e+00
    1.38128e+04    0.00000e+00    0.00000e+00    0.00000e+00    0.00000e+00    0.00000e+00    0.00000e+00
    1.45320e+04    0.00000e+00    0.00000e+00    0.00000e+00    0.00000e+00    0.00000e+00    0.00000e+00
    1.52886e+04    0.00000e+00    0.00000e+00    0.00000e+00    0.00000e+00    0.00000e+00    0.00000e+00
    1.60847e+04    0.00000e+00    0.00000e+00    0.00000e+00    0.00000e+00    0.00000e+00    0.00000e+00
    1.69222e+04    0.00000e+00    0.00000e+00    0.00000e+00    0.00000e+00    0.00000e+00    0.00000e+00
    1.78033e+04    0.00000e+00    0.00000e+00    0.00000e+00    0.00000e+00    0.00000e+00    0.00000e+00
    1.87303e+04    0.00000e+00    0.00000e+00    0.00000e+00    0.00000e+00    0.00000e+00    0.00000e+00
    1.97056e+04    0.00000e+00    0.00000e+00    0.00000e+00    0.00000e+00    0.00000e+00    0.00000e+00
    2.07316e+04    0.00000e+00    0.00000e+00    0.00000e+00    0.00000e+00    0.00000e+00    0.00000e+00
    2.18111e+04    0.00000e+00    0.00000e+00    0.00000e+00    0.00000e+00    0.00000e+00    0.00000e+00
    2.29468e+04    0.00000e+00    0.00000e+00    0.00000e+00    0.00000e+00    0.00000e+00    0.00000e+00
    2.41416e+04    0.00000e+00    0.00000e+00    0.00000e+00    0.00000e+00    0.00000e+00    0.00000e+00
    2.53986e+04    0.00000e+00    0.00000e+00    0.00000e+00    0.00000e+00    0.00000e+00    0.00000e+00
    2.67211e+04    0.00000e+00    0.00000e+00    0.00000e+00    0.00000e+00    0.00000e+00    0.00000e+00
    2.81124e+04    0.00000e+00    0.00000e+00    0.00000e+00    0.00000e+00    0.00000e+00    0.00000e+00
    2.95762e+04    0.00000e+00    0.00000e+00    0.00000e+00    0.00000e+00    0.00000e+00    0.00000e+00
    3.11162e+04    0.00000e+00    0.00000e+00    0.00000e+00    0.00000e+00    0.00000e+00    0.00000e+00
    3.27363e+04    0.00000e+00    0.00000e+00    0.00000e+00    0.00000e+00    0.00000e+00    0.00000e+00
    3.44409e+04    0.00000e+00    0.00000e+00    0.00000e+00    0.00000e+00    0.00000e+00    0.00000e+00
    3.62342e+04    0.00000e+00    0.00000e+00    0.00000e+00    0.00000e+00    0.00000e+00    0.00000e+00
    3.81208e+04    0.00000e+00    0.00000e+00    0.00000e+00    0.00000e+00    0.00000e+00    0.00000e+00
    4.01057e+04    0.00000e+00    0.00000e+00    0.00000e+00    0.00000e+00    0.00000e+00    0.00000e+00
    4.21940e+04    0.00000e+00    0.00000e+00    0.00000e+00    0.00000e+00    0.00000e+00    0.00000e+00
    4.43910e+04    0.00000e+00    0.00000e+00    0.00000e+00    0.00000e+00    0.00000e+00    0.00000e+00
    4.67023e+04    0.00000e+00    0.00000e+00    0.00000e+00    0.00000e+00    0.00000e+00    0.00000e+00
    4.91341e+04    0.00000e+00    0.00000e+00    0.00000e+00    0.00000e+00    0.00000e+00    0.00000e+00
    5.16924e+04    0.00000e+00    0.00000e+00    0.00000e+00    0.00000e+00    0.00000e+00    0.00000e+00
    5.43840e+04    0.00000e+00    0.00000e+00    0.00000e+00    0.00000e+00    0.00000e+00    0.00000e+00
    5.72157e+04    0.00000e+00    0.00000e+00    0.00000e+00    0.00000e+00    0.00000e+00    0.00000e+00
    6.01948e+04    0.00000e+00    0.00000e+00    0.00000e+00    0.00000e+00    0.00000e+00    0.00000e+00
    6.33291e+04    0.00000e+00    0.00000e+00    0.00000e+00    0.00000e+00    0.00000e+00    0.00000e+00
    6.66265e+04    0.00000e+00    0.00000e+00    0.00000e+00    0.00000e+00    0.00000e+00    0.00000e+00
    7.00957e+04    0.00000e+00    0.00000e+00    0.00000e+00    0.00000e+00    0.00000e+00    0.00000e+00
    7.37455e+04    0.00000e+00    0.00000e+00    0.00000e+00    0.00000e+00    0.00000e+00    0.00000e+00
    7.75853e+04    0.00000e+00    0.00000e+00    0.00000e+00    0.00000e+00    0.00000e+00    0.00000e+00
    8.16251e+04    0.00000e+00    0.00000e+00    0.00000e+00    0.00000e+00    0.00000e+00    0.00000e+00
    8.58752e+04    0.00000e+00    0.00000e+00    0.00000e+00    0.00000e+00    0.00000e+00    0.00000e+00
    9.03466e+04    0.00000e+00    0.00000e+00    0.00000e+00    0.00000e+00    0.00000e+00    0.00000e+00
    9.50508e+04    0.00000e+00    0.00000e+00    0.00000e+00    0.00000e+00    0.00000e+00    0.00000e+00
    1.00000e+05    0.00000e+00    0.00000e+00    0.00000e+00    0.00000e+00    0.00000e+00    0.00000e+00
