# # E_gamma (MeV)  Final State Radiation (MeV^-1 s^-1)
5.145440e-01 3.803064e+17
5.413360e-01 3.556399e+17
5.695230e-01 3.335275e+17
5.991770e-01 3.114528e+17
6.303750e-01 2.917884e+17
6.631980e-01 2.720748e+17
6.977300e-01 2.546143e+17
7.340600e-01 2.370542e+17
7.722810e-01 2.204262e+17
8.124930e-01 2.059728e+17
8.547980e-01 1.912226e+17
8.993070e-01 1.784489e+17
9.461320e-01 1.654000e+17
9.953960e-01 1.530972e+17
1.047230e+00 1.426195e+17
1.101750e+00 1.317880e+17
1.159120e+00 1.216012e+17
1.219470e+00 1.130623e+17
1.282970e+00 1.041371e+17
1.349770e+00 9.577340e+16
1.420050e+00 8.794419e+16
1.493990e+00 8.156831e+16
1.571780e+00 7.475891e+16
1.653620e+00 6.840680e+16
1.739730e+00 6.249090e+16
1.830310e+00 5.780117e+16
1.925610e+00 5.269839e+16
2.025880e+00 4.796143e+16
2.131360e+00 4.357208e+16
2.242340e+00 3.951207e+16
2.359100e+00 3.641865e+16
2.481930e+00 3.295600e+16
2.611160e+00 2.976546e+16
2.747120e+00 2.683127e+16
2.890160e+00 2.413766e+16
3.040650e+00 2.167014e+16
3.198970e+00 1.988207e+16
3.365530e+00 1.780795e+16
3.540770e+00 1.591541e+16
3.725140e+00 1.419228e+16
3.919100e+00 1.262730e+16
4.123160e+00 1.120844e+16
4.337850e+00 9.925755e+15
4.563720e+00 8.767874e+15
4.801340e+00 7.989103e+15
5.051340e+00 7.037607e+15
5.314360e+00 6.183120e+15
5.591070e+00 5.418273e+15
5.882190e+00 4.734772e+15
6.188470e+00 4.125648e+15
6.510690e+00 3.584363e+15
6.849700e+00 3.105127e+15
7.206350e+00 2.681347e+15
7.581580e+00 2.308129e+15
7.976340e+00 1.980252e+15
8.391660e+00 1.692937e+15
8.828600e+00 1.442127e+15
9.288290e+00 1.224395e+15
9.771920e+00 1.035661e+15
1.028070e+01 9.298936e+14
1.081600e+01 7.830107e+14
1.137920e+01 6.566878e+14
1.197170e+01 5.485716e+14
1.259510e+01 4.563173e+14
1.325090e+01 3.777147e+14
1.394080e+01 3.112426e+14
1.466670e+01 2.552716e+14
1.543040e+01 2.083339e+14
1.623380e+01 1.691162e+14
1.707910e+01 1.365575e+14
1.796840e+01 1.095867e+14
1.890400e+01 8.755463e+13
1.988830e+01 6.953109e+13
2.092380e+01 5.479602e+13
2.201330e+01 4.289963e+13
2.315950e+01 3.341416e+13
2.436540e+01 2.582596e+13
2.563410e+01 1.982726e+13
2.696880e+01 1.513300e+13
2.837300e+01 1.145945e+13
2.985040e+01 8.587269e+12
3.140470e+01 6.401341e+12
3.303990e+01 4.739208e+12
3.476020e+01 3.475389e+12
3.657010e+01 2.521508e+12
3.847430e+01 1.819634e+12
4.047760e+01 1.304584e+12
4.258520e+01 9.249758e+11
4.480250e+01 6.429210e+11
4.713530e+01 4.438823e+11
4.958960e+01 3.050751e+11
5.217170e+01 2.087217e+11
5.488820e+01 1.472963e+11
5.774620e+01 9.849618e+10
6.075290e+01 6.480399e+10
6.391620e+01 4.779918e+10
6.724430e+01 3.245522e+10
7.074560e+01 2.219207e+10
7.442920e+01 1.651820e+10
7.830470e+01 1.319268e+10
8.238190e+01 1.090637e+10
8.667140e+01 9.528651e+09
9.118430e+01 8.182897e+09
9.593210e+01 5.762870e+09
1.009270e+02 3.219456e+09
1.061820e+02 2.486436e+09
1.117110e+02 1.613273e+09
1.175280e+02 9.404941e+08
1.236470e+02 3.424178e+08
1.300850e+02 1.812673e+08
1.368590e+02 1.205356e+08
1.439850e+02 9.404971e+07
1.514820e+02 3.576286e+07
1.593690e+02 1.426583e+07
1.676680e+02 7.785560e+06
1.763980e+02 3.306930e+06
1.855830e+02 1.119703e+06
1.952460e+02 6.219116e+05
2.054120e+02 1.315874e+05
2.161070e+02 3.658704e+04
2.273600e+02 1.218257e+04
2.391980e+02 6.089635e+03
2.516530e+02 4.888564e+03
2.647560e+02 3.861313e+02
2.785410e+02 1.424847e+02
2.930450e+02 2.033027e+01
3.083030e+02 2.761603e+00
3.243560e+02 1.439568e+00
3.412450e+02 9.091829e-01
3.590130e+02 1.636922e-02
3.777060e+02 3.892176e-03
3.973730e+02 7.731869e-04
4.180640e+02 3.601953e-04
4.398320e+02 2.325350e-05
4.627330e+02 6.813714e-07
4.868270e+02 4.528046e-08
5.121760e+02 1.213153e-08
5.388440e+02 7.358125e-09
5.669010e+02 2.499178e-10
5.964180e+02 7.721391e-13
6.274730e+02 9.996580e-14
6.601450e+02 5.935351e-14
6.945180e+02 2.449618e-15
7.306800e+02 8.388832e-17
7.687260e+02 7.664709e-19
8.087520e+02 5.379516e-20
8.508630e+02 9.082102e-24
8.951660e+02 1.854988e-24
9.417770e+02 1.530571e-24
9.908140e+02 2.439072e-27
1.042400e+03 8.620975e-29
1.096680e+03 3.381383e-33
1.153780e+03 2.566071e-33
1.213860e+03 1.202191e-38
1.277060e+03 5.287839e-41
1.343560e+03 9.128090e-44
1.413520e+03 6.531087e-47
1.487120e+03 2.422009e-47
1.564550e+03 1.480038e-53
1.646010e+03 8.632798e-57
1.731720e+03 9.825253e-61
1.821890e+03 3.853581e-61
1.916750e+03 7.565169e-66
2.016550e+03 1.843813e-72
2.121550e+03 1.003212e-72
2.232020e+03 2.454307e-77
2.348230e+03 4.285822e-82
2.470500e+03 4.231422e-87
2.599140e+03 2.796974e-92
2.734470e+03 1.178263e-103
2.876850e+03 5.280474e-104
3.026650e+03 2.107703e-110
3.184240e+03 2.762054e-116
3.350040e+03 2.612406e-130
3.524470e+03 1.190435e-137
3.707990e+03 2.037617e-138
3.901060e+03 8.892614e-155
4.104180e+03 2.686299e-162
4.317880e+03 4.507998e-172
4.542710e+03 4.933063e-181
4.779240e+03 2.818256e-181
5.028090e+03 5.262862e-192
5.289890e+03 2.084223e-203
5.565330e+03 2.797070e-225
5.855110e+03 2.537512e-231
6.159980e+03 1.115147e-237
6.480720e+03 2.291914e-250
6.818160e+03 2.176209e-264
7.173170e+03 1.019046e-293
7.546670e+03 5.743280e-294
7.939620e+03 7.428891e-310
8.353020e+03 0.000000e+00
