Hawking secondary spectra for each particle type.
energy/particle         photon       electron           nu_e          nu_mu         nu_tau         proton
    1.00000e-06    1.55907e+16    0.00000e+00    1.75230e+23    8.46799e+18    0.00000e+00    0.00000e+00
    1.05207e-06    2.86007e+16    0.00000e+00    1.87243e+23    1.27977e+19    8.39862e+12    0.00000e+00
    1.10685e-06    3.04561e+16    0.00000e+00    1.98691e+23    1.23678e+19    9.26369e+12    0.00000e+00
    1.16448e-06    3.21720e+16    0.00000e+00    2.04437e+23    1.43529e+19    1.02178e+13    0.00000e+00
    1.22511e-06    3.73018e+16    0.00000e+00    2.19992e+23    2.00311e+19    1.12702e+13    0.00000e+00
    1.28890e-06    6.24702e+16    0.00000e+00    2.32144e+23    2.08556e+19    1.24311e+13    0.00000e+00
    1.35602e-06    6.94428e+16    0.00000e+00    2.46376e+23    2.66361e+19    1.37117e+13    0.00000e+00
    1.42662e-06    7.53875e+16    0.00000e+00    2.58702e+23    2.68736e+19    1.51238e+13    0.00000e+00
    1.50090e-06    1.51261e+17    0.00000e+00    2.75805e+23    3.30342e+19    1.66816e+13    0.00000e+00
    1.57905e-06    1.75725e+17    0.00000e+00    2.83567e+23    4.08878e+19    1.83998e+13    0.00000e+00
    1.66127e-06    1.62905e+17    0.00000e+00    2.99592e+23    4.19711e+19    2.02950e+13    0.00000e+00
    1.74777e-06    2.83236e+17    0.00000e+00    3.12979e+23    5.91759e+19    2.23854e+13    0.00000e+00
    1.83878e-06    3.30152e+17    0.00000e+00    3.26973e+23    6.07660e+19    2.46913e+13    0.00000e+00
    1.93452e-06    3.38701e+17    0.00000e+00    3.43931e+23    6.99191e+19    2.72344e+13    0.00000e+00
    2.03525e-06    4.48034e+17    0.00000e+00    3.54024e+23    9.31710e+19    3.00397e+13    0.00000e+00
    2.14122e-06    5.53432e+17    0.00000e+00    3.66635e+23    1.05514e+20    3.31337e+13    0.00000e+00
    2.25271e-06    7.31765e+17    0.00000e+00    3.81621e+23    1.12574e+20    3.65465e+13    0.00000e+00
    2.37001e-06    7.51078e+17    0.00000e+00    3.91572e+23    1.33594e+20    4.03110e+13    0.00000e+00
    2.49341e-06    9.60515e+17    0.00000e+00    4.03746e+23    1.47078e+20    4.44630e+13    0.00000e+00
    2.62324e-06    1.09832e+18    0.00000e+00    4.14830e+23    1.87368e+20    4.90428e+13    0.00000e+00
    2.75983e-06    1.21446e+18    0.00000e+00    4.27762e+23    2.12467e+20    5.40943e+13    0.00000e+00
    2.90353e-06    1.66755e+18    0.00000e+00    4.37205e+23    2.21503e+20    5.96660e+13    0.00000e+00
    3.05471e-06    2.00705e+18    0.00000e+00    4.43517e+23    2.68374e+20    6.58115e+13    0.00000e+00
    3.21376e-06    2.21911e+18    0.00000e+00    4.50648e+23    2.95327e+20    7.25900e+13    0.00000e+00
    3.38110e-06    2.65994e+18    0.00000e+00    4.57455e+23    3.65986e+20    8.00670e+13    0.00000e+00
    3.55715e-06    3.49082e+18    0.00000e+00    4.62285e+23    4.39743e+20    8.83141e+13    0.00000e+00
    3.74237e-06    4.36245e+18    0.00000e+00    4.65571e+23    4.59661e+20    9.74107e+13    0.00000e+00
    3.93723e-06    4.18792e+18    0.00000e+00    4.70975e+23    5.30008e+20    1.07444e+14    0.00000e+00
    4.14223e-06    5.25284e+18    0.00000e+00    4.68299e+23    6.08656e+20    1.18511e+14    0.00000e+00
    4.35791e-06    7.30375e+18    0.00000e+00    4.67927e+23    6.99237e+20    1.30717e+14    0.00000e+00
    4.58482e-06    8.11837e+18    0.00000e+00    4.65237e+23    8.01083e+20    1.44181e+14    0.00000e+00
    4.82355e-06    8.82272e+18    0.00000e+00    4.62434e+23    8.72276e+20    1.59032e+14    0.00000e+00
    5.07471e-06    1.17917e+19    0.00000e+00    4.54485e+23    9.31105e+20    1.75413e+14    0.00000e+00
    5.33894e-06    1.27313e+19    0.00000e+00    4.47319e+23    1.12972e+21    1.93481e+14    0.00000e+00
    5.61693e-06    1.46622e+19    0.00000e+00    4.36989e+23    1.26054e+21    2.13409e+14    0.00000e+00
    5.90940e-06    1.67062e+19    0.00000e+00    4.27009e+23    1.44232e+21    2.35391e+14    0.00000e+00
    6.21709e-06    1.97738e+19    0.00000e+00    4.15241e+23    1.53193e+21    2.59636e+14    0.00000e+00
    6.54081e-06    2.38556e+19    0.00000e+00    4.04440e+23    1.71864e+21    2.86379e+14    0.00000e+00
    6.88138e-06    2.70458e+19    0.00000e+00    3.86397e+23    1.98830e+21    3.15877e+14    0.00000e+00
    7.23968e-06    3.42305e+19    0.00000e+00    3.73275e+23    2.20523e+21    3.48412e+14    0.00000e+00
    7.61664e-06    3.75036e+19    0.00000e+00    3.56024e+23    2.38353e+21    3.84299e+14    0.00000e+00
    8.01323e-06    3.90049e+19    0.00000e+00    3.40459e+23    2.71480e+21    4.23882e+14    0.00000e+00
    8.43047e-06    5.27779e+19    0.00000e+00    3.22593e+23    2.97794e+21    4.67543e+14    0.00000e+00
    8.86943e-06    6.39825e+19    0.00000e+00    3.05133e+23    3.25181e+21    5.15700e+14    0.00000e+00
    9.33125e-06    6.89144e+19    0.00000e+00    2.85011e+23    3.68601e+21    5.68817e+14    0.00000e+00
    9.81712e-06    7.80004e+19    0.00000e+00    2.70068e+23    4.05686e+21    6.27407e+14    0.00000e+00
    1.03283e-05    9.06294e+19    0.00000e+00    2.50610e+23    4.29810e+21    6.92032e+14    0.00000e+00
    1.08661e-05    1.05082e+20    0.00000e+00    2.34082e+23    4.92200e+21    7.63315e+14    0.00000e+00
    1.14318e-05    1.29924e+20    0.00000e+00    2.16325e+23    5.30007e+21    8.41926e+14    0.00000e+00
    1.20271e-05    1.40950e+20    0.00000e+00    2.01107e+23    5.90575e+21    9.28654e+14    0.00000e+00
    1.26533e-05    1.52531e+20    0.00000e+00    1.84989e+23    6.19666e+21    1.02430e+15    0.00000e+00
    1.33122e-05    1.71663e+20    0.00000e+00    1.70711e+23    6.96002e+21    1.12981e+15    0.00000e+00
    1.40053e-05    2.13232e+20    0.00000e+00    1.55673e+23    7.51036e+21    1.24618e+15    0.00000e+00
    1.47345e-05    2.49529e+20    0.00000e+00    1.43664e+23    8.24909e+21    1.37453e+15    0.00000e+00
    1.55018e-05    2.84720e+20    0.00000e+00    1.30056e+23    8.92127e+21    1.51613e+15    0.00000e+00
    1.63089e-05    3.13282e+20    0.00000e+00    1.19304e+23    9.77536e+21    1.67228e+15    0.00000e+00
    1.71581e-05    3.48076e+20    0.00000e+00    1.09060e+23    1.02382e+22    1.84453e+15    0.00000e+00
    1.80515e-05    3.94686e+20    0.00000e+00    9.96497e+22    1.13425e+22    2.03451e+15    0.00000e+00
    1.89914e-05    4.68532e+20    0.00000e+00    8.99139e+22    1.24121e+22    2.24407e+15    0.00000e+00
    1.99803e-05    5.28640e+20    0.00000e+00    8.25221e+22    1.32236e+22    2.47522e+15    0.00000e+00
    2.10206e-05    5.65348e+20    0.00000e+00    7.49885e+22    1.41366e+22    2.73016e+15    0.00000e+00
    2.21151e-05    6.32094e+20    0.00000e+00    6.85854e+22    1.53796e+22    3.01136e+15    0.00000e+00
    2.32666e-05    7.51355e+20    0.00000e+00    6.23803e+22    1.63884e+22    3.32154e+15    0.00000e+00
    2.44781e-05    7.89604e+20    0.00000e+00    5.74044e+22    1.76978e+22    3.66367e+15    0.00000e+00
    2.57526e-05    8.90591e+20    0.00000e+00    5.29756e+22    1.90959e+22    4.04102e+15    0.00000e+00
    2.70935e-05    1.00884e+21    0.00000e+00    4.90022e+22    2.03907e+22    4.45725e+15    0.00000e+00
    2.85043e-05    1.13907e+21    0.00000e+00    4.56395e+22    2.16031e+22    4.91637e+15    0.00000e+00
    2.99884e-05    1.22106e+21    0.00000e+00    4.28023e+22    2.31611e+22    5.42274e+15    0.00000e+00
    3.15499e-05    1.38788e+21    0.00000e+00    4.02542e+22    2.48741e+22    5.98130e+15    0.00000e+00
    3.31927e-05    1.50270e+21    0.00000e+00    3.86263e+22    2.65050e+22    6.59740e+15    0.00000e+00
    3.49210e-05    1.67913e+21    0.00000e+00    3.70552e+22    2.77882e+22    7.27694e+15    0.00000e+00
    3.67392e-05    1.85275e+21    0.00000e+00    3.53259e+22    2.98036e+22    8.02643e+15    0.00000e+00
    3.86522e-05    2.10192e+21    0.00000e+00    3.46471e+22    3.15777e+22    8.85318e+15    0.00000e+00
    4.06648e-05    2.24227e+21    0.00000e+00    3.43914e+22    3.33727e+22    9.76508e+15    0.00000e+00
    4.27821e-05    2.41093e+21    0.00000e+00    3.38057e+22    3.51425e+22    1.07709e+16    0.00000e+00
    4.50098e-05    2.69756e+21    0.00000e+00    3.36538e+22    3.73761e+22    1.18803e+16    0.00000e+00
    4.73533e-05    3.00839e+21    0.00000e+00    3.38857e+22    3.91290e+22    1.31040e+16    0.00000e+00
    4.98190e-05    3.25907e+21    0.00000e+00    3.42084e+22    4.13846e+22    1.44537e+16    0.00000e+00
    5.24130e-05    3.51780e+21    0.00000e+00    3.46813e+22    4.34206e+22    1.59425e+16    0.00000e+00
    5.51421e-05    3.77587e+21    0.00000e+00    3.53091e+22    4.55506e+22    1.75846e+16    0.00000e+00
    5.80132e-05    4.08909e+21    0.00000e+00    3.58717e+22    4.73596e+22    1.93958e+16    0.00000e+00
    6.10339e-05    4.48762e+21    0.00000e+00    3.64818e+22    4.98652e+22    2.13936e+16    0.00000e+00
    6.42119e-05    4.89669e+21    0.00000e+00    3.75455e+22    5.22339e+22    2.35972e+16    0.00000e+00
    6.75553e-05    5.23493e+21    0.00000e+00    3.84860e+22    5.43754e+22    2.60277e+16    0.00000e+00
    7.10728e-05    5.67266e+21    0.00000e+00    3.94534e+22    5.63035e+22    2.87085e+16    0.00000e+00
    7.47735e-05    6.07034e+21    0.00000e+00    4.03735e+22    5.85140e+22    3.16656e+16    0.00000e+00
    7.86668e-05    6.55293e+21    0.00000e+00    4.15461e+22    6.07429e+22    3.49271e+16    0.00000e+00
    8.27629e-05    7.00076e+21    0.00000e+00    4.22799e+22    6.32522e+22    3.85247e+16    0.00000e+00
    8.70722e-05    7.54254e+21    0.00000e+00    4.34205e+22    6.55998e+22    4.24927e+16    0.00000e+00
    9.16060e-05    7.96674e+21    0.00000e+00    4.45377e+22    6.74045e+22    4.68696e+16    0.00000e+00
    9.63758e-05    8.47013e+21    0.00000e+00    4.55057e+22    6.95378e+22    5.16972e+16    0.00000e+00
    1.01394e-04    9.09325e+21    0.00000e+00    4.64335e+22    7.18140e+22    5.70221e+16    0.00000e+00
    1.06673e-04    9.70322e+21    0.00000e+00    4.75355e+22    7.39797e+22    6.28949e+16    0.00000e+00
    1.12228e-04    1.01693e+22    0.00000e+00    4.83179e+22    7.58798e+22    6.93740e+16    0.00000e+00
    1.18071e-04    1.07575e+22    0.00000e+00    4.91551e+22    7.77927e+22    7.65189e+16    0.00000e+00
    1.24219e-04    1.13750e+22    0.00000e+00    5.01637e+22    7.97132e+22    8.44007e+16    0.00000e+00
    1.30687e-04    1.20375e+22    0.00000e+00    5.08521e+22    8.19065e+22    9.30941e+16    0.00000e+00
    1.37492e-04    1.26623e+22    0.00000e+00    5.14210e+22    8.33929e+22    1.02683e+17    0.00000e+00
    1.44651e-04    1.33011e+22    0.00000e+00    5.22782e+22    8.51126e+22    1.13260e+17    0.00000e+00
    1.52183e-04    1.38848e+22    0.00000e+00    5.29167e+22    8.69209e+22    1.24926e+17    0.00000e+00
    1.60106e-04    1.45899e+22    0.00000e+00    5.34846e+22    8.83660e+22    1.37792e+17    0.00000e+00
    1.68443e-04    1.53402e+22    0.00000e+00    5.40825e+22    8.95860e+22    1.51986e+17    0.00000e+00
    1.77214e-04    1.60203e+22    0.00000e+00    5.42976e+22    9.10772e+22    1.67641e+17    0.00000e+00
    1.86441e-04    1.66444e+22    0.00000e+00    5.46308e+22    9.21921e+22    1.84908e+17    0.00000e+00
    1.96149e-04    1.73604e+22    0.00000e+00    5.52232e+22    9.35461e+22    2.03954e+17    0.00000e+00
    2.06362e-04    1.80387e+22    0.00000e+00    5.54641e+22    9.45029e+22    2.24961e+17    0.00000e+00
    2.17107e-04    1.86518e+22    0.00000e+00    5.54221e+22    9.54098e+22    2.48132e+17    0.00000e+00
    2.28411e-04    1.93663e+22    0.00000e+00    5.54870e+22    9.60385e+22    2.73689e+17    0.00000e+00
    2.40304e-04    2.01374e+22    0.00000e+00    5.56712e+22    9.66101e+22    3.01934e+17    0.00000e+00
    2.52817e-04    2.06971e+22    0.00000e+00    5.56276e+22    9.72256e+22    3.33112e+17    0.00000e+00
    2.65980e-04    2.12148e+22    0.00000e+00    5.55870e+22    9.77453e+22    3.67269e+17    0.00000e+00
    2.79830e-04    2.19047e+22    0.00000e+00    5.53796e+22    9.77041e+22    4.05186e+17    0.00000e+00
    2.94400e-04    2.25699e+22    0.00000e+00    5.51489e+22    9.78043e+22    4.47039e+17    0.00000e+00
    3.09729e-04    2.30564e+22    0.00000e+00    5.47497e+22    9.79293e+22    4.92849e+17    0.00000e+00
    3.25856e-04    2.35956e+22    0.00000e+00    5.45322e+22    9.79137e+22    5.43899e+17    0.00000e+00
    3.42823e-04    2.41581e+22    0.00000e+00    5.41495e+22    9.75017e+22    5.99605e+17    0.00000e+00
    3.60673e-04    2.45841e+22    0.00000e+00    5.36028e+22    9.69900e+22    6.61748e+17    0.00000e+00
    3.79453e-04    2.50624e+22    0.00000e+00    5.29686e+22    9.64653e+22    7.29724e+17    0.00000e+00
    3.99211e-04    2.55523e+22    0.00000e+00    5.25241e+22    9.58595e+22    8.04901e+17    0.00000e+00
    4.19997e-04    2.59912e+22    0.00000e+00    5.18619e+22    9.49955e+22    8.87819e+17    0.00000e+00
    4.41866e-04    2.62318e+22    0.00000e+00    5.11031e+22    9.41426e+22    9.78916e+17    0.00000e+00
    4.64873e-04    2.65582e+22    0.00000e+00    5.04034e+22    9.28954e+22    1.08011e+18    0.00000e+00
    4.89079e-04    2.69295e+22   1.52841e-129    4.96257e+22    9.16249e+22    1.19139e+18    0.00000e+00
    5.14544e-04    2.72467e+22    4.42318e+22    4.85587e+22    9.05383e+22    1.31412e+18    0.00000e+00
    5.41336e-04    2.73964e+22    4.35417e+22    4.76680e+22    8.91625e+22    1.44950e+18    0.00000e+00
    5.69523e-04    2.76409e+22    4.28935e+22    4.68259e+22    8.75541e+22    1.59883e+18    0.00000e+00
    5.99177e-04    2.77288e+22    4.21850e+22    4.58695e+22    8.58796e+22    1.76441e+18    0.00000e+00
    6.30375e-04    2.77726e+22    4.13305e+22    4.47203e+22    8.42492e+22    1.94535e+18    0.00000e+00
    6.63198e-04    2.78694e+22    4.05534e+22    4.36321e+22    8.25057e+22    2.14463e+18    0.00000e+00
    6.97730e-04    2.79559e+22    3.96927e+22    4.25628e+22    8.06703e+22    2.36668e+18    0.00000e+00
    7.34060e-04    2.78993e+22    3.87773e+22    4.13548e+22    7.87789e+22    2.61201e+18    0.00000e+00
    7.72281e-04    2.77846e+22    3.79158e+22    4.02742e+22    7.67633e+22    2.87793e+18    0.00000e+00
    8.12493e-04    2.76646e+22    3.70135e+22    3.90578e+22    7.46820e+22    3.17809e+18    0.00000e+00
    8.54798e-04    2.75161e+22    3.59737e+22    3.78176e+22    7.27099e+22    3.50361e+18    0.00000e+00
    8.99307e-04    2.72867e+22    3.50104e+22    3.65259e+22    7.05682e+22    3.86459e+18    0.00000e+00
    9.46132e-04    2.70956e+22    3.39808e+22    3.54294e+22    6.83616e+22    4.26275e+18    0.00000e+00
    9.95396e-04    2.67926e+22    3.29599e+22    3.41277e+22    6.61079e+22    4.69851e+18    0.00000e+00
    1.04723e-03    2.64572e+22    3.19201e+22    3.28125e+22    6.39730e+22    5.18594e+18    0.00000e+00
    1.10175e-03    2.60646e+22    3.08622e+22    3.14820e+22    6.16118e+22    5.72016e+18    0.00000e+00
    1.15912e-03    2.56963e+22    2.97535e+22    3.03173e+22    5.93647e+22    6.30953e+18    0.00000e+00
    1.21947e-03    2.52707e+22    2.87112e+22    2.90754e+22    5.70780e+22    6.96539e+18    0.00000e+00
    1.28297e-03    2.48359e+22    2.76138e+22    2.78238e+22    5.48051e+22    7.67080e+18    0.00000e+00
    1.34977e-03    2.42556e+22    2.65486e+22    2.65525e+22    5.24747e+22    8.46752e+18    0.00000e+00
    1.42005e-03    2.37484e+22    2.54276e+22    2.53568e+22    5.02301e+22    9.34853e+18    0.00000e+00
    1.49399e-03    2.32181e+22    2.44020e+22    2.41235e+22    4.80084e+22    1.03034e+19    0.00000e+00
    1.57178e-03    2.26463e+22    2.32914e+22    2.29811e+22    4.57743e+22    1.13649e+19    0.00000e+00
    1.65362e-03    2.20485e+22    2.22234e+22    2.18094e+22    4.35207e+22    1.25359e+19    0.00000e+00
    1.73973e-03    2.14146e+22    2.12167e+22    2.06310e+22    4.14554e+22    1.36893e+19    0.00000e+00
    1.83031e-03    2.07431e+22    2.02060e+22    1.95108e+22    3.92643e+22    1.51543e+19    0.00000e+00
    1.92561e-03    2.01490e+22    1.91595e+22    1.84491e+22    3.71719e+22    1.67296e+19    0.00000e+00
    2.02588e-03    1.94866e+22    1.81760e+22    1.73951e+22    3.51476e+22    1.84837e+19    0.00000e+00
    2.13136e-03    1.88035e+22    1.72060e+22    1.63581e+22    3.32327e+22    2.03925e+19    0.00000e+00
    2.24234e-03    1.81082e+22    1.62805e+22    1.53753e+22    3.12359e+22    2.25524e+19    0.00000e+00
    2.35910e-03    1.74293e+22    1.53370e+22    1.44106e+22    2.93889e+22    2.49079e+19    0.00000e+00
    2.48193e-03    1.67269e+22    1.44385e+22    1.34965e+22    2.75400e+22    2.75344e+19    0.00000e+00
    2.61116e-03    1.60909e+22    1.35883e+22    1.25959e+22    2.58407e+22    3.03780e+19    0.00000e+00
    2.74712e-03    1.53859e+22    1.27675e+22    1.17607e+22    2.41223e+22    3.35351e+19    0.00000e+00
    2.89016e-03    1.46689e+22    1.19596e+22    1.09246e+22    2.24865e+22    3.69910e+19    0.00000e+00
    3.04065e-03    1.40029e+22    1.11637e+22    1.01571e+22    2.09425e+22    4.08642e+19    0.00000e+00
    3.19897e-03    1.33695e+22    1.04201e+22    9.42263e+21    1.94924e+22    4.51155e+19    0.00000e+00
    3.36553e-03    1.26920e+22    9.70561e+21    8.72258e+21    1.80124e+22    4.97556e+19    0.00000e+00
    3.54077e-03    1.20307e+22    9.02186e+21    8.03527e+21    1.66819e+22    5.48653e+19    0.00000e+00
    3.72514e-03    1.13974e+22    8.37514e+21    7.42812e+21    1.54071e+22    6.05633e+19    0.00000e+00
    3.91910e-03    1.07826e+22    7.74980e+21    6.82934e+21    1.42021e+22    6.67770e+19    0.00000e+00
    4.12316e-03    1.01754e+22    7.17743e+21    6.28283e+21    1.30605e+22    7.36272e+19    0.00000e+00
    4.33785e-03    9.57572e+21    6.63641e+21    5.74345e+21    1.19922e+22    8.11811e+19    0.00000e+00
    4.56372e-03    8.99151e+21    6.11863e+21    5.26197e+21    1.09618e+22    8.94897e+19    0.00000e+00
    4.80134e-03    8.45058e+21    5.64779e+21    4.80745e+21    1.00463e+22    9.85988e+19    0.00000e+00
    5.05134e-03    7.90750e+21    5.19129e+21    4.38501e+21    9.15814e+21    1.08668e+20    0.00000e+00
    5.31436e-03    7.37218e+21    4.77978e+21    3.99021e+21    8.35521e+21    1.19704e+20    0.00000e+00
    5.59107e-03    6.87393e+21    4.39704e+21    3.63628e+21    7.58387e+21    1.31830e+20    0.00000e+00
    5.88219e-03    6.39828e+21    4.04677e+21    3.30444e+21    6.88407e+21    1.45162e+20    0.00000e+00
    6.18847e-03    5.94044e+21    3.71784e+21    3.00544e+21    6.24557e+21    1.59774e+20    0.00000e+00
    6.51069e-03    5.49547e+21    3.42482e+21    2.72225e+21    5.64745e+21    1.75833e+20    0.00000e+00
    6.84970e-03    5.08157e+21    3.16014e+21    2.47815e+21    5.10038e+21    1.93443e+20    0.00000e+00
    7.20635e-03    4.68385e+21    2.91735e+21    2.25240e+21    4.60997e+21    2.12710e+20    0.00000e+00
    7.58158e-03    4.31124e+21    2.69858e+21    2.05115e+21    4.15565e+21    2.33896e+20    0.00000e+00
    7.97634e-03    3.95332e+21    2.51579e+21    1.87100e+21    3.74424e+21    2.57050e+20    0.00000e+00
    8.39166e-03    3.62407e+21    2.34797e+21    1.71150e+21    3.38248e+21    2.82388e+20    0.00000e+00
    8.82860e-03    3.31253e+21    2.20573e+21    1.57404e+21    3.05265e+21    3.10155e+20    0.00000e+00
    9.28829e-03    3.01715e+21    2.09023e+21    1.44983e+21    2.75936e+21    3.40446e+20    0.00000e+00
    9.77192e-03    2.74206e+21    1.99645e+21    1.34789e+21    2.50150e+21    3.73595e+20    0.00000e+00
    1.02807e-02    2.48536e+21    1.91733e+21    1.26661e+21    2.27988e+21    4.09781e+20    0.00000e+00
    1.08160e-02    2.24871e+21    1.86266e+21    1.19307e+21    2.08574e+21    4.49185e+20    0.00000e+00
    1.13792e-02    2.03120e+21    1.83277e+21    1.13642e+21    1.91464e+21    4.92287e+20    0.00000e+00
    1.19717e-02    1.82949e+21    1.82064e+21    1.10101e+21    1.77316e+21    5.39159e+20    0.00000e+00
    1.25951e-02    1.64281e+21    1.82370e+21    1.07543e+21    1.66382e+21    5.90174e+20    0.00000e+00
    1.32509e-02    1.47396e+21    1.84943e+21    1.06106e+21    1.57258e+21    6.45737e+20    0.00000e+00
    1.39408e-02    1.31859e+21    1.89638e+21    1.06136e+21    1.49920e+21    7.06013e+20    0.00000e+00
    1.46667e-02    1.17905e+21    1.96042e+21    1.07603e+21    1.45223e+21    7.71563e+20    0.00000e+00
    1.54304e-02    1.05373e+21    2.04227e+21    1.10192e+21    1.42528e+21    8.42665e+20    0.00000e+00
    1.62338e-02    9.39636e+20    2.14461e+21    1.13912e+21    1.41216e+21    9.19605e+20    0.00000e+00
    1.70791e-02    8.35811e+20    2.26638e+21    1.18726e+21    1.42069e+21    1.00315e+21    0.00000e+00
    1.79684e-02    7.45682e+20    2.40681e+21    1.24806e+21    1.44637e+21    1.09342e+21    0.00000e+00
    1.89040e-02    6.65350e+20    2.56875e+21    1.32020e+21    1.48762e+21    1.19096e+21    0.00000e+00
    1.98883e-02    5.96684e+20    2.74878e+21    1.40356e+21    1.54420e+21    1.29641e+21    0.00000e+00
    2.09238e-02    5.35803e+20    2.95011e+21    1.49851e+21    1.61700e+21    1.41004e+21    0.00000e+00
    2.20133e-02    4.85469e+20    3.17432e+21    1.60512e+21    1.70404e+21    1.53261e+21    0.00000e+00
    2.31595e-02    4.41310e+20    3.41944e+21    1.72398e+21    1.80668e+21    1.66458e+21    0.00000e+00
    2.43654e-02    4.07599e+20    3.68643e+21    1.85461e+21    1.92282e+21    1.80634e+21    0.00000e+00
    2.56341e-02    3.80586e+20    3.97853e+21    1.99814e+21    2.05453e+21    1.95887e+21    0.00000e+00
    2.69688e-02    3.61416e+20    4.29386e+21    2.15397e+21    2.20008e+21    2.12225e+21    0.00000e+00
    2.83730e-02    3.48751e+20    4.63391e+21    2.32227e+21    2.36064e+21    2.29708e+21    0.00000e+00
    2.98504e-02    3.44025e+20    4.99959e+21    2.50350e+21    2.53523e+21    2.48387e+21    0.00000e+00
    3.14047e-02    3.46043e+20    5.39071e+21    2.69831e+21    2.72426e+21    2.68246e+21    0.00000e+00
    3.30399e-02    3.56405e+20    5.80581e+21    2.90504e+21    2.92644e+21    2.89284e+21    0.00000e+00
    3.47602e-02    3.72617e+20    6.24395e+21    3.12345e+21    3.14091e+21    3.11407e+21    0.00000e+00
    3.65701e-02    3.96133e+20    6.70221e+21    3.35213e+21    3.36629e+21    3.34489e+21    0.00000e+00
    3.84743e-02    4.27189e+20    7.17330e+21    3.58732e+21    3.59877e+21    3.58178e+21    0.00000e+00
    4.04776e-02    4.66578e+20    7.64937e+21    3.82518e+21    3.83443e+21    3.82100e+21    0.00000e+00
    4.25852e-02    5.13701e+20    8.11732e+21    4.05901e+21    4.06649e+21    4.05587e+21    0.00000e+00
    4.48025e-02    5.69540e+20    8.55382e+21    4.27712e+21    4.28309e+21    4.27479e+21    0.00000e+00
    4.71353e-02    6.33593e+20    8.93898e+21    4.46959e+21    4.47436e+21    4.46788e+21    0.00000e+00
    4.95896e-02    7.07094e+20    9.23151e+21    4.61584e+21    4.61964e+21    4.61458e+21    0.00000e+00
    5.21717e-02    7.89348e+20    9.39447e+21    4.69726e+21    4.70024e+21    4.69636e+21    0.00000e+00
    5.48882e-02    8.79759e+20    9.39787e+21    4.69894e+21    4.70126e+21    4.69829e+21    0.00000e+00
    5.77462e-02    9.76719e+20    9.17891e+21    4.58944e+21    4.59129e+21    4.58900e+21    0.00000e+00
    6.07529e-02    1.07779e+21    8.74496e+21    4.37246e+21    4.37389e+21    4.37215e+21    0.00000e+00
    6.39162e-02    1.17829e+21    8.09121e+21    4.04559e+21    4.04669e+21    4.04538e+21    0.00000e+00
    6.72443e-02    1.26950e+21    7.24563e+21    3.62280e+21    3.62363e+21    3.62266e+21    0.00000e+00
    7.07456e-02    1.34222e+21    6.27870e+21    3.13934e+21    3.13997e+21    3.13925e+21    0.00000e+00
    7.44292e-02    1.37975e+21    5.25917e+21    2.62957e+21    2.63006e+21    2.62951e+21    0.00000e+00
    7.83047e-02    1.36754e+21    4.26569e+21    2.13283e+21    2.13317e+21    2.13280e+21    0.00000e+00
    8.23819e-02    1.29827e+21    3.34795e+21    1.67397e+21    1.67421e+21    1.67395e+21    0.00000e+00
    8.66714e-02    1.16399e+21    2.56787e+21    1.28393e+21    1.28410e+21    1.28392e+21    0.00000e+00
    9.11843e-02    9.86666e+20    1.92000e+21    9.59997e+20    9.60108e+20    9.59989e+20    0.00000e+00
    9.59321e-02    7.87984e+20    1.41003e+21    7.05014e+20    7.05086e+20    7.05009e+20    0.00000e+00
    1.00927e-01    5.96962e+20    1.03156e+21    5.15778e+20    5.15821e+20    5.15775e+20    0.00000e+00
    1.06182e-01    4.29948e+20    7.50515e+20    3.75257e+20    3.75284e+20    3.75255e+20    0.00000e+00
    1.11711e-01    2.98817e+20    5.53475e+20    2.76737e+20    2.76754e+20    2.76736e+20    0.00000e+00
    1.17528e-01    2.01841e+20    4.11769e+20    2.05884e+20    2.05894e+20    2.05884e+20    0.00000e+00
    1.23647e-01    1.32719e+20    3.04177e+20    1.52088e+20    1.52094e+20    1.52088e+20    0.00000e+00
    1.30085e-01    8.83522e+19    2.20272e+20    1.10136e+20    1.10139e+20    1.10136e+20    0.00000e+00
    1.36859e-01    5.89176e+19    1.50966e+20    7.54832e+19    7.54849e+19    7.54831e+19    0.00000e+00
    1.43985e-01    3.99697e+19    9.68989e+19    4.84494e+19    4.84504e+19    4.84494e+19    0.00000e+00
    1.51482e-01    2.72609e+19    5.91988e+19    2.95994e+19    2.95999e+19    2.95994e+19    0.00000e+00
    1.59369e-01    1.76794e+19    3.41341e+19    1.70670e+19    1.70673e+19    1.70670e+19    0.00000e+00
    1.67668e-01    1.06892e+19    1.94584e+19    9.72919e+18    9.72933e+18    9.72919e+18    0.00000e+00
    1.76398e-01    5.99039e+18    1.10836e+19    5.54181e+18    5.54186e+18    5.54180e+18    0.00000e+00
    1.85583e-01    3.10105e+18    6.28592e+18    3.14296e+18    3.14299e+18    3.14296e+18    0.00000e+00
    1.95246e-01    1.61547e+18    3.59902e+18    1.79951e+18    1.79952e+18    1.79951e+18    0.00000e+00
    2.05412e-01    8.23901e+17    1.89031e+18    9.45154e+17    9.45159e+17    9.45154e+17    0.00000e+00
    2.16107e-01    4.25777e+17    9.01678e+17    4.50839e+17    4.50841e+17    4.50839e+17    0.00000e+00
    2.27360e-01    2.15756e+17    4.14222e+17    2.07111e+17    2.07112e+17    2.07111e+17    0.00000e+00
    2.39198e-01    9.64956e+16    1.79755e+17    8.98773e+16    8.98777e+16    8.98773e+16    0.00000e+00
    2.51653e-01    4.03767e+16    8.12504e+16    4.06252e+16    4.06254e+16    4.06252e+16    0.00000e+00
    2.64756e-01    1.61448e+16    3.53208e+16    1.76604e+16    1.76605e+16    1.76604e+16    0.00000e+00
    2.78541e-01    6.24816e+15    1.32311e+16    6.61555e+15    6.61558e+15    6.61555e+15    0.00000e+00
    2.93045e-01    2.53199e+15    4.89571e+15    2.44786e+15    2.44786e+15    2.44786e+15    0.00000e+00
    3.08303e-01    8.73603e+14    1.67058e+15    8.35289e+14    8.35290e+14    8.35289e+14    0.00000e+00
    3.24356e-01    2.70571e+14    5.69487e+14    2.84744e+14    2.84744e+14    2.84744e+14    0.00000e+00
    3.41245e-01    8.71137e+13    1.84467e+14    9.22335e+13    9.22337e+13    9.22335e+13    0.00000e+00
    3.59013e-01    2.55621e+13    4.91570e+13    2.45785e+13    2.45786e+13    2.45785e+13    0.00000e+00
    3.77706e-01    7.00272e+12    1.37533e+13    6.87667e+12    6.87668e+12    6.87667e+12    0.00000e+00
    3.97373e-01    1.71961e+12    3.63696e+12    1.81848e+12    1.81848e+12    1.81848e+12    0.00000e+00
    4.18064e-01    3.84317e+11    7.54994e+11    3.77497e+11    3.77497e+11    3.77497e+11    0.00000e+00
    4.39832e-01    9.10343e+10    1.77366e+11    8.86832e+10    8.86833e+10    8.86832e+10    0.00000e+00
    4.62733e-01    1.67599e+10    3.52021e+10    1.76011e+10    1.76011e+10    1.76011e+10    0.00000e+00
    4.86827e-01    3.05012e+09    5.97245e+09    2.98623e+09    2.98623e+09    2.98623e+09    0.00000e+00
    5.12176e-01    5.35545e+08    1.06660e+09    5.33298e+08    5.33298e+08    5.33298e+08    0.00000e+00
    5.38844e-01    7.15721e+07    1.46225e+08    7.31124e+07    7.31124e+07    7.31124e+07    0.00000e+00
    5.66901e-01    1.06570e+07    2.08771e+07    1.04386e+07    1.04386e+07    1.04386e+07    0.00000e+00
    5.96418e-01    1.25555e+06    2.59868e+06    1.29934e+06    1.29934e+06    1.29934e+06    0.00000e+00
    6.27473e-01    1.15236e+05    2.24128e+05    1.12064e+05    1.12064e+05    1.12064e+05    0.00000e+00
    6.60145e-01    1.34927e+04    2.76306e+04    1.38153e+04    1.38153e+04    1.38153e+04    0.00000e+00
    6.94518e-01    1.04967e+03    2.04765e+03    1.02383e+03    1.02383e+03    1.02383e+03    0.00000e+00
    7.30680e-01    7.33830e+01    1.48540e+02    7.42702e+01    7.42702e+01    7.42702e+01    0.00000e+00
    7.68726e-01    5.47050e+00    1.07915e+01    5.39573e+00    5.39573e+00    5.39573e+00    0.00000e+00
    8.08752e-01    2.39713e-01    4.72036e-01    2.36018e-01    2.36018e-01    2.36018e-01    0.00000e+00
    8.50863e-01    1.33593e-02    2.65121e-02    1.32560e-02    1.32560e-02    1.32560e-02    0.00000e+00
    8.95166e-01    6.19564e-04    1.22571e-03    6.12853e-04    6.12853e-04    6.12853e-04   8.23423e-132
    9.41777e-01    2.11453e-05    4.17089e-05    2.08545e-05    2.08545e-05    2.08545e-05    1.06216e-11
    9.90814e-01    5.87684e-07    1.15916e-06    5.79582e-07    5.79582e-07    5.79582e-07    2.07184e-12
    1.04240e+00    1.61322e-08    3.18155e-08    1.59077e-08    1.59077e-08    1.59077e-08    4.74677e-14
    1.09668e+00    3.67760e-10    7.20502e-10    3.60251e-10    3.60251e-10    3.60251e-10    7.13071e-16
    1.15378e+00    5.67760e-12    1.10751e-11    5.53756e-12    5.53756e-12    5.53756e-12    7.51019e-19
    1.21386e+00    7.72072e-14    1.51325e-13    7.56623e-14    7.56623e-14    7.56623e-14    1.35282e-19
    1.27706e+00    9.83216e-16    1.91405e-15    9.57026e-16    9.57026e-16    9.57026e-16    8.33337e-24
    1.34356e+00    7.77984e-18    1.50122e-17    7.50610e-18    7.50610e-18    7.50610e-18    5.07006e-26
    1.41352e+00    5.31025e-20    1.03429e-19    5.17146e-20    5.17146e-20    5.17146e-20    1.89560e-28
    1.48712e+00    3.15725e-22    6.06265e-22    3.03133e-22    3.03133e-22    3.03133e-22    3.71359e-30
    1.56455e+00    1.10027e-24    2.11169e-24    1.05585e-24    1.05585e-24    1.05585e-24    6.68803e-31
    1.64601e+00    3.84302e-27    7.39781e-27    3.69891e-27    3.69891e-27    3.69891e-27    2.63299e-36
    1.73172e+00    7.81574e-30    1.47697e-29    7.38486e-30    7.38486e-30    7.38486e-30    3.03721e-39
    1.82189e+00    1.35721e-32    2.60624e-32    1.30312e-32    1.30312e-32    1.30312e-32    1.55288e-41
    1.91675e+00    1.52381e-35    2.84616e-35    1.42308e-35    1.42308e-35    1.42308e-35    2.80194e-42
    2.01655e+00    1.33466e-38    2.54398e-38    1.27199e-38    1.27199e-38    1.27199e-38    1.50657e-45
    2.12155e+00    6.97190e-42    1.29239e-41    6.46197e-42    6.46197e-42    6.46197e-42    8.98005e-52
    2.23202e+00    3.02559e-45    5.66709e-45    2.83354e-45    2.83354e-45    2.83354e-45    1.61833e-52
    2.34823e+00    7.88619e-49    1.47382e-48    7.36911e-49    7.36911e-49    7.36911e-49    3.07661e-56
    2.47050e+00    1.47084e-52    2.67442e-52    1.33721e-52    1.33721e-52    1.33721e-52    1.19985e-63
    2.59914e+00    1.33158e-56    2.48098e-56    1.24049e-56    1.24049e-56    1.24049e-56    2.16117e-64
    2.73447e+00    1.14037e-60    2.10868e-60    1.05434e-60    1.05434e-60    1.05434e-60    9.21650e-69
    2.87685e+00    5.52036e-65    9.93427e-65    4.96713e-65    4.96713e-65    4.96713e-65    1.98894e-77
    3.02665e+00    8.45261e-70    1.49685e-69    7.48426e-70    7.48426e-70    7.48426e-70    3.58205e-78
    3.18424e+00    1.98636e-74    3.56281e-74    1.78141e-74    1.78141e-74    1.78141e-74    2.69725e-83
    3.35004e+00    1.36404e-79    2.48326e-79    1.24163e-79    1.24163e-79    1.24163e-79    1.09987e-88
    3.52447e+00    1.68927e-84    3.08282e-84    1.54141e-84    1.54141e-84    1.54141e-84   2.72502e-100
    3.70799e+00    6.55391e-91    1.17696e-90    5.88480e-91    5.88480e-91    5.88480e-91   8.59905e-106
    3.90106e+00    7.10147e-97    1.26782e-96    6.33912e-97    6.33912e-97    6.33912e-97   1.54863e-106
    4.10418e+00   2.14247e-102   3.82385e-102   1.91193e-102   1.91193e-102   1.91193e-102   5.07967e-120
    4.31788e+00   1.01095e-109   1.78037e-109   8.90187e-110   8.90187e-110   8.90187e-110   2.36890e-127
    4.54271e+00   1.20982e-116   2.02952e-116   1.01476e-116   1.01476e-116   1.01476e-116   2.82134e-134
    4.77924e+00   5.67478e-124   8.99632e-124   4.49816e-124   4.49816e-124   4.49816e-124   6.75839e-135
    5.02809e+00   1.04132e-131   1.73308e-131   8.66540e-132   8.66540e-132   8.66540e-132   8.24900e-136
    5.28989e+00   1.22443e-136   2.03792e-136   1.01896e-136   1.01896e-136   1.01896e-136   1.45109e-143
    5.56533e+00   2.70873e-145   4.53812e-145   2.26906e-145   2.26906e-145   2.26906e-145   4.07798e-152
    5.85511e+00   1.50043e-154   2.29611e-154   1.14806e-154   1.14806e-154   1.14806e-154   6.15306e-170
    6.15998e+00   1.12799e-166   1.72366e-166   8.61831e-167   8.61831e-167   8.61831e-167   1.83035e-171
    6.48072e+00   1.57893e-176   2.32592e-176   1.16296e-176   1.16296e-176   1.16296e-176   1.05521e-180
    6.81816e+00   1.07381e-181   1.58186e-181   7.90932e-182   7.90932e-182   7.90932e-182   1.96567e-201
    7.17317e+00   7.81245e-192   1.24601e-191   6.23004e-192   6.23004e-192   6.23004e-192   1.34409e-202
    7.54667e+00   3.94302e-203   6.34119e-203   3.17059e-203   3.17059e-203   3.17059e-203   7.56298e-214
    7.93962e+00   1.15661e-221   1.81138e-221   9.05691e-222   9.05691e-222   9.05691e-222   8.24085e-226
    8.35302e+00   8.93885e-227   1.39994e-226   6.99972e-227   6.99972e-227   6.99972e-227   1.88221e-251
    8.78795e+00   1.92468e-239   2.89027e-239   1.44513e-239   1.44513e-239   1.44513e-239   3.33313e-252
    9.24553e+00   1.92694e-253   2.48362e-253   1.24181e-253   1.24181e-253   1.24181e-253   3.46379e-266
    9.72693e+00   3.78114e-267   5.26502e-267   2.63251e-267   2.63251e-267   2.63251e-267   4.70606e-296
    1.02334e+01   3.24802e-282   4.19199e-282   2.09600e-282   2.09600e-282   2.09600e-282   1.18136e-298
    1.07662e+01   1.17952e-296   1.69410e-296   8.47048e-297   8.47048e-297   8.47048e-297    0.00000e+00
    1.13268e+01    0.00000e+00    0.00000e+00    0.00000e+00    0.00000e+00    0.00000e+00    0.00000e+00
    1.19166e+01    0.00000e+00    0.00000e+00    0.00000e+00    0.00000e+00    0.00000e+00    0.00000e+00
    1.25371e+01    0.00000e+00    0.00000e+00    0.00000e+00    0.00000e+00    0.00000e+00    0.00000e+00
    1.31899e+01    0.00000e+00    0.00000e+00    0.00000e+00    0.00000e+00    0.00000e+00    0.00000e+00
    1.38766e+01    0.00000e+00    0.00000e+00    0.00000e+00    0.00000e+00    0.00000e+00    0.00000e+00
    1.45992e+01    0.00000e+00    0.00000e+00    0.00000e+00    0.00000e+00    0.00000e+00    0.00000e+00
    1.53593e+01    0.00000e+00    0.00000e+00    0.00000e+00    0.00000e+00    0.00000e+00    0.00000e+00
    1.61591e+01    0.00000e+00    0.00000e+00    0.00000e+00    0.00000e+00    0.00000e+00    0.00000e+00
    1.70005e+01    0.00000e+00    0.00000e+00    0.00000e+00    0.00000e+00    0.00000e+00    0.00000e+00
    1.78857e+01    0.00000e+00    0.00000e+00    0.00000e+00    0.00000e+00    0.00000e+00    0.00000e+00
    1.88169e+01    0.00000e+00    0.00000e+00    0.00000e+00    0.00000e+00    0.00000e+00    0.00000e+00
    1.97967e+01    0.00000e+00    0.00000e+00    0.00000e+00    0.00000e+00    0.00000e+00    0.00000e+00
    2.08275e+01    0.00000e+00    0.00000e+00    0.00000e+00    0.00000e+00    0.00000e+00    0.00000e+00
    2.19120e+01    0.00000e+00    0.00000e+00    0.00000e+00    0.00000e+00    0.00000e+00    0.00000e+00
    2.30529e+01    0.00000e+00    0.00000e+00    0.00000e+00    0.00000e+00    0.00000e+00    0.00000e+00
    2.42532e+01    0.00000e+00    0.00000e+00    0.00000e+00    0.00000e+00    0.00000e+00    0.00000e+00
    2.55161e+01    0.00000e+00    0.00000e+00    0.00000e+00    0.00000e+00    0.00000e+00    0.00000e+00
    2.68446e+01    0.00000e+00    0.00000e+00    0.00000e+00    0.00000e+00    0.00000e+00    0.00000e+00
    2.82424e+01    0.00000e+00    0.00000e+00    0.00000e+00    0.00000e+00    0.00000e+00    0.00000e+00
    2.97130e+01    0.00000e+00    0.00000e+00    0.00000e+00    0.00000e+00    0.00000e+00    0.00000e+00
    3.12601e+01    0.00000e+00    0.00000e+00    0.00000e+00    0.00000e+00    0.00000e+00    0.00000e+00
    3.28877e+01    0.00000e+00    0.00000e+00    0.00000e+00    0.00000e+00    0.00000e+00    0.00000e+00
    3.46002e+01    0.00000e+00    0.00000e+00    0.00000e+00    0.00000e+00    0.00000e+00    0.00000e+00
    3.64017e+01    0.00000e+00    0.00000e+00    0.00000e+00    0.00000e+00    0.00000e+00    0.00000e+00
    3.82971e+01    0.00000e+00    0.00000e+00    0.00000e+00    0.00000e+00    0.00000e+00    0.00000e+00
    4.02912e+01    0.00000e+00    0.00000e+00    0.00000e+00    0.00000e+00    0.00000e+00    0.00000e+00
    4.23891e+01    0.00000e+00    0.00000e+00    0.00000e+00    0.00000e+00    0.00000e+00    0.00000e+00
    4.45963e+01    0.00000e+00    0.00000e+00    0.00000e+00    0.00000e+00    0.00000e+00    0.00000e+00
    4.69183e+01    0.00000e+00    0.00000e+00    0.00000e+00    0.00000e+00    0.00000e+00    0.00000e+00
    4.93613e+01    0.00000e+00    0.00000e+00    0.00000e+00    0.00000e+00    0.00000e+00    0.00000e+00
    5.19315e+01    0.00000e+00    0.00000e+00    0.00000e+00    0.00000e+00    0.00000e+00    0.00000e+00
    5.46355e+01    0.00000e+00    0.00000e+00    0.00000e+00    0.00000e+00    0.00000e+00    0.00000e+00
    5.74803e+01    0.00000e+00    0.00000e+00    0.00000e+00    0.00000e+00    0.00000e+00    0.00000e+00
    6.04732e+01    0.00000e+00    0.00000e+00    0.00000e+00    0.00000e+00    0.00000e+00    0.00000e+00
    6.36220e+01    0.00000e+00    0.00000e+00    0.00000e+00    0.00000e+00    0.00000e+00    0.00000e+00
    6.69347e+01    0.00000e+00    0.00000e+00    0.00000e+00    0.00000e+00    0.00000e+00    0.00000e+00
    7.04199e+01    0.00000e+00    0.00000e+00    0.00000e+00    0.00000e+00    0.00000e+00    0.00000e+00
    7.40866e+01    0.00000e+00    0.00000e+00    0.00000e+00    0.00000e+00    0.00000e+00    0.00000e+00
    7.79442e+01    0.00000e+00    0.00000e+00    0.00000e+00    0.00000e+00    0.00000e+00    0.00000e+00
    8.20026e+01    0.00000e+00    0.00000e+00    0.00000e+00    0.00000e+00    0.00000e+00    0.00000e+00
    8.62724e+01    0.00000e+00    0.00000e+00    0.00000e+00    0.00000e+00    0.00000e+00    0.00000e+00
    9.07645e+01    0.00000e+00    0.00000e+00    0.00000e+00    0.00000e+00    0.00000e+00    0.00000e+00
    9.54904e+01    0.00000e+00    0.00000e+00    0.00000e+00    0.00000e+00    0.00000e+00    0.00000e+00
    1.00463e+02    0.00000e+00    0.00000e+00    0.00000e+00    0.00000e+00    0.00000e+00    0.00000e+00
    1.05693e+02    0.00000e+00    0.00000e+00    0.00000e+00    0.00000e+00    0.00000e+00    0.00000e+00
    1.11197e+02    0.00000e+00    0.00000e+00    0.00000e+00    0.00000e+00    0.00000e+00    0.00000e+00
    1.16987e+02    0.00000e+00    0.00000e+00    0.00000e+00    0.00000e+00    0.00000e+00    0.00000e+00
    1.23078e+02    0.00000e+00    0.00000e+00    0.00000e+00    0.00000e+00    0.00000e+00    0.00000e+00
    1.29486e+02    0.00000e+00    0.00000e+00    0.00000e+00    0.00000e+00    0.00000e+00    0.00000e+00
    1.36229e+02    0.00000e+00    0.00000e+00    0.00000e+00    0.00000e+00    0.00000e+00    0.00000e+00
    1.43322e+02    0.00000e+00    0.00000e+00    0.00000e+00    0.00000e+00    0.00000e+00    0.00000e+00
    1.50785e+02    0.00000e+00    0.00000e+00    0.00000e+00    0.00000e+00    0.00000e+00    0.00000e+00
    1.58636e+02    0.00000e+00    0.00000e+00    0.00000e+00    0.00000e+00    0.00000e+00    0.00000e+00
    1.66896e+02    0.00000e+00    0.00000e+00    0.00000e+00    0.00000e+00    0.00000e+00    0.00000e+00
    1.75586e+02    0.00000e+00    0.00000e+00    0.00000e+00    0.00000e+00    0.00000e+00    0.00000e+00
    1.84728e+02    0.00000e+00    0.00000e+00    0.00000e+00    0.00000e+00    0.00000e+00    0.00000e+00
    1.94347e+02    0.00000e+00    0.00000e+00    0.00000e+00    0.00000e+00    0.00000e+00    0.00000e+00
    2.04466e+02    0.00000e+00    0.00000e+00    0.00000e+00    0.00000e+00    0.00000e+00    0.00000e+00
    2.15112e+02    0.00000e+00    0.00000e+00    0.00000e+00    0.00000e+00    0.00000e+00    0.00000e+00
    2.26313e+02    0.00000e+00    0.00000e+00    0.00000e+00    0.00000e+00    0.00000e+00    0.00000e+00
    2.38097e+02    0.00000e+00    0.00000e+00    0.00000e+00    0.00000e+00    0.00000e+00    0.00000e+00
    2.50494e+02    0.00000e+00    0.00000e+00    0.00000e+00    0.00000e+00    0.00000e+00    0.00000e+00
    2.63537e+02    0.00000e+00    0.00000e+00    0.00000e+00    0.00000e+00    0.00000e+00    0.00000e+00
    2.77259e+02    0.00000e+00    0.00000e+00    0.00000e+00    0.00000e+00    0.00000e+00    0.00000e+00
    2.91696e+02    0.00000e+00    0.00000e+00    0.00000e+00    0.00000e+00    0.00000e+00    0.00000e+00
    3.06884e+02    0.00000e+00    0.00000e+00    0.00000e+00    0.00000e+00    0.00000e+00    0.00000e+00
    3.22863e+02    0.00000e+00    0.00000e+00    0.00000e+00    0.00000e+00    0.00000e+00    0.00000e+00
    3.39674e+02    0.00000e+00    0.00000e+00    0.00000e+00    0.00000e+00    0.00000e+00    0.00000e+00
    3.57360e+02    0.00000e+00    0.00000e+00    0.00000e+00    0.00000e+00    0.00000e+00    0.00000e+00
    3.75967e+02    0.00000e+00    0.00000e+00    0.00000e+00    0.00000e+00    0.00000e+00    0.00000e+00
    3.95544e+02    0.00000e+00    0.00000e+00    0.00000e+00    0.00000e+00    0.00000e+00    0.00000e+00
    4.16139e+02    0.00000e+00    0.00000e+00    0.00000e+00    0.00000e+00    0.00000e+00    0.00000e+00
    4.37807e+02    0.00000e+00    0.00000e+00    0.00000e+00    0.00000e+00    0.00000e+00    0.00000e+00
    4.60603e+02    0.00000e+00    0.00000e+00    0.00000e+00    0.00000e+00    0.00000e+00    0.00000e+00
    4.84586e+02    0.00000e+00    0.00000e+00    0.00000e+00    0.00000e+00    0.00000e+00    0.00000e+00
    5.09818e+02    0.00000e+00    0.00000e+00    0.00000e+00    0.00000e+00    0.00000e+00    0.00000e+00
    5.36363e+02    0.00000e+00    0.00000e+00    0.00000e+00    0.00000e+00    0.00000e+00    0.00000e+00
    5.64291e+02    0.00000e+00    0.00000e+00    0.00000e+00    0.00000e+00    0.00000e+00    0.00000e+00
    5.93673e+02    0.00000e+00    0.00000e+00    0.00000e+00    0.00000e+00    0.00000e+00    0.00000e+00
    6.24584e+02    0.00000e+00    0.00000e+00    0.00000e+00    0.00000e+00    0.00000e+00    0.00000e+00
    6.57106e+02    0.00000e+00    0.00000e+00    0.00000e+00    0.00000e+00    0.00000e+00    0.00000e+00
    6.91320e+02    0.00000e+00    0.00000e+00    0.00000e+00    0.00000e+00    0.00000e+00    0.00000e+00
    7.27317e+02    0.00000e+00    0.00000e+00    0.00000e+00    0.00000e+00    0.00000e+00    0.00000e+00
    7.65187e+02    0.00000e+00    0.00000e+00    0.00000e+00    0.00000e+00    0.00000e+00    0.00000e+00
    8.05029e+02    0.00000e+00    0.00000e+00    0.00000e+00    0.00000e+00    0.00000e+00    0.00000e+00
    8.46946e+02    0.00000e+00    0.00000e+00    0.00000e+00    0.00000e+00    0.00000e+00    0.00000e+00
    8.91045e+02    0.00000e+00    0.00000e+00    0.00000e+00    0.00000e+00    0.00000e+00    0.00000e+00
    9.37441e+02    0.00000e+00    0.00000e+00    0.00000e+00    0.00000e+00    0.00000e+00    0.00000e+00
    9.86252e+02    0.00000e+00    0.00000e+00    0.00000e+00    0.00000e+00    0.00000e+00    0.00000e+00
    1.03761e+03    0.00000e+00    0.00000e+00    0.00000e+00    0.00000e+00    0.00000e+00    0.00000e+00
    1.09163e+03    0.00000e+00    0.00000e+00    0.00000e+00    0.00000e+00    0.00000e+00    0.00000e+00
    1.14847e+03    0.00000e+00    0.00000e+00    0.00000e+00    0.00000e+00    0.00000e+00    0.00000e+00
    1.20827e+03    0.00000e+00    0.00000e+00    0.00000e+00    0.00000e+00    0.00000e+00    0.00000e+00
    1.27118e+03    0.00000e+00    0.00000e+00    0.00000e+00    0.00000e+00    0.00000e+00    0.00000e+00
    1.33737e+03    0.00000e+00    0.00000e+00    0.00000e+00    0.00000e+00    0.00000e+00    0.00000e+00
    1.40701e+03    0.00000e+00    0.00000e+00    0.00000e+00    0.00000e+00    0.00000e+00    0.00000e+00
    1.48027e+03    0.00000e+00    0.00000e+00    0.00000e+00    0.00000e+00    0.00000e+00    0.00000e+00
    1.55734e+03    0.00000e+00    0.00000e+00    0.00000e+00    0.00000e+00    0.00000e+00    0.00000e+00
    1.63843e+03    0.00000e+00    0.00000e+00    0.00000e+00    0.00000e+00    0.00000e+00    0.00000e+00
    1.72374e+03    0.00000e+00    0.00000e+00    0.00000e+00    0.00000e+00    0.00000e+00    0.00000e+00
    1.81350e+03    0.00000e+00    0.00000e+00    0.00000e+00    0.00000e+00    0.00000e+00    0.00000e+00
    1.90792e+03    0.00000e+00    0.00000e+00    0.00000e+00    0.00000e+00    0.00000e+00    0.00000e+00
    2.00727e+03    0.00000e+00    0.00000e+00    0.00000e+00    0.00000e+00    0.00000e+00    0.00000e+00
    2.11178e+03    0.00000e+00    0.00000e+00    0.00000e+00    0.00000e+00    0.00000e+00    0.00000e+00
    2.22174e+03    0.00000e+00    0.00000e+00    0.00000e+00    0.00000e+00    0.00000e+00    0.00000e+00
    2.33742e+03    0.00000e+00    0.00000e+00    0.00000e+00    0.00000e+00    0.00000e+00    0.00000e+00
    2.45913e+03    0.00000e+00    0.00000e+00    0.00000e+00    0.00000e+00    0.00000e+00    0.00000e+00
    2.58717e+03    0.00000e+00    0.00000e+00    0.00000e+00    0.00000e+00    0.00000e+00    0.00000e+00
    2.72188e+03    0.00000e+00    0.00000e+00    0.00000e+00    0.00000e+00    0.00000e+00    0.00000e+00
    2.86361e+03    0.00000e+00    0.00000e+00    0.00000e+00    0.00000e+00    0.00000e+00    0.00000e+00
    3.01271e+03    0.00000e+00    0.00000e+00    0.00000e+00    0.00000e+00    0.00000e+00    0.00000e+00
    3.16958e+03    0.00000e+00    0.00000e+00    0.00000e+00    0.00000e+00    0.00000e+00    0.00000e+00
    3.33462e+03    0.00000e+00    0.00000e+00    0.00000e+00    0.00000e+00    0.00000e+00    0.00000e+00
    3.50825e+03    0.00000e+00    0.00000e+00    0.00000e+00    0.00000e+00    0.00000e+00    0.00000e+00
    3.69092e+03    0.00000e+00    0.00000e+00    0.00000e+00    0.00000e+00    0.00000e+00    0.00000e+00
    3.88310e+03    0.00000e+00    0.00000e+00    0.00000e+00    0.00000e+00    0.00000e+00    0.00000e+00
    4.08529e+03    0.00000e+00    0.00000e+00    0.00000e+00    0.00000e+00    0.00000e+00    0.00000e+00
    4.29800e+03    0.00000e+00    0.00000e+00    0.00000e+00    0.00000e+00    0.00000e+00    0.00000e+00
    4.52179e+03    0.00000e+00    0.00000e+00    0.00000e+00    0.00000e+00    0.00000e+00    0.00000e+00
    4.75724e+03    0.00000e+00    0.00000e+00    0.00000e+00    0.00000e+00    0.00000e+00    0.00000e+00
    5.00494e+03    0.00000e+00    0.00000e+00    0.00000e+00    0.00000e+00    0.00000e+00    0.00000e+00
    5.26554e+03    0.00000e+00    0.00000e+00    0.00000e+00    0.00000e+00    0.00000e+00    0.00000e+00
    5.53971e+03    0.00000e+00    0.00000e+00    0.00000e+00    0.00000e+00    0.00000e+00    0.00000e+00
    5.82815e+03    0.00000e+00    0.00000e+00    0.00000e+00    0.00000e+00    0.00000e+00    0.00000e+00
    6.13162e+03    0.00000e+00    0.00000e+00    0.00000e+00    0.00000e+00    0.00000e+00    0.00000e+00
    6.45088e+03    0.00000e+00    0.00000e+00    0.00000e+00    0.00000e+00    0.00000e+00    0.00000e+00
    6.78677e+03    0.00000e+00    0.00000e+00    0.00000e+00    0.00000e+00    0.00000e+00    0.00000e+00
    7.14015e+03    0.00000e+00    0.00000e+00    0.00000e+00    0.00000e+00    0.00000e+00    0.00000e+00
    7.51193e+03    0.00000e+00    0.00000e+00    0.00000e+00    0.00000e+00    0.00000e+00    0.00000e+00
    7.90307e+03    0.00000e+00    0.00000e+00    0.00000e+00    0.00000e+00    0.00000e+00    0.00000e+00
    8.31457e+03    0.00000e+00    0.00000e+00    0.00000e+00    0.00000e+00    0.00000e+00    0.00000e+00
    8.74750e+03    0.00000e+00    0.00000e+00    0.00000e+00    0.00000e+00    0.00000e+00    0.00000e+00
    9.20297e+03    0.00000e+00    0.00000e+00    0.00000e+00    0.00000e+00    0.00000e+00    0.00000e+00
    9.68215e+03    0.00000e+00    0.00000e+00    0.00000e+00    0.00000e+00    0.00000e+00    0.00000e+00
    1.01863e+04    0.00000e+00    0.00000e+00    0.00000e+00    0.00000e+00    0.00000e+00    0.00000e+00
    1.07167e+04    0.00000e+00    0.00000e+00    0.00000e+00    0.00000e+00    0.00000e+00    0.00000e+00
    1.12747e+04    0.00000e+00    0.00000e+00    0.00000e+00    0.00000e+00    0.00000e+00    0.00000e+00
    1.18617e+04    0.00000e+00    0.00000e+00    0.00000e+00    0.00000e+00    0.00000e+00    0.00000e+00
    1.24794e+04    0.00000e+00    0.00000e+00    0.00000e+00    0.00000e+00    0.00000e+00    0.00000e+00
    1.31291e+04    0.00000e+00    0.00000e+00    0.00000e+00    0.00000e+00    0.00000e+00    0.00000e+00
    1.38128e+04    0.00000e+00    0.00000e+00    0.00000e+00    0.00000e+00    0.00000e+00    0.00000e+00
    1.45320e+04    0.00000e+00    0.00000e+00    0.00000e+00    0.00000e+00    0.00000e+00    0.00000e+00
    1.52886e+04    0.00000e+00    0.00000e+00    0.00000e+00    0.00000e+00    0.00000e+00    0.00000e+00
    1.60847e+04    0.00000e+00    0.00000e+00    0.00000e+00    0.00000e+00    0.00000e+00    0.00000e+00
    1.69222e+04    0.00000e+00    0.00000e+00    0.00000e+00    0.00000e+00    0.00000e+00    0.00000e+00
    1.78033e+04    0.00000e+00    0.00000e+00    0.00000e+00    0.00000e+00    0.00000e+00    0.00000e+00
    1.87303e+04    0.00000e+00    0.00000e+00    0.00000e+00    0.00000e+00    0.00000e+00    0.00000e+00
    1.97056e+04    0.00000e+00    0.00000e+00    0.00000e+00    0.00000e+00    0.00000e+00    0.00000e+00
    2.07316e+04    0.00000e+00    0.00000e+00    0.00000e+00    0.00000e+00    0.00000e+00    0.00000e+00
    2.18111e+04    0.00000e+00    0.00000e+00    0.00000e+00    0.00000e+00    0.00000e+00    0.00000e+00
    2.29468e+04    0.00000e+00    0.00000e+00    0.00000e+00    0.00000e+00    0.00000e+00    0.00000e+00
    2.41416e+04    0.00000e+00    0.00000e+00    0.00000e+00    0.00000e+00    0.00000e+00    0.00000e+00
    2.53986e+04    0.00000e+00    0.00000e+00    0.00000e+00    0.00000e+00    0.00000e+00    0.00000e+00
    2.67211e+04    0.00000e+00    0.00000e+00    0.00000e+00    0.00000e+00    0.00000e+00    0.00000e+00
    2.81124e+04    0.00000e+00    0.00000e+00    0.00000e+00    0.00000e+00    0.00000e+00    0.00000e+00
    2.95762e+04    0.00000e+00    0.00000e+00    0.00000e+00    0.00000e+00    0.00000e+00    0.00000e+00
    3.11162e+04    0.00000e+00    0.00000e+00    0.00000e+00    0.00000e+00    0.00000e+00    0.00000e+00
    3.27363e+04    0.00000e+00    0.00000e+00    0.00000e+00    0.00000e+00    0.00000e+00    0.00000e+00
    3.44409e+04    0.00000e+00    0.00000e+00    0.00000e+00    0.00000e+00    0.00000e+00    0.00000e+00
    3.62342e+04    0.00000e+00    0.00000e+00    0.00000e+00    0.00000e+00    0.00000e+00    0.00000e+00
    3.81208e+04    0.00000e+00    0.00000e+00    0.00000e+00    0.00000e+00    0.00000e+00    0.00000e+00
    4.01057e+04    0.00000e+00    0.00000e+00    0.00000e+00    0.00000e+00    0.00000e+00    0.00000e+00
    4.21940e+04    0.00000e+00    0.00000e+00    0.00000e+00    0.00000e+00    0.00000e+00    0.00000e+00
    4.43910e+04    0.00000e+00    0.00000e+00    0.00000e+00    0.00000e+00    0.00000e+00    0.00000e+00
    4.67023e+04    0.00000e+00    0.00000e+00    0.00000e+00    0.00000e+00    0.00000e+00    0.00000e+00
    4.91341e+04    0.00000e+00    0.00000e+00    0.00000e+00    0.00000e+00    0.00000e+00    0.00000e+00
    5.16924e+04    0.00000e+00    0.00000e+00    0.00000e+00    0.00000e+00    0.00000e+00    0.00000e+00
    5.43840e+04    0.00000e+00    0.00000e+00    0.00000e+00    0.00000e+00    0.00000e+00    0.00000e+00
    5.72157e+04    0.00000e+00    0.00000e+00    0.00000e+00    0.00000e+00    0.00000e+00    0.00000e+00
    6.01948e+04    0.00000e+00    0.00000e+00    0.00000e+00    0.00000e+00    0.00000e+00    0.00000e+00
    6.33291e+04    0.00000e+00    0.00000e+00    0.00000e+00    0.00000e+00    0.00000e+00    0.00000e+00
    6.66265e+04    0.00000e+00    0.00000e+00    0.00000e+00    0.00000e+00    0.00000e+00    0.00000e+00
    7.00957e+04    0.00000e+00    0.00000e+00    0.00000e+00    0.00000e+00    0.00000e+00    0.00000e+00
    7.37455e+04    0.00000e+00    0.00000e+00    0.00000e+00    0.00000e+00    0.00000e+00    0.00000e+00
    7.75853e+04    0.00000e+00    0.00000e+00    0.00000e+00    0.00000e+00    0.00000e+00    0.00000e+00
    8.16251e+04    0.00000e+00    0.00000e+00    0.00000e+00    0.00000e+00    0.00000e+00    0.00000e+00
    8.58752e+04    0.00000e+00    0.00000e+00    0.00000e+00    0.00000e+00    0.00000e+00    0.00000e+00
    9.03466e+04    0.00000e+00    0.00000e+00    0.00000e+00    0.00000e+00    0.00000e+00    0.00000e+00
    9.50508e+04    0.00000e+00    0.00000e+00    0.00000e+00    0.00000e+00    0.00000e+00    0.00000e+00
    1.00000e+05    0.00000e+00    0.00000e+00    0.00000e+00    0.00000e+00    0.00000e+00    0.00000e+00
