# E_gamma(MeV)   IFA_secondary_masked(MeV^-1 s^-1)
5.145440e-01 1.465844e+21
5.413360e-01 2.189849e+21
5.695230e-01 2.975048e+21
5.991770e-01 3.460288e+21
6.303750e-01 3.798888e+21
6.631980e-01 4.009123e+21
6.977300e-01 4.118134e+21
7.340600e-01 4.150623e+21
7.722810e-01 4.126386e+21
8.124930e-01 4.060669e+21
8.547980e-01 3.965075e+21
8.993070e-01 3.848418e+21
9.461320e-01 3.717402e+21
9.953960e-01 3.577136e+21
1.047230e+00 3.431494e+21
1.101750e+00 3.283421e+21
1.159120e+00 3.135129e+21
1.219470e+00 2.988289e+21
1.282970e+00 2.844122e+21
1.349770e+00 2.703534e+21
1.420050e+00 2.567162e+21
1.493990e+00 2.435453e+21
1.571780e+00 2.308684e+21
1.653620e+00 2.187026e+21
1.739730e+00 2.070554e+21
1.830310e+00 1.959269e+21
1.925610e+00 1.853123e+21
2.025880e+00 1.752022e+21
2.131360e+00 1.655840e+21
2.242340e+00 1.564434e+21
2.359100e+00 1.477641e+21
2.481930e+00 1.395286e+21
2.611160e+00 1.317193e+21
2.747120e+00 1.243178e+21
2.890160e+00 1.173060e+21
3.040650e+00 1.106660e+21
3.198970e+00 1.043800e+21
3.365530e+00 9.843067e+20
3.540770e+00 9.280138e+20
3.725140e+00 8.747579e+20
3.919100e+00 8.243824e+20
4.123160e+00 7.767386e+20
4.337850e+00 7.316845e+20
4.563720e+00 6.890821e+20
4.801340e+00 6.488011e+20
5.051340e+00 6.107173e+20
5.314360e+00 5.747134e+20
5.591070e+00 5.406765e+20
5.882190e+00 5.085014e+20
6.188470e+00 4.780878e+20
6.510690e+00 4.493413e+20
6.849700e+00 4.221716e+20
7.206350e+00 3.964943e+20
7.581580e+00 3.722292e+20
7.976340e+00 3.493009e+20
8.391660e+00 3.276381e+20
8.828600e+00 3.071734e+20
9.288290e+00 2.878436e+20
9.771920e+00 2.695886e+20
1.028070e+01 2.523519e+20
1.081600e+01 2.360800e+20
1.137920e+01 2.207225e+20
1.197170e+01 2.062319e+20
1.259510e+01 1.925637e+20
1.325090e+01 1.796753e+20
1.394080e+01 1.675266e+20
1.466670e+01 1.560803e+20
1.543040e+01 1.453000e+20
1.623380e+01 1.351516e+20
1.707910e+01 1.256034e+20
1.796840e+01 1.166246e+20
1.890400e+01 1.081862e+20
1.988830e+01 1.002610e+20
2.092380e+01 9.282262e+19
2.201330e+01 8.584610e+19
2.315950e+01 7.930781e+19
2.436540e+01 7.318511e+19
2.563410e+01 6.745663e+19
2.696880e+01 6.210167e+19
2.837300e+01 5.710070e+19
2.985040e+01 5.243504e+19
3.140470e+01 4.808671e+19
3.303990e+01 4.403857e+19
3.476020e+01 4.027423e+19
3.657010e+01 3.677805e+19
3.847430e+01 3.353500e+19
4.047760e+01 3.053077e+19
4.258520e+01 2.775149e+19
4.480250e+01 2.518403e+19
4.713530e+01 2.281576e+19
4.958960e+01 2.063449e+19
5.217170e+01 1.862867e+19
5.488820e+01 1.678713e+19
5.774620e+01 1.509934e+19
6.075290e+01 1.355499e+19
6.391620e+01 1.214446e+19
6.724430e+01 1.085839e+19
7.074560e+01 9.688142e+18
7.442920e+01 8.625320e+18
7.830470e+01 7.662060e+18
8.238190e+01 6.790787e+18
8.667140e+01 6.004335e+18
9.118430e+01 5.296064e+18
9.593210e+01 4.659614e+18
1.009270e+02 4.088988e+18
1.061820e+02 3.578694e+18
1.117110e+02 3.123526e+18
1.175280e+02 2.718519e+18
1.236470e+02 2.359078e+18
1.300850e+02 2.041053e+18
1.368590e+02 1.760397e+18
1.439850e+02 1.513437e+18
1.514820e+02 1.296778e+18
1.593690e+02 1.107346e+18
1.676680e+02 9.422609e+17
1.763980e+02 7.988608e+17
1.855830e+02 6.747377e+17
1.952460e+02 5.676839e+17
2.054120e+02 4.756718e+17
2.161070e+02 3.969038e+17
2.273600e+02 3.297349e+17
2.391980e+02 2.727143e+17
2.516530e+02 2.245129e+17
2.647560e+02 1.839576e+17
2.785410e+02 1.499596e+17
2.930450e+02 1.216020e+17
3.083030e+02 9.808165e+16
3.243560e+02 7.867037e+16
3.412450e+02 6.272632e+16
3.590130e+02 4.971318e+16
3.777060e+02 3.916176e+16
3.973730e+02 3.062920e+16
4.180640e+02 2.380064e+16
4.398320e+02 1.836410e+16
4.627330e+02 1.406942e+16
4.868270e+02 1.069543e+16
5.121760e+02 8.067569e+15
5.388440e+02 6.036463e+15
5.669010e+02 4.475750e+15
5.964180e+02 3.289026e+15
6.274730e+02 2.396414e+15
6.601450e+02 1.727944e+15
6.945180e+02 1.232417e+15
7.306800e+02 8.714640e+14
7.687260e+02 6.093787e+14
8.087520e+02 4.214642e+14
8.508630e+02 2.878798e+14
8.951660e+02 1.941973e+14
9.417770e+02 1.294717e+14
9.908140e+02 8.527376e+13
1.042400e+03 5.538688e+13
1.096680e+03 3.534326e+13
1.153780e+03 2.200993e+13
1.213860e+03 1.339194e+13
1.277060e+03 7.948613e+12
1.343560e+03 4.600347e+12
1.413520e+03 2.608822e+12
1.487120e+03 1.455280e+12
1.564550e+03 8.063613e+11
1.646010e+03 4.282920e+11
1.731720e+03 2.168758e+11
1.821890e+03 1.026997e+11
1.916750e+03 4.710659e+10
2.016550e+03 2.309671e+10
2.121550e+03 9.811682e+09
