# E_gamma(MeV)   IFA_secondary_masked(MeV^-1 s^-1)
5.145440e-01 2.944765e+09
5.413360e-01 2.976778e+10
5.695230e-01 1.094477e+11
5.991770e-01 2.676948e+11
6.303750e-01 5.458146e+11
6.631980e-01 9.398482e+11
6.977300e-01 1.384508e+12
7.340600e-01 1.859557e+12
7.722810e-01 2.310124e+12
8.124930e-01 2.639533e+12
8.547980e-01 2.807831e+12
8.993070e-01 2.830152e+12
9.461320e-01 2.725559e+12
9.953960e-01 2.526794e+12
1.047230e+00 2.284988e+12
1.101750e+00 2.038193e+12
1.159120e+00 1.813187e+12
1.219470e+00 1.580490e+12
1.282970e+00 1.335134e+12
1.349770e+00 1.110510e+12
1.420050e+00 9.169990e+11
1.493990e+00 7.569810e+11
1.571780e+00 6.322208e+11
1.653620e+00 5.440865e+11
1.739730e+00 4.633365e+11
1.830310e+00 3.893486e+11
1.925610e+00 3.245163e+11
2.025880e+00 2.721010e+11
2.131360e+00 2.255473e+11
2.242340e+00 1.880283e+11
2.359100e+00 1.545645e+11
2.481930e+00 1.252099e+11
2.611160e+00 9.662586e+10
2.747120e+00 7.528870e+10
2.890160e+00 5.797494e+10
3.040650e+00 4.478324e+10
3.198970e+00 3.354092e+10
3.365530e+00 2.423516e+10
3.540770e+00 1.687869e+10
3.725140e+00 1.226798e+10
3.919100e+00 8.718634e+09
4.123160e+00 5.843883e+09
4.337850e+00 3.764403e+09
4.563720e+00 2.683332e+09
4.801340e+00 1.889226e+09
5.051340e+00 1.267679e+09
5.314360e+00 8.659363e+08
5.591070e+00 6.088910e+08
5.882190e+00 3.998695e+08
6.188470e+00 2.528584e+08
6.510690e+00 1.574210e+08
6.849700e+00 9.115347e+07
7.206350e+00 5.980824e+07
7.581580e+00 4.195024e+07
7.976340e+00 2.991435e+07
8.391660e+00 2.162630e+07
8.828600e+00 1.446844e+07
9.288290e+00 8.807140e+06
9.771920e+00 4.654889e+06
1.028070e+01 1.931728e+06
1.081600e+01 5.698877e+05
1.137920e+01 1.540501e+05
1.197170e+01 5.599904e+04
1.259510e+01 1.978162e+04
1.325090e+01 8.229448e+03
1.394080e+01 2.557250e+03
1.466670e+01 4.512639e+02
1.543040e+01 1.336476e+02
1.623380e+01 4.207853e+01
1.707910e+01 3.537832e+00
1.796840e+01 1.394699e+00
1.890400e+01 5.174259e-01
1.988830e+01 1.224407e-01
2.092380e+01 2.681561e-02
2.201330e+01 4.245292e-03
2.315950e+01 1.128103e-03
2.436540e+01 2.871961e-04
2.563410e+01 9.643698e-05
2.696880e+01 2.993632e-05
2.837300e+01 9.127482e-06
2.985040e+01 2.610888e-06
3.140470e+01 8.699321e-07
3.303990e+01 2.234832e-07
3.476020e+01 7.490514e-08
3.657010e+01 2.026469e-08
3.847430e+01 7.332672e-09
4.047760e+01 0.000000e+00
4.258520e+01 0.000000e+00
4.480250e+01 0.000000e+00
4.713530e+01 0.000000e+00
4.958960e+01 0.000000e+00
5.217170e+01 0.000000e+00
5.488820e+01 0.000000e+00
5.774620e+01 0.000000e+00
6.075290e+01 0.000000e+00
6.391620e+01 0.000000e+00
6.724430e+01 0.000000e+00
7.074560e+01 0.000000e+00
7.442920e+01 0.000000e+00
7.830470e+01 0.000000e+00
8.238190e+01 0.000000e+00
8.667140e+01 0.000000e+00
9.118430e+01 0.000000e+00
9.593210e+01 0.000000e+00
1.009270e+02 0.000000e+00
1.061820e+02 0.000000e+00
1.117110e+02 0.000000e+00
1.175280e+02 0.000000e+00
1.236470e+02 0.000000e+00
1.300850e+02 0.000000e+00
1.368590e+02 0.000000e+00
1.439850e+02 0.000000e+00
1.514820e+02 0.000000e+00
1.593690e+02 0.000000e+00
1.676680e+02 0.000000e+00
1.763980e+02 0.000000e+00
1.855830e+02 0.000000e+00
1.952460e+02 0.000000e+00
2.054120e+02 0.000000e+00
2.161070e+02 0.000000e+00
2.273600e+02 0.000000e+00
2.391980e+02 0.000000e+00
2.516530e+02 0.000000e+00
2.647560e+02 0.000000e+00
2.785410e+02 0.000000e+00
2.930450e+02 0.000000e+00
3.083030e+02 0.000000e+00
3.243560e+02 0.000000e+00
3.412450e+02 0.000000e+00
3.590130e+02 0.000000e+00
3.777060e+02 0.000000e+00
3.973730e+02 0.000000e+00
