# E_gamma(MeV)   IFA_primary_masked(MeV^-1 s^-1)
5.145440e-01 1.342495e+15
5.413360e-01 1.256229e+16
5.695230e-01 4.808909e+16
5.991770e-01 1.123902e+17
6.303750e-01 2.011756e+17
6.631980e-01 3.065068e+17
6.977300e-01 4.135422e+17
7.340600e-01 5.026167e+17
7.722810e-01 5.650965e+17
8.124930e-01 6.020401e+17
8.547980e-01 6.176856e+17
8.993070e-01 6.165760e+17
9.461320e-01 6.027644e+17
9.953960e-01 5.796254e+17
1.047230e+00 5.498980e+17
1.101750e+00 5.157378e+17
1.159120e+00 4.788119e+17
1.219470e+00 4.404222e+17
1.282970e+00 4.015538e+17
1.349770e+00 3.629807e+17
1.420050e+00 3.253080e+17
1.493990e+00 2.890029e+17
1.571780e+00 2.544152e+17
1.653620e+00 2.218428e+17
1.739730e+00 1.914900e+17
1.830310e+00 1.635463e+17
1.925610e+00 1.381223e+17
2.025880e+00 1.152843e+17
2.131360e+00 9.504923e+16
2.242340e+00 7.739396e+16
2.359100e+00 6.221421e+16
2.481930e+00 4.937716e+16
2.611160e+00 3.870743e+16
2.747120e+00 2.998110e+16
2.890160e+00 2.296602e+16
3.040650e+00 1.740774e+16
3.198970e+00 1.306851e+16
3.365530e+00 9.719194e+15
3.540770e+00 7.165777e+15
3.725140e+00 5.231454e+15
3.919100e+00 3.775878e+15
4.123160e+00 2.687330e+15
4.337850e+00 1.877844e+15
4.563720e+00 1.275609e+15
4.801340e+00 8.524180e+14
5.051340e+00 5.536665e+14
5.314360e+00 3.461262e+14
5.591070e+00 2.131689e+14
5.882190e+00 1.355012e+14
6.188470e+00 7.761572e+13
6.510690e+00 4.338838e+13
6.849700e+00 2.605616e+13
7.206350e+00 1.378326e+13
7.581580e+00 7.632081e+12
7.976340e+00 3.923208e+12
8.391660e+00 1.858843e+12
8.828600e+00 9.004156e+11
9.288290e+00 3.918334e+11
9.771920e+00 1.698254e+11
1.028070e+01 7.969384e+10
1.081600e+01 3.191380e+10
1.137920e+01 1.190744e+10
1.197170e+01 4.265873e+09
1.259510e+01 1.482683e+09
1.325090e+01 5.016078e+08
1.394080e+01 1.650435e+08
1.466670e+01 4.859375e+07
1.543040e+01 1.352976e+07
1.623380e+01 3.545592e+06
1.707910e+01 8.367099e+05
1.796840e+01 1.878192e+05
1.890400e+01 3.870773e+04
1.988830e+01 7.388873e+03
2.092380e+01 1.339068e+03
2.201330e+01 1.846185e+02
2.315950e+01 3.056412e+01
2.436540e+01 4.030554e+00
2.563410e+01 4.632687e-01
2.696880e+01 5.598625e-02
2.837300e+01 5.483435e-03
2.985040e+01 5.339373e-04
3.140470e+01 1.527962e-04
3.303990e+01 3.437327e-05
3.476020e+01 0.000000e+00
3.657010e+01 0.000000e+00
3.847430e+01 0.000000e+00
4.047760e+01 0.000000e+00
4.258520e+01 0.000000e+00
4.480250e+01 0.000000e+00
4.713530e+01 0.000000e+00
4.958960e+01 0.000000e+00
5.217170e+01 0.000000e+00
5.488820e+01 0.000000e+00
5.774620e+01 0.000000e+00
6.075290e+01 0.000000e+00
6.391620e+01 0.000000e+00
6.724430e+01 0.000000e+00
7.074560e+01 0.000000e+00
7.442920e+01 0.000000e+00
7.830470e+01 0.000000e+00
8.238190e+01 0.000000e+00
8.667140e+01 0.000000e+00
9.118430e+01 0.000000e+00
9.593210e+01 0.000000e+00
1.009270e+02 0.000000e+00
1.061820e+02 0.000000e+00
1.117110e+02 0.000000e+00
1.175280e+02 0.000000e+00
1.236470e+02 0.000000e+00
1.300850e+02 0.000000e+00
1.368590e+02 0.000000e+00
1.439850e+02 0.000000e+00
1.514820e+02 0.000000e+00
1.593690e+02 0.000000e+00
1.676680e+02 0.000000e+00
1.763980e+02 0.000000e+00
1.855830e+02 0.000000e+00
1.952460e+02 0.000000e+00
2.054120e+02 0.000000e+00
2.161070e+02 0.000000e+00
2.273600e+02 0.000000e+00
2.391980e+02 0.000000e+00
2.516530e+02 0.000000e+00
2.647560e+02 0.000000e+00
2.785410e+02 0.000000e+00
2.930450e+02 0.000000e+00
3.083030e+02 0.000000e+00
3.243560e+02 0.000000e+00
3.412450e+02 0.000000e+00
3.590130e+02 0.000000e+00
3.777060e+02 0.000000e+00
3.973730e+02 0.000000e+00
4.180640e+02 0.000000e+00
