# # E_gamma (MeV)  Final State Radiation (MeV^-1 s^-1)
5.145440e-01 1.184667e+05
5.413360e-01 3.399516e+04
5.695230e-01 2.968826e+04
5.991770e-01 2.390095e+04
6.303750e-01 2.036487e+04
6.631980e-01 3.809540e+03
6.977300e-01 3.326049e+03
7.340600e-01 2.753238e+03
7.722810e-01 1.118295e+03
8.124930e-01 9.573246e+02
8.547980e-01 3.144491e+02
8.993070e-01 2.665360e+02
9.461320e-01 7.915930e+01
9.953960e-01 1.920085e+01
1.047230e+00 1.614408e+01
1.101750e+00 1.371932e+00
1.159120e+00 5.575417e-01
1.219470e+00 4.703935e-01
1.282970e+00 1.428752e-01
1.349770e+00 5.703053e-03
1.420050e+00 3.140645e-03
1.493990e+00 2.623166e-03
1.571780e+00 2.758435e-05
1.653620e+00 1.489131e-05
1.739730e+00 1.514146e-06
1.830310e+00 1.273566e-06
1.925610e+00 4.117701e-07
2.025880e+00 2.633437e-08
2.131360e+00 1.761229e-10
2.242340e+00 4.686533e-11
2.359100e+00 3.900167e-11
2.481930e+00 6.006870e-12
2.611160e+00 4.074027e-12
2.747120e+00 1.393048e-13
2.890160e+00 2.020219e-16
3.040650e+00 2.140830e-17
3.198970e+00 1.762963e-17
3.365530e+00 3.927594e-18
3.540770e+00 7.967829e-21
3.725140e+00 1.154952e-22
3.919100e+00 5.049684e-23
4.123160e+00 5.720294e-25
4.337850e+00 5.635290e-29
4.563720e+00 2.089783e-29
4.801340e+00 1.656918e-29
5.051340e+00 5.775128e-32
5.314360e+00 2.098975e-35
5.591070e+00 1.232474e-35
5.882190e+00 1.393616e-40
6.188470e+00 3.695637e-41
6.510690e+00 1.702350e-46
6.849700e+00 1.641620e-49
7.206350e+00 1.099100e-52
7.581580e+00 5.581196e-56
7.976340e+00 3.082228e-56
8.391660e+00 4.344656e-60
8.828600e+00 2.240599e-62
9.288290e+00 2.668651e-66
9.771920e+00 6.362255e-71
1.028070e+01 4.846603e-71
1.081600e+01 2.449343e-75
1.137920e+01 2.178796e-84
1.197170e+01 3.443056e-89
1.259510e+01 1.515840e-89
1.325090e+01 2.073903e-95
1.394080e+01 3.189406e-106
1.466670e+01 1.711277e-106
1.543040e+01 4.369461e-120
1.623380e+01 2.695804e-126
1.707910e+01 2.769597e-133
1.796840e+01 1.484573e-140
1.890400e+01 7.986818e-141
1.988830e+01 2.391208e-149
2.092380e+01 1.335585e-157
2.201330e+01 9.540422e-169
2.315950e+01 2.760147e-185
2.436540e+01 5.085524e-186
2.563410e+01 1.242364e-195
2.696880e+01 3.147912e-218
2.837300e+01 7.893411e-230
2.985040e+01 1.790977e-242
3.140470e+01 5.029537e-256
3.303990e+01 1.656292e-256
3.476020e+01 1.267791e-284
3.657010e+01 3.554256e-300
3.847430e+01 0.000000e+00
