# # E_gamma (MeV)  Final State Radiation (MeV^-1 s^-1)
5.145440e-01 5.740076e+09
5.413360e-01 2.580269e+09
5.695230e-01 2.220047e+09
5.991770e-01 9.061938e+08
6.303750e-01 7.772402e+08
6.631980e-01 3.039931e+08
6.977300e-01 2.595143e+08
7.340600e-01 9.983344e+07
7.722810e-01 3.402038e+07
8.124930e-01 2.911347e+07
8.547980e-01 9.220881e+06
8.993070e-01 7.820270e+06
9.461320e-01 2.331856e+06
9.953960e-01 6.400695e+05
1.047230e+00 5.418956e+05
1.101750e+00 1.434799e+05
1.159120e+00 3.235980e+04
1.219470e+00 2.723739e+04
1.282970e+00 5.936710e+03
1.349770e+00 1.209917e+03
1.420050e+00 2.021182e+02
1.493990e+00 1.699092e+02
1.571780e+00 2.940030e+01
1.653620e+00 4.185122e+00
1.739730e+00 4.991745e-01
1.830310e+00 4.165158e-01
1.925610e+00 5.572538e-02
2.025880e+00 5.448521e-03
2.131360e+00 4.656769e-04
2.242340e+00 4.279432e-05
2.359100e+00 3.535301e-05
2.481930e+00 2.038695e-06
2.611160e+00 1.453634e-07
2.747120e+00 6.963052e-09
2.890160e+00 3.524931e-10
3.040650e+00 1.342586e-11
3.198970e+00 1.093091e-11
3.365530e+00 3.287813e-13
3.540770e+00 9.488651e-15
3.725140e+00 2.411325e-16
3.919100e+00 4.176420e-18
4.123160e+00 5.968780e-20
4.337850e+00 8.278320e-22
4.563720e+00 7.533619e-24
4.801340e+00 5.974982e-24
5.051340e+00 4.262890e-26
5.314360e+00 2.873823e-28
5.591070e+00 1.124915e-30
5.882190e+00 4.121756e-33
6.188470e+00 1.001112e-35
6.510690e+00 1.790223e-38
6.849700e+00 2.426884e-41
7.206350e+00 2.158303e-44
7.581580e+00 1.385320e-47
7.976340e+00 6.299188e-51
8.391660e+00 1.627219e-54
8.828600e+00 3.536630e-58
9.288290e+00 3.935528e-62
9.771920e+00 2.769320e-66
1.028070e+01 2.109597e-66
1.081600e+01 1.080320e-70
1.137920e+01 3.049822e-75
1.197170e+01 4.474753e-80
1.259510e+01 3.700522e-85
1.325090e+01 1.737667e-90
1.394080e+01 4.391699e-96
1.466670e+01 5.654305e-102
1.543040e+01 3.579046e-108
1.623380e+01 1.099971e-114
1.707910e+01 1.624558e-121
1.796840e+01 1.038786e-128
1.890400e+01 2.376396e-136
1.988830e+01 2.352308e-144
2.092380e+01 1.025528e-152
2.201330e+01 1.260718e-161
2.315950e+01 6.918000e-171
2.436540e+01 1.083642e-180
2.563410e+01 4.823882e-191
2.696880e+01 6.992800e-202
2.837300e+01 2.791096e-213
2.985040e+01 2.720942e-225
3.140470e+01 6.167077e-238
3.303990e+01 3.403532e-251
3.476020e+01 3.797160e-265
3.657010e+01 6.516955e-280
3.847430e+01 2.360559e-295
4.047760e+01 0.000000e+00
