# E_gamma(MeV)   IFA_secondary_masked(MeV^-1 s^-1)
5.145440e-01 2.037576e+06
5.413360e-01 2.256254e+06
5.695230e-01 2.352209e+06
5.991770e-01 1.361657e+06
6.303750e-01 7.214422e+05
6.631980e-01 3.292564e+05
6.977300e-01 1.117770e+05
7.340600e-01 1.779465e+04
7.722810e-01 1.157782e+04
8.124930e-01 1.326721e+04
8.547980e-01 1.416451e+04
8.993070e-01 1.454833e+04
9.461320e-01 1.345718e+04
9.953960e-01 9.474881e+03
1.047230e+00 5.145890e+03
1.101750e+00 2.952911e+03
1.159120e+00 1.382504e+03
1.219470e+00 5.043755e+02
1.282970e+00 1.856333e+02
1.349770e+00 5.859468e+01
1.420050e+00 1.773955e+01
1.493990e+00 5.544652e+00
1.571780e+00 1.573407e+00
1.653620e+00 6.243281e-01
1.739730e+00 1.304452e-01
1.830310e+00 5.882024e-02
1.925610e+00 1.921467e-02
2.025880e+00 6.212367e-03
2.131360e+00 1.825028e-03
2.242340e+00 6.480208e-04
2.359100e+00 2.365230e-04
2.481930e+00 6.981903e-05
2.611160e+00 2.748058e-05
2.747120e+00 7.784314e-06
2.890160e+00 3.026954e-06
3.040650e+00 8.044963e-07
3.198970e+00 2.947158e-07
3.365530e+00 7.778963e-08
3.540770e+00 2.899013e-08
3.725140e+00 8.428236e-09
3.919100e+00 0.000000e+00
4.123160e+00 0.000000e+00
4.337850e+00 0.000000e+00
4.563720e+00 0.000000e+00
4.801340e+00 0.000000e+00
5.051340e+00 0.000000e+00
5.314360e+00 0.000000e+00
5.591070e+00 0.000000e+00
5.882190e+00 0.000000e+00
6.188470e+00 0.000000e+00
6.510690e+00 0.000000e+00
6.849700e+00 0.000000e+00
7.206350e+00 0.000000e+00
7.581580e+00 0.000000e+00
7.976340e+00 0.000000e+00
8.391660e+00 0.000000e+00
8.828600e+00 0.000000e+00
9.288290e+00 0.000000e+00
9.771920e+00 0.000000e+00
1.028070e+01 0.000000e+00
1.081600e+01 0.000000e+00
1.137920e+01 0.000000e+00
1.197170e+01 0.000000e+00
1.259510e+01 0.000000e+00
1.325090e+01 0.000000e+00
1.394080e+01 0.000000e+00
1.466670e+01 0.000000e+00
1.543040e+01 0.000000e+00
1.623380e+01 0.000000e+00
1.707910e+01 0.000000e+00
1.796840e+01 0.000000e+00
1.890400e+01 0.000000e+00
1.988830e+01 0.000000e+00
2.092380e+01 0.000000e+00
2.201330e+01 0.000000e+00
2.315950e+01 0.000000e+00
2.436540e+01 0.000000e+00
2.563410e+01 0.000000e+00
2.696880e+01 0.000000e+00
2.837300e+01 0.000000e+00
2.985040e+01 0.000000e+00
3.140470e+01 0.000000e+00
3.303990e+01 0.000000e+00
3.476020e+01 0.000000e+00
3.657010e+01 0.000000e+00
3.847430e+01 0.000000e+00
