# # E_gamma (MeV)  Final State Radiation (MeV^-1 s^-1)
5.145440e-01 6.337058e+20
5.413360e-01 6.010530e+20
5.695230e-01 5.700615e+20
5.991770e-01 5.405750e+20
6.303750e-01 5.125957e+20
6.631980e-01 4.859704e+20
6.977300e-01 4.607126e+20
7.340600e-01 4.366744e+20
7.722810e-01 4.138314e+20
8.124930e-01 3.921779e+20
8.547980e-01 3.715589e+20
8.993070e-01 3.520193e+20
9.461320e-01 3.334117e+20
9.953960e-01 3.157320e+20
1.047230e+00 2.989924e+20
1.101750e+00 2.830450e+20
1.159120e+00 2.678926e+20
1.219470e+00 2.535637e+20
1.282970e+00 2.398993e+20
1.349770e+00 2.269223e+20
1.420050e+00 2.145976e+20
1.493990e+00 2.029664e+20
1.571780e+00 1.918598e+20
1.653620e+00 1.813144e+20
1.739730e+00 1.713019e+20
1.830310e+00 1.618781e+20
1.925610e+00 1.528644e+20
2.025880e+00 1.443090e+20
2.131360e+00 1.361912e+20
2.242340e+00 1.284887e+20
2.359100e+00 1.212700e+20
2.481930e+00 1.143453e+20
2.611160e+00 1.077777e+20
2.747120e+00 1.015501e+20
2.890160e+00 9.564589e+19
3.040650e+00 9.004938e+19
3.198970e+00 8.484332e+19
3.365530e+00 7.982363e+19
3.540770e+00 7.506852e+19
3.725140e+00 7.056489e+19
3.919100e+00 6.630120e+19
4.123160e+00 6.226507e+19
4.337850e+00 5.844550e+19
4.563720e+00 5.483192e+19
4.801340e+00 5.151894e+19
5.051340e+00 4.829195e+19
5.314360e+00 4.524191e+19
5.591070e+00 4.236005e+19
5.882190e+00 3.963837e+19
6.188470e+00 3.706884e+19
6.510690e+00 3.464376e+19
6.849700e+00 3.235620e+19
7.206350e+00 3.019919e+19
7.581580e+00 2.816635e+19
7.976340e+00 2.625142e+19
8.391660e+00 2.444824e+19
8.828600e+00 2.275155e+19
9.288290e+00 2.115577e+19
9.771920e+00 1.965582e+19
1.028070e+01 1.834769e+19
1.081600e+01 1.702524e+19
1.137920e+01 1.578450e+19
1.197170e+01 1.462093e+19
1.259510e+01 1.353064e+19
1.325090e+01 1.250972e+19
1.394080e+01 1.155461e+19
1.466670e+01 1.066137e+19
1.543040e+01 9.827156e+18
1.623380e+01 9.048595e+18
1.707910e+01 8.322408e+18
1.796840e+01 7.645861e+18
1.890400e+01 7.016222e+18
1.988830e+01 6.430674e+18
2.092380e+01 5.886827e+18
2.201330e+01 5.382087e+18
2.315950e+01 4.914262e+18
2.436540e+01 4.481070e+18
2.563410e+01 4.080509e+18
2.696880e+01 3.710487e+18
2.837300e+01 3.369165e+18
2.985040e+01 3.054673e+18
3.140470e+01 2.765276e+18
3.303990e+01 2.499459e+18
3.476020e+01 2.255538e+18
3.657010e+01 2.032097e+18
3.847430e+01 1.827647e+18
4.047760e+01 1.640934e+18
4.258520e+01 1.470706e+18
4.480250e+01 1.315778e+18
4.713530e+01 1.174929e+18
4.958960e+01 1.047154e+18
5.217170e+01 9.314227e+17
5.488820e+01 8.268309e+17
5.774620e+01 7.324447e+17
6.075290e+01 6.474772e+17
6.391620e+01 5.711269e+17
6.724430e+01 5.025853e+17
7.074560e+01 4.412822e+17
7.442920e+01 3.865372e+17
7.830470e+01 3.377363e+17
8.238190e+01 2.943682e+17
8.667140e+01 2.559059e+17
9.118430e+01 2.218671e+17
9.593210e+01 1.917998e+17
1.009270e+02 1.653686e+17
1.061820e+02 1.421669e+17
1.117110e+02 1.218211e+17
1.175280e+02 1.040602e+17
1.236470e+02 8.861865e+16
1.300850e+02 7.521131e+16
1.368590e+02 6.361012e+16
1.439850e+02 5.360382e+16
1.514820e+02 4.501062e+16
1.593690e+02 3.764072e+16
1.676680e+02 3.135732e+16
1.763980e+02 2.601569e+16
1.855830e+02 2.149289e+16
1.952460e+02 1.768729e+16
2.054120e+02 1.447915e+16
2.161070e+02 1.179429e+16
2.273600e+02 9.560482e+15
2.391980e+02 7.717660e+15
2.516530e+02 6.191504e+15
2.647560e+02 4.941072e+15
2.785410e+02 3.921933e+15
2.930450e+02 3.095817e+15
3.083030e+02 2.423581e+15
3.243560e+02 1.886820e+15
3.412450e+02 1.460151e+15
3.590130e+02 1.122826e+15
3.777060e+02 8.563702e+14
3.973730e+02 6.475743e+14
4.180640e+02 4.868006e+14
4.398320e+02 3.621605e+14
4.627330e+02 2.679694e+14
4.868270e+02 1.962772e+14
5.121760e+02 1.425984e+14
5.388440e+02 1.024904e+14
5.669010e+02 7.293306e+13
5.964180e+02 5.125532e+13
6.274730e+02 3.544082e+13
6.601450e+02 2.438184e+13
6.945180e+02 1.654757e+13
7.306800e+02 1.112487e+13
7.687260e+02 7.364164e+12
8.087520e+02 4.746827e+12
8.508630e+02 3.056929e+12
8.951660e+02 1.924143e+12
9.417770e+02 1.208485e+12
9.908140e+02 7.599444e+11
1.042400e+03 4.349666e+11
1.096680e+03 2.625854e+11
1.153780e+03 1.383747e+11
1.213860e+03 7.634613e+10
1.277060e+03 3.334259e+10
1.343560e+03 1.594446e+10
1.413520e+03 8.992424e+09
1.487120e+03 5.403564e+09
1.564550e+03 3.492445e+09
1.646010e+03 1.057922e+09
1.731720e+03 6.815139e+08
1.821890e+03 4.795204e+08
1.916750e+03 3.643644e+08
2.016550e+03 1.866279e+08
2.121550e+03 1.336489e+08
2.232020e+03 9.883072e+07
2.348230e+03 2.979867e+07
2.470500e+03 0.000000e+00
