# E_gamma(MeV)   IFA_secondary_masked(MeV^-1 s^-1)
5.145440e-01 9.360705e+20
5.413360e-01 1.416230e+21
5.695230e-01 1.941891e+21
5.991770e-01 2.289689e+21
6.303750e-01 2.538133e+21
6.631980e-01 2.696724e+21
6.977300e-01 2.783241e+21
7.340600e-01 2.814730e+21
7.722810e-01 2.805149e+21
8.124930e-01 2.765365e+21
8.547980e-01 2.703700e+21
8.993070e-01 2.626505e+21
9.461320e-01 2.538620e+21
9.953960e-01 2.443747e+21
1.047230e+00 2.344697e+21
1.101750e+00 2.243612e+21
1.159120e+00 2.142105e+21
1.219470e+00 2.041394e+21
1.282970e+00 1.942374e+21
1.349770e+00 1.845709e+21
1.420050e+00 1.751870e+21
1.493990e+00 1.661188e+21
1.571780e+00 1.573874e+21
1.653620e+00 1.490061e+21
1.739730e+00 1.409810e+21
1.830310e+00 1.333131e+21
1.925610e+00 1.259997e+21
2.025880e+00 1.190348e+21
2.131360e+00 1.124099e+21
2.242340e+00 1.061154e+21
2.359100e+00 1.001403e+21
2.481930e+00 9.447249e+20
2.611160e+00 8.909993e+20
2.747120e+00 8.401001e+20
2.890160e+00 7.919006e+20
3.040650e+00 7.462773e+20
3.198970e+00 7.031072e+20
3.365530e+00 6.622702e+20
3.540770e+00 6.236506e+20
3.725140e+00 5.871357e+20
3.919100e+00 5.526148e+20
4.123160e+00 5.199892e+20
4.337850e+00 4.891576e+20
4.563720e+00 4.600245e+20
4.801340e+00 4.324991e+20
5.051340e+00 4.064980e+20
5.314360e+00 3.819341e+20
5.591070e+00 3.587320e+20
5.882190e+00 3.368185e+20
6.188470e+00 3.161239e+20
6.510690e+00 2.965827e+20
6.849700e+00 2.781322e+20
7.206350e+00 2.607142e+20
7.581580e+00 2.442727e+20
7.976340e+00 2.287556e+20
8.391660e+00 2.141132e+20
8.828600e+00 2.002991e+20
9.288290e+00 1.872691e+20
9.771920e+00 1.749816e+20
1.028070e+01 1.633973e+20
1.081600e+01 1.524793e+20
1.137920e+01 1.421925e+20
1.197170e+01 1.325039e+20
1.259510e+01 1.233824e+20
1.325090e+01 1.147984e+20
1.394080e+01 1.067240e+20
1.466670e+01 9.913295e+19
1.543040e+01 9.199981e+19
1.623380e+01 8.530119e+19
1.707910e+01 7.901438e+19
1.796840e+01 7.311786e+19
1.890400e+01 6.759101e+19
1.988830e+01 6.241515e+19
2.092380e+01 5.757117e+19
2.201330e+01 5.304183e+19
2.315950e+01 4.881047e+19
2.436540e+01 4.486145e+19
2.563410e+01 4.117911e+19
2.696880e+01 3.774919e+19
2.837300e+01 3.455791e+19
2.985040e+01 3.159200e+19
3.140470e+01 2.883895e+19
3.303990e+01 2.628656e+19
3.476020e+01 2.392332e+19
3.657010e+01 2.173815e+19
3.847430e+01 1.972058e+19
4.047760e+01 1.786038e+19
4.258520e+01 1.614786e+19
4.480250e+01 1.457377e+19
4.713530e+01 1.312910e+19
4.958960e+01 1.180548e+19
5.217170e+01 1.059479e+19
5.488820e+01 9.489466e+18
5.774620e+01 8.482168e+18
6.075290e+01 7.566012e+18
6.391620e+01 6.734258e+18
6.724430e+01 5.980657e+18
7.074560e+01 5.299210e+18
7.442920e+01 4.684347e+18
7.830470e+01 4.130842e+18
8.238190e+01 3.633642e+18
8.667140e+01 3.188029e+18
9.118430e+01 2.789671e+18
9.593210e+01 2.434420e+18
1.009270e+02 2.118382e+18
1.061820e+02 1.837988e+18
1.117110e+02 1.589953e+18
1.175280e+02 1.371093e+18
1.236470e+02 1.178556e+18
1.300850e+02 1.009725e+18
1.368590e+02 8.621362e+17
1.439850e+02 7.334527e+17
1.514820e+02 6.217310e+17
1.593690e+02 5.250252e+17
1.676680e+02 4.416222e+17
1.763980e+02 3.699798e+17
1.855830e+02 3.087044e+17
1.952460e+02 2.564344e+17
2.054120e+02 2.120493e+17
2.161070e+02 1.745358e+17
2.273600e+02 1.429560e+17
2.391980e+02 1.165087e+17
2.516530e+02 9.447031e+16
2.647560e+02 7.620115e+16
2.785410e+02 6.111761e+16
2.930450e+02 4.872725e+16
3.083030e+02 3.861847e+16
3.243560e+02 3.041480e+16
3.412450e+02 2.379559e+16
3.590130e+02 1.849405e+16
3.777060e+02 1.427904e+16
3.973730e+02 1.094346e+16
4.180640e+02 8.321882e+15
4.398320e+02 6.281100e+15
4.627330e+02 4.699405e+15
4.868270e+02 3.488000e+15
5.121760e+02 2.566516e+15
5.388440e+02 1.872345e+15
5.669010e+02 1.350192e+15
5.964180e+02 9.633696e+14
6.274730e+02 6.810733e+14
6.601450e+02 4.760780e+14
6.945180e+02 3.286062e+14
7.306800e+02 2.246071e+14
7.687260e+02 1.515063e+14
8.087520e+02 1.006311e+14
8.508630e+02 6.597199e+13
8.951660e+02 4.258306e+13
9.417770e+02 2.716410e+13
9.908140e+02 1.706366e+13
1.042400e+03 1.052828e+13
1.096680e+03 6.346767e+12
1.153780e+03 3.674707e+12
1.213860e+03 2.056029e+12
1.277060e+03 1.104318e+12
1.343560e+03 5.664424e+11
1.413520e+03 2.839346e+11
1.487120e+03 1.429388e+11
1.564550e+03 7.953708e+10
1.646010e+03 4.503470e+10
1.731720e+03 2.500441e+10
1.821890e+03 1.256624e+10
1.916750e+03 7.041450e+09
2.016550e+03 4.952807e+09
2.121550e+03 3.167090e+09
2.232020e+03 1.830482e+09
2.348230e+03 9.949912e+08
2.470500e+03 5.108300e+08
