# E_gamma(MeV)   IFA_primary_masked(MeV^-1 s^-1)
5.145440e-01 1.239969e+21
5.413360e-01 1.626799e+21
5.695230e-01 1.999632e+21
5.991770e-01 1.932468e+21
6.303750e-01 1.862904e+21
6.631980e-01 1.792060e+21
6.977300e-01 1.720921e+21
7.340600e-01 1.649924e+21
7.722810e-01 1.579734e+21
8.124930e-01 1.510797e+21
8.547980e-01 1.443389e+21
8.993070e-01 1.377776e+21
9.461320e-01 1.314140e+21
9.953960e-01 1.252609e+21
1.047230e+00 1.193266e+21
1.101750e+00 1.136161e+21
1.159120e+00 1.081314e+21
1.219470e+00 1.028725e+21
1.282970e+00 9.783710e+20
1.349770e+00 9.302193e+20
1.420050e+00 8.842227e+20
1.493990e+00 8.403282e+20
1.571780e+00 7.984729e+20
1.653620e+00 7.585925e+20
1.739730e+00 7.206179e+20
1.830310e+00 6.844777e+20
1.925610e+00 6.501006e+20
2.025880e+00 6.174152e+20
2.131360e+00 5.863483e+20
2.242340e+00 5.568301e+20
2.359100e+00 5.287912e+20
2.481930e+00 5.021632e+20
2.611160e+00 4.768804e+20
2.747120e+00 4.528793e+20
2.890160e+00 4.300976e+20
3.040650e+00 4.084765e+20
3.198970e+00 3.879585e+20
3.365530e+00 3.684886e+20
3.540770e+00 3.500148e+20
3.725140e+00 3.324862e+20
3.919100e+00 3.158551e+20
4.123160e+00 3.000758e+20
4.337850e+00 2.851048e+20
4.563720e+00 2.709005e+20
4.801340e+00 2.574235e+20
5.051340e+00 2.446359e+20
5.314360e+00 2.325023e+20
5.591070e+00 2.209886e+20
5.882190e+00 2.100627e+20
6.188470e+00 1.996938e+20
6.510690e+00 1.898532e+20
6.849700e+00 1.805132e+20
7.206350e+00 1.716479e+20
7.581580e+00 1.632322e+20
7.976340e+00 1.552431e+20
8.391660e+00 1.476582e+20
8.828600e+00 1.404565e+20
9.288290e+00 1.336181e+20
9.771920e+00 1.271242e+20
1.028070e+01 1.209568e+20
1.081600e+01 1.150989e+20
1.137920e+01 1.095343e+20
1.197170e+01 1.042479e+20
1.259510e+01 9.922550e+19
1.325090e+01 9.445329e+19
1.394080e+01 8.991844e+19
1.466670e+01 8.560884e+19
1.543040e+01 8.151269e+19
1.623380e+01 7.761909e+19
1.707910e+01 7.391762e+19
1.796840e+01 7.039843e+19
1.890400e+01 6.705223e+19
1.988830e+01 6.387019e+19
2.092380e+01 6.084381e+19
2.201330e+01 5.796531e+19
2.315950e+01 5.522713e+19
2.436540e+01 5.262211e+19
2.563410e+01 5.014356e+19
2.696880e+01 4.778506e+19
2.837300e+01 4.554053e+19
2.985040e+01 4.340421e+19
3.140470e+01 4.137068e+19
3.303990e+01 3.943475e+19
3.476020e+01 3.759152e+19
3.657010e+01 3.583639e+19
3.847430e+01 3.416493e+19
4.047760e+01 3.257294e+19
4.258520e+01 3.105645e+19
4.480250e+01 2.961189e+19
4.713530e+01 2.823534e+19
4.958960e+01 2.692358e+19
5.217170e+01 2.567339e+19
5.488820e+01 2.448176e+19
5.774620e+01 2.334554e+19
6.075290e+01 2.226233e+19
6.391620e+01 2.122937e+19
6.724430e+01 2.024415e+19
7.074560e+01 1.930430e+19
7.442920e+01 1.840761e+19
7.830470e+01 1.755193e+19
8.238190e+01 1.673522e+19
8.667140e+01 1.595555e+19
9.118430e+01 1.521106e+19
9.593210e+01 1.450004e+19
1.009270e+02 1.382078e+19
1.061820e+02 1.317169e+19
1.117110e+02 1.255128e+19
1.175280e+02 1.195814e+19
1.236470e+02 1.139076e+19
1.300850e+02 1.084790e+19
1.368590e+02 1.032828e+19
1.439850e+02 9.830683e+18
1.514820e+02 9.353860e+18
1.593690e+02 8.896863e+18
1.676680e+02 8.458551e+18
1.763980e+02 8.037911e+18
1.855830e+02 7.633923e+18
1.952460e+02 7.245710e+18
2.054120e+02 6.872353e+18
2.161070e+02 6.512996e+18
2.273600e+02 6.166800e+18
2.391980e+02 5.833009e+18
2.516530e+02 5.510801e+18
2.647560e+02 5.199440e+18
2.785410e+02 4.898208e+18
2.930450e+02 4.606424e+18
3.083030e+02 4.323435e+18
3.243560e+02 4.048629e+18
3.412450e+02 3.781437e+18
3.590130e+02 3.521353e+18
3.777060e+02 3.267874e+18
3.973730e+02 3.020635e+18
4.180640e+02 2.779337e+18
4.398320e+02 2.543805e+18
4.627330e+02 2.313972e+18
4.868270e+02 2.090108e+18
5.121760e+02 1.872581e+18
5.388440e+02 1.662087e+18
5.669010e+02 1.459621e+18
5.964180e+02 1.266538e+18
6.274730e+02 1.084359e+18
6.601450e+02 9.148321e+17
6.945180e+02 7.596168e+17
7.306800e+02 6.203233e+17
7.687260e+02 4.979186e+17
8.087520e+02 3.928199e+17
8.508630e+02 3.047475e+17
8.951660e+02 2.327772e+17
9.417770e+02 1.752495e+17
9.908140e+02 1.303068e+17
1.042400e+03 9.587475e+16
1.096680e+03 6.990040e+16
1.153780e+03 5.054572e+16
1.213860e+03 3.620840e+16
1.277060e+03 2.562894e+16
1.343560e+03 1.783636e+16
1.413520e+03 1.214588e+16
1.487120e+03 8.034094e+15
1.564550e+03 5.144576e+15
1.646010e+03 3.178930e+15
1.731720e+03 1.906012e+15
1.821890e+03 1.095157e+15
1.916750e+03 6.183198e+14
2.016550e+03 3.363518e+14
2.121550e+03 1.796178e+14
2.232020e+03 8.987186e+13
2.348230e+03 5.451976e+13
2.470500e+03 2.551950e+13
2.599140e+03 1.678991e+13
2.734470e+03 9.869336e+12
2.876850e+03 7.518550e+12
3.026650e+03 6.378672e+12
3.184240e+03 4.661127e+12
3.350040e+03 3.103981e+12
3.524470e+03 0.000000e+00
3.707990e+03 0.000000e+00
3.901060e+03 0.000000e+00
4.104180e+03 0.000000e+00
4.317880e+03 0.000000e+00
4.542710e+03 0.000000e+00
4.779240e+03 0.000000e+00
5.028090e+03 0.000000e+00
5.289890e+03 0.000000e+00
5.565330e+03 0.000000e+00
5.855110e+03 0.000000e+00
6.159980e+03 0.000000e+00
6.480720e+03 0.000000e+00
6.818160e+03 0.000000e+00
7.173170e+03 0.000000e+00
7.546670e+03 0.000000e+00
7.939620e+03 0.000000e+00
8.353020e+03 0.000000e+00
8.787950e+03 0.000000e+00
9.245530e+03 0.000000e+00
9.726930e+03 0.000000e+00
1.023340e+04 0.000000e+00
1.076620e+04 0.000000e+00
1.132680e+04 0.000000e+00
1.191660e+04 0.000000e+00
1.253710e+04 0.000000e+00
1.318990e+04 0.000000e+00
1.387660e+04 0.000000e+00
1.459920e+04 0.000000e+00
1.535930e+04 0.000000e+00
1.615910e+04 0.000000e+00
1.700050e+04 0.000000e+00
1.788570e+04 0.000000e+00
1.881690e+04 0.000000e+00
1.979670e+04 0.000000e+00
2.082750e+04 0.000000e+00
2.191200e+04 0.000000e+00
2.305290e+04 0.000000e+00
2.425320e+04 0.000000e+00
2.551610e+04 0.000000e+00
2.684460e+04 0.000000e+00
2.824240e+04 0.000000e+00
2.971300e+04 0.000000e+00
3.126010e+04 0.000000e+00
3.288770e+04 0.000000e+00
3.460020e+04 0.000000e+00
3.640170e+04 0.000000e+00
3.829710e+04 0.000000e+00
4.029120e+04 0.000000e+00
4.238910e+04 0.000000e+00
4.459630e+04 0.000000e+00
4.691830e+04 0.000000e+00
4.936130e+04 0.000000e+00
5.193150e+04 0.000000e+00
5.463550e+04 0.000000e+00
5.748030e+04 0.000000e+00
6.047320e+04 0.000000e+00
6.362200e+04 0.000000e+00
6.693470e+04 0.000000e+00
7.041990e+04 0.000000e+00
7.408660e+04 0.000000e+00
7.794420e+04 0.000000e+00
8.200260e+04 0.000000e+00
8.627240e+04 0.000000e+00
9.076450e+04 0.000000e+00
9.549040e+04 0.000000e+00
1.004630e+05 0.000000e+00
1.056930e+05 0.000000e+00
1.111970e+05 0.000000e+00
1.169870e+05 0.000000e+00
