# # E_gamma (MeV)  Final State Radiation (MeV^-1 s^-1)
5.145440e-01 4.118579e+16
5.413360e-01 3.814111e+16
5.695230e-01 3.556043e+16
5.991770e-01 3.285941e+16
6.303750e-01 3.059393e+16
6.631980e-01 2.820611e+16
6.977300e-01 2.622223e+16
7.340600e-01 2.412121e+16
7.722810e-01 2.214155e+16
8.124930e-01 2.054696e+16
8.547980e-01 1.881704e+16
8.993070e-01 1.743049e+16
9.461320e-01 1.592587e+16
9.953960e-01 1.451835e+16
1.047230e+00 1.341926e+16
1.101750e+00 1.220429e+16
1.159120e+00 1.107381e+16
1.219470e+00 1.021077e+16
1.282970e+00 9.241908e+15
1.349770e+00 8.345405e+15
1.420050e+00 7.517350e+15
1.493990e+00 6.911276e+15
1.571780e+00 6.209316e+15
1.653620e+00 5.564675e+15
1.739730e+00 4.974153e+15
1.830310e+00 4.557663e+15
1.925610e+00 4.062917e+15
2.025880e+00 3.611857e+15
2.131360e+00 3.202280e+15
2.242340e+00 2.831027e+15
2.359100e+00 2.582922e+15
2.481930e+00 2.276650e+15
2.611160e+00 2.000751e+15
2.747120e+00 1.752900e+15
2.890160e+00 1.530907e+15
3.040650e+00 1.332745e+15
3.198970e+00 1.209019e+15
3.365530e+00 1.049044e+15
3.540770e+00 9.070614e+14
3.725140e+00 7.814285e+14
3.919100e+00 6.708722e+14
4.123160e+00 5.737886e+14
4.337850e+00 4.888932e+14
4.563720e+00 4.147895e+14
4.801340e+00 3.729259e+14
5.051340e+00 3.150919e+14
5.314360e+00 2.651641e+14
5.591070e+00 2.221258e+14
5.882190e+00 1.852361e+14
6.188470e+00 1.537128e+14
6.510690e+00 1.268743e+14
6.849700e+00 1.042751e+14
7.206350e+00 8.521076e+13
7.581580e+00 6.919588e+13
7.976340e+00 5.592101e+13
8.391660e+00 4.492105e+13
8.828600e+00 3.586210e+13
9.288290e+00 2.843869e+13
9.771920e+00 2.241220e+13
1.028070e+01 1.974624e+13
1.081600e+01 1.544464e+13
1.137920e+01 1.200307e+13
1.197170e+01 9.254779e+12
1.259510e+01 7.076149e+12
1.325090e+01 5.372576e+12
1.394080e+01 4.055504e+12
1.466670e+01 3.031743e+12
1.543040e+01 2.256808e+12
1.623380e+01 1.660401e+12
1.707910e+01 1.209224e+12
1.796840e+01 8.725899e+11
1.890400e+01 6.274875e+11
1.988830e+01 4.503200e+11
2.092380e+01 3.180048e+11
2.201330e+01 2.221522e+11
2.315950e+01 1.549237e+11
2.436540e+01 1.107371e+11
2.563410e+01 7.575828e+10
2.696880e+01 4.549833e+10
2.837300e+01 3.591254e+10
2.985040e+01 2.969381e+10
3.140470e+01 2.395656e+10
3.303990e+01 1.868688e+10
3.476020e+01 1.389767e+10
3.657010e+01 1.008927e+10
3.847430e+01 7.102581e+09
4.047760e+01 4.799046e+09
4.258520e+01 3.061378e+09
4.480250e+01 1.822108e+09
4.713530e+01 1.316162e+09
4.958960e+01 9.189313e+08
5.217170e+01 6.124421e+08
5.488820e+01 3.822046e+08
5.774620e+01 2.691792e+08
6.075290e+01 1.043114e+08
6.391620e+01 5.836233e+07
6.724430e+01 3.250564e+07
7.074560e+01 1.828243e+07
7.442920e+01 9.223635e+06
7.830470e+01 6.648371e+06
8.238190e+01 5.615604e+06
8.667140e+01 4.266702e+06
9.118430e+01 2.865784e+06
9.593210e+01 1.404376e+06
1.009270e+02 2.717039e+05
1.061820e+02 1.622009e+05
1.117110e+02 8.712584e+04
1.175280e+02 3.200049e+04
1.236470e+02 3.217090e+03
1.300850e+02 7.658600e+02
1.368590e+02 3.019603e+02
1.439850e+02 2.219026e+02
1.514820e+02 1.871723e+01
1.593690e+02 2.968046e+00
1.676680e+02 8.452957e-01
1.763980e+02 1.186630e-01
1.855830e+02 2.330084e-02
1.952460e+02 1.086285e-02
2.054120e+02 2.986967e-04
2.161070e+02 2.866980e-05
2.273600e+02 2.711775e-06
2.391980e+02 4.812997e-07
2.516530e+02 3.751539e-07
2.647560e+02 1.779600e-09
2.785410e+02 5.767324e-10
2.930450e+02 2.664556e-11
3.083030e+02 1.575738e-13
3.243560e+02 3.679633e-14
3.412450e+02 1.174369e-14
3.590130e+02 3.921595e-17
3.777060e+02 1.899289e-19
3.973730e+02 7.235795e-21
4.180640e+02 3.156386e-21
4.398320e+02 2.375060e-23
4.627330e+02 1.272122e-26
4.868270e+02 9.327343e-29
5.121760e+02 1.490980e-30
5.388440e+02 8.677787e-31
5.669010e+02 2.044875e-33
5.964180e+02 1.454325e-38
6.274730e+02 1.169394e-39
6.601450e+02 7.778196e-41
6.945180e+02 1.337681e-43
7.306800e+02 1.650137e-46
7.687260e+02 4.530182e-50
8.087520e+02 6.378070e-53
8.508630e+02 4.238226e-60
8.951660e+02 9.412692e-63
9.417770e+02 7.775658e-63
9.908140e+02 1.225031e-67
1.042400e+03 3.656259e-71
1.096680e+03 4.342262e-80
1.153780e+03 3.228724e-80
1.213860e+03 1.420608e-90
1.277060e+03 1.357114e-95
1.343560e+03 2.660255e-101
1.413520e+03 2.447183e-107
1.487120e+03 8.893006e-108
1.564550e+03 2.024000e-120
1.646010e+03 3.295745e-127
1.731720e+03 8.027343e-135
1.821890e+03 2.948834e-135
1.916750e+03 9.028274e-144
2.016550e+03 9.332507e-159
2.121550e+03 4.754163e-159
2.232020e+03 4.865452e-168
2.348230e+03 1.506165e-177
2.470500e+03 1.492347e-187
2.599140e+03 5.990561e-198
2.734470e+03 1.198450e-220
2.876850e+03 5.462401e-221
3.026650e+03 1.815994e-233
3.184240e+03 9.577971e-246
3.350040e+03 1.741604e-273
3.524470e+03 1.241832e-288
3.707990e+03 3.293167e-289
3.901060e+03 0.000000e+00
