# E_gamma(MeV)   IFA_secondary_masked(MeV^-1 s^-1)
5.145440e-01 3.782513e+15
5.413360e-01 1.133506e+16
5.695230e-01 2.458009e+16
5.991770e-01 4.356306e+16
6.303750e-01 6.697732e+16
6.631980e-01 9.192806e+16
6.977300e-01 1.151255e+17
7.340600e-01 1.341305e+17
7.722810e-01 1.478616e+17
8.124930e-01 1.561535e+17
8.547980e-01 1.595119e+17
8.993070e-01 1.586936e+17
9.461320e-01 1.546824e+17
9.953960e-01 1.482908e+17
1.047230e+00 1.403461e+17
1.101750e+00 1.314689e+17
1.159120e+00 1.221470e+17
1.219470e+00 1.127021e+17
1.282970e+00 1.033952e+17
1.349770e+00 9.438483e+16
1.420050e+00 8.578296e+16
1.493990e+00 7.765811e+16
1.571780e+00 7.004513e+16
1.653620e+00 6.297299e+16
1.739730e+00 5.644160e+16
1.830310e+00 5.043815e+16
1.925610e+00 4.495190e+16
2.025880e+00 3.993128e+16
2.131360e+00 3.533583e+16
2.242340e+00 3.124472e+16
2.359100e+00 2.755204e+16
2.481930e+00 2.423193e+16
2.611160e+00 2.128610e+16
2.747120e+00 1.869163e+16
2.890160e+00 1.631730e+16
3.040650e+00 1.420862e+16
3.198970e+00 1.235853e+16
3.365530e+00 1.070094e+16
3.540770e+00 9.243721e+15
3.725140e+00 7.966253e+15
3.919100e+00 6.846046e+15
4.123160e+00 5.830709e+15
4.337850e+00 4.963600e+15
4.563720e+00 4.221617e+15
4.801340e+00 3.570099e+15
5.051340e+00 3.011367e+15
5.314360e+00 2.546443e+15
5.591070e+00 2.145189e+15
5.882190e+00 1.789833e+15
6.188470e+00 1.488698e+15
6.510690e+00 1.232309e+15
6.849700e+00 1.012680e+15
7.206350e+00 8.289509e+14
7.581580e+00 6.648849e+14
7.976340e+00 5.389091e+14
8.391660e+00 4.396116e+14
8.828600e+00 3.635794e+14
9.288290e+00 3.013305e+14
9.771920e+00 2.577616e+14
1.028070e+01 2.031932e+14
1.081600e+01 1.527220e+14
1.137920e+01 1.102413e+14
1.197170e+01 7.662376e+13
1.259510e+01 5.356022e+13
1.325090e+01 4.433262e+13
1.394080e+01 3.814760e+13
1.466670e+01 3.104592e+13
1.543040e+01 2.342367e+13
1.623380e+01 1.683720e+13
1.707910e+01 1.138815e+13
1.796840e+01 7.283797e+12
1.890400e+01 4.996614e+12
1.988830e+01 4.073778e+12
2.092380e+01 3.040541e+12
2.201330e+01 2.143563e+12
2.315950e+01 1.397857e+12
2.436540e+01 8.344410e+11
2.563410e+01 5.296008e+11
2.696880e+01 4.570769e+11
2.837300e+01 3.894389e+11
2.985040e+01 3.263637e+11
3.140470e+01 2.670465e+11
3.303990e+01 2.078307e+11
3.476020e+01 1.643450e+11
3.657010e+01 1.247776e+11
3.847430e+01 8.858888e+10
4.047760e+01 5.746508e+10
4.258520e+01 4.273134e+10
4.480250e+01 2.959761e+10
4.713530e+01 1.817111e+10
4.958960e+01 1.079567e+10
5.217170e+01 7.758716e+09
5.488820e+01 4.935533e+09
5.774620e+01 2.835070e+09
6.075290e+01 1.798349e+09
6.391620e+01 9.627914e+08
6.724430e+01 4.539804e+08
7.074560e+01 2.837374e+08
7.442920e+01 1.560819e+08
7.830470e+01 1.050276e+08
8.238190e+01 6.535578e+07
8.667140e+01 4.917564e+07
9.118430e+01 3.356342e+07
9.593210e+01 2.034006e+07
1.009270e+02 1.092054e+07
1.061820e+02 4.575162e+06
1.117110e+02 1.667011e+06
1.175280e+02 7.068552e+05
1.236470e+02 3.513277e+05
1.300850e+02 1.193922e+05
1.368590e+02 3.142749e+04
1.439850e+02 6.194780e+03
1.514820e+02 2.856983e+03
1.593690e+02 9.512569e+02
1.676680e+02 3.566245e+02
1.763980e+02 4.529585e+01
1.855830e+02 1.644671e+01
1.952460e+02 3.802448e+00
2.054120e+02 1.620391e+00
2.161070e+02 3.302261e-01
2.273600e+02 1.371479e-01
2.391980e+02 2.752053e-02
2.516530e+02 1.132566e-02
2.647560e+02 2.299658e-03
2.785410e+02 9.961821e-04
2.930450e+02 2.016706e-04
3.083030e+02 8.564466e-05
3.243560e+02 1.848566e-05
3.412450e+02 8.048714e-06
3.590130e+02 0.000000e+00
3.777060e+02 0.000000e+00
3.973730e+02 0.000000e+00
4.180640e+02 0.000000e+00
4.398320e+02 0.000000e+00
4.627330e+02 0.000000e+00
4.868270e+02 0.000000e+00
5.121760e+02 0.000000e+00
5.388440e+02 0.000000e+00
5.669010e+02 0.000000e+00
5.964180e+02 0.000000e+00
6.274730e+02 0.000000e+00
6.601450e+02 0.000000e+00
6.945180e+02 0.000000e+00
7.306800e+02 0.000000e+00
7.687260e+02 0.000000e+00
8.087520e+02 0.000000e+00
8.508630e+02 0.000000e+00
8.951660e+02 0.000000e+00
9.417770e+02 0.000000e+00
9.908140e+02 0.000000e+00
1.042400e+03 0.000000e+00
1.096680e+03 0.000000e+00
1.153780e+03 0.000000e+00
1.213860e+03 0.000000e+00
1.277060e+03 0.000000e+00
1.343560e+03 0.000000e+00
1.413520e+03 0.000000e+00
1.487120e+03 0.000000e+00
1.564550e+03 0.000000e+00
1.646010e+03 0.000000e+00
1.731720e+03 0.000000e+00
1.821890e+03 0.000000e+00
1.916750e+03 0.000000e+00
2.016550e+03 0.000000e+00
2.121550e+03 0.000000e+00
2.232020e+03 0.000000e+00
2.348230e+03 0.000000e+00
2.470500e+03 0.000000e+00
2.599140e+03 0.000000e+00
2.734470e+03 0.000000e+00
2.876850e+03 0.000000e+00
3.026650e+03 0.000000e+00
3.184240e+03 0.000000e+00
3.350040e+03 0.000000e+00
3.524470e+03 0.000000e+00
3.707990e+03 0.000000e+00
3.901060e+03 0.000000e+00
