# E_gamma(MeV)   IFA_primary_masked(MeV^-1 s^-1)
5.145440e-01 7.997291e+18
5.413360e-01 1.251107e+19
5.695230e-01 1.745828e+19
5.991770e-01 2.129552e+19
6.303750e-01 2.381422e+19
6.631980e-01 2.533407e+19
6.977300e-01 2.612879e+19
7.340600e-01 2.639862e+19
7.722810e-01 2.628832e+19
8.124930e-01 2.590366e+19
8.547980e-01 2.532279e+19
8.993070e-01 2.460400e+19
9.461320e-01 2.379105e+19
9.953960e-01 2.291701e+19
1.047230e+00 2.200685e+19
1.101750e+00 2.107946e+19
1.159120e+00 2.014908e+19
1.219470e+00 1.922647e+19
1.282970e+00 1.831955e+19
1.349770e+00 1.743417e+19
1.420050e+00 1.657455e+19
1.493990e+00 1.574363e+19
1.571780e+00 1.494323e+19
1.653620e+00 1.417454e+19
1.739730e+00 1.343808e+19
1.830310e+00 1.273390e+19
1.925610e+00 1.206174e+19
2.025880e+00 1.142108e+19
2.131360e+00 1.081106e+19
2.242340e+00 1.023087e+19
2.359100e+00 9.679498e+18
2.481930e+00 9.155832e+18
2.611160e+00 8.658759e+18
2.747120e+00 8.187207e+18
2.890160e+00 7.739953e+18
3.040650e+00 7.315876e+18
3.198970e+00 6.913844e+18
3.365530e+00 6.532759e+18
3.540770e+00 6.171577e+18
3.725140e+00 5.829230e+18
3.919100e+00 5.504747e+18
4.123160e+00 5.197115e+18
4.337850e+00 4.905488e+18
4.563720e+00 4.628942e+18
4.801340e+00 4.366645e+18
5.051340e+00 4.117768e+18
5.314360e+00 3.881604e+18
5.591070e+00 3.657359e+18
5.882190e+00 3.444324e+18
6.188470e+00 3.241869e+18
6.510690e+00 3.049325e+18
6.849700e+00 2.866182e+18
7.206350e+00 2.691810e+18
7.581580e+00 2.525710e+18
7.976340e+00 2.367385e+18
8.391660e+00 2.216365e+18
8.828600e+00 2.072160e+18
9.288290e+00 1.934373e+18
9.771920e+00 1.802617e+18
1.028070e+01 1.676499e+18
1.081600e+01 1.555729e+18
1.137920e+01 1.439931e+18
1.197170e+01 1.328853e+18
1.259510e+01 1.222250e+18
1.325090e+01 1.119918e+18
1.394080e+01 1.021650e+18
1.466670e+01 9.273704e+17
1.543040e+01 8.369840e+17
1.623380e+01 7.504933e+17
1.707910e+01 6.679214e+17
1.796840e+01 5.894420e+17
1.890400e+01 5.152271e+17
1.988830e+01 4.455601e+17
2.092380e+01 3.807489e+17
2.201330e+01 3.211819e+17
2.315950e+01 2.671487e+17
2.436540e+01 2.189433e+17
2.563410e+01 1.767068e+17
2.696880e+01 1.404288e+17
2.837300e+01 1.099021e+17
2.985040e+01 8.477449e+16
3.140470e+01 6.450920e+16
3.303990e+01 4.849653e+16
3.476020e+01 3.607219e+16
3.657010e+01 2.657981e+16
3.847430e+01 1.941349e+16
4.047760e+01 1.404954e+16
4.258520e+01 1.005092e+16
4.480250e+01 7.082655e+15
4.713530e+01 4.893102e+15
4.958960e+01 3.297959e+15
5.217170e+01 2.158857e+15
5.488820e+01 1.367155e+15
5.774620e+01 8.338878e+14
6.075290e+01 4.986694e+14
6.391620e+01 2.867416e+14
6.724430e+01 1.616511e+14
7.074560e+01 8.897367e+13
7.442920e+01 5.252703e+13
7.830470e+01 2.474269e+13
8.238190e+01 1.409743e+13
8.667140e+01 6.121312e+12
9.118430e+01 3.250011e+12
9.593210e+01 1.327256e+12
1.009270e+02 5.503668e+11
1.061820e+02 2.529599e+11
1.117110e+02 9.665461e+10
1.175280e+02 3.864413e+10
1.236470e+02 1.363979e+10
1.300850e+02 4.907032e+09
1.368590e+02 1.674303e+09
1.439850e+02 5.273991e+08
1.514820e+02 1.518941e+08
1.593690e+02 4.026983e+07
1.676680e+02 1.038335e+07
1.763980e+02 2.363213e+06
1.855830e+02 5.106836e+05
1.952460e+02 1.012787e+05
2.054120e+02 1.219354e+04
2.161070e+02 2.674388e+03
2.273600e+02 3.923270e+02
2.391980e+02 5.514435e+01
2.516530e+02 8.199577e+00
2.647560e+02 8.383089e-01
2.785410e+02 1.917620e-01
2.930450e+02 2.136351e-02
3.083030e+02 9.192127e-03
3.243560e+02 0.000000e+00
3.412450e+02 0.000000e+00
3.590130e+02 0.000000e+00
3.777060e+02 0.000000e+00
3.973730e+02 0.000000e+00
4.180640e+02 0.000000e+00
4.398320e+02 0.000000e+00
4.627330e+02 0.000000e+00
4.868270e+02 0.000000e+00
5.121760e+02 0.000000e+00
5.388440e+02 0.000000e+00
5.669010e+02 0.000000e+00
5.964180e+02 0.000000e+00
6.274730e+02 0.000000e+00
6.601450e+02 0.000000e+00
6.945180e+02 0.000000e+00
7.306800e+02 0.000000e+00
7.687260e+02 0.000000e+00
8.087520e+02 0.000000e+00
8.508630e+02 0.000000e+00
8.951660e+02 0.000000e+00
9.417770e+02 0.000000e+00
9.908140e+02 0.000000e+00
1.042400e+03 0.000000e+00
1.096680e+03 0.000000e+00
1.153780e+03 0.000000e+00
1.213860e+03 0.000000e+00
1.277060e+03 0.000000e+00
1.343560e+03 0.000000e+00
1.413520e+03 0.000000e+00
1.487120e+03 0.000000e+00
1.564550e+03 0.000000e+00
1.646010e+03 0.000000e+00
1.731720e+03 0.000000e+00
1.821890e+03 0.000000e+00
1.916750e+03 0.000000e+00
2.016550e+03 0.000000e+00
2.121550e+03 0.000000e+00
2.232020e+03 0.000000e+00
2.348230e+03 0.000000e+00
2.470500e+03 0.000000e+00
2.599140e+03 0.000000e+00
2.734470e+03 0.000000e+00
2.876850e+03 0.000000e+00
3.026650e+03 0.000000e+00
3.184240e+03 0.000000e+00
3.350040e+03 0.000000e+00
3.524470e+03 0.000000e+00
3.707990e+03 0.000000e+00
3.901060e+03 0.000000e+00
4.104180e+03 0.000000e+00
