# # E_gamma (MeV)  Final State Radiation (MeV^-1 s^-1)
5.145440e-01 3.434182e+20
5.413360e-01 3.255543e+20
5.695230e-01 3.086129e+20
5.991770e-01 2.924841e+20
6.303750e-01 2.771940e+20
6.631980e-01 2.626335e+20
6.977300e-01 2.488356e+20
7.340600e-01 2.356936e+20
7.722810e-01 2.232059e+20
8.124930e-01 2.113858e+20
8.547980e-01 2.001181e+20
8.993070e-01 1.894572e+20
9.461320e-01 1.792931e+20
9.953960e-01 1.696374e+20
1.047230e+00 1.605137e+20
1.101750e+00 1.518091e+20
1.159120e+00 1.435401e+20
1.219470e+00 1.357400e+20
1.282970e+00 1.282885e+20
1.349770e+00 1.212139e+20
1.420050e+00 1.144970e+20
1.493990e+00 1.081794e+20
1.571780e+00 1.021323e+20
1.653620e+00 9.639300e+19
1.739730e+00 9.094610e+19
1.830310e+00 8.584177e+19
1.925610e+00 8.094436e+19
2.025880e+00 7.629863e+19
2.131360e+00 7.189309e+19
2.242340e+00 6.771553e+19
2.359100e+00 6.382369e+19
2.481930e+00 6.007445e+19
2.611160e+00 5.652127e+19
2.747120e+00 5.315494e+19
2.890160e+00 4.996623e+19
3.040650e+00 4.694661e+19
3.198970e+00 4.416096e+19
3.365530e+00 4.145885e+19
3.540770e+00 3.890204e+19
3.725140e+00 3.648346e+19
3.919100e+00 3.419665e+19
4.123160e+00 3.203481e+19
4.337850e+00 2.999190e+19
4.563720e+00 2.806209e+19
4.801340e+00 2.631458e+19
5.051340e+00 2.459710e+19
5.314360e+00 2.297659e+19
5.591070e+00 2.144822e+19
5.882190e+00 2.000763e+19
6.188470e+00 1.865028e+19
6.510690e+00 1.737202e+19
6.849700e+00 1.616891e+19
7.206350e+00 1.503710e+19
7.581580e+00 1.397307e+19
7.976340e+00 1.297340e+19
8.391660e+00 1.203460e+19
8.828600e+00 1.115378e+19
9.288290e+00 1.032781e+19
9.771920e+00 9.553924e+18
1.028070e+01 8.894606e+18
1.081600e+01 8.216379e+18
1.137920e+01 7.582226e+18
1.197170e+01 6.989718e+18
1.259510e+01 6.436616e+18
1.325090e+01 5.920747e+18
1.394080e+01 5.440069e+18
1.466670e+01 4.992446e+18
1.543040e+01 4.576279e+18
1.623380e+01 4.189646e+18
1.707910e+01 3.830722e+18
1.796840e+01 3.497956e+18
1.890400e+01 3.189865e+18
1.988830e+01 2.904882e+18
2.092380e+01 2.641643e+18
2.201330e+01 2.398720e+18
2.315950e+01 2.174871e+18
2.436540e+01 1.968900e+18
2.563410e+01 1.779652e+18
2.696880e+01 1.605987e+18
2.837300e+01 1.446878e+18
2.985040e+01 1.301300e+18
3.140470e+01 1.168337e+18
3.303990e+01 1.047133e+18
3.476020e+01 9.367688e+17
3.657010e+01 8.364661e+17
3.847430e+01 7.454378e+17
4.047760e+01 6.630149e+17
4.258520e+01 5.885155e+17
4.480250e+01 5.213079e+17
4.713530e+01 4.607771e+17
4.958960e+01 4.063680e+17
5.217170e+01 3.575699e+17
5.488820e+01 3.139132e+17
5.774620e+01 2.749117e+17
6.075290e+01 2.401740e+17
6.391620e+01 2.092983e+17
6.724430e+01 1.818981e+17
7.074560e+01 1.576700e+17
7.442920e+01 1.362912e+17
7.830470e+01 1.174667e+17
8.238190e+01 1.009548e+17
8.667140e+01 8.650027e+16
9.118430e+01 7.387371e+16
9.593210e+01 6.287589e+16
1.009270e+02 5.335672e+16
1.061820e+02 4.512480e+16
1.117110e+02 3.801032e+16
1.175280e+02 3.189480e+16
1.236470e+02 2.667081e+16
1.300850e+02 2.221581e+16
1.368590e+02 1.842570e+16
1.439850e+02 1.521445e+16
1.514820e+02 1.250904e+16
1.593690e+02 1.023714e+16
1.676680e+02 8.339821e+15
1.763980e+02 6.758070e+15
1.855830e+02 5.447391e+15
1.952460e+02 4.373527e+15
2.054120e+02 3.489234e+15
2.161070e+02 2.765984e+15
2.273600e+02 2.179151e+15
2.391980e+02 1.709141e+15
2.516530e+02 1.330463e+15
2.647560e+02 1.029405e+15
2.785410e+02 7.912511e+14
2.930450e+02 6.040513e+14
3.083030e+02 4.564442e+14
3.243560e+02 3.432382e+14
3.412450e+02 2.559467e+14
3.590130e+02 1.895611e+14
3.777060e+02 1.391886e+14
3.973730e+02 1.011432e+14
4.180640e+02 7.300907e+13
4.398320e+02 5.192904e+13
4.627330e+02 3.673113e+13
4.868270e+02 2.574584e+13
5.121760e+02 1.783526e+13
5.388440e+02 1.216863e+13
5.669010e+02 8.214989e+12
5.964180e+02 5.446801e+12
6.274730e+02 3.529308e+12
6.601450e+02 2.275556e+12
6.945180e+02 1.456958e+12
7.306800e+02 9.168824e+11
7.687260e+02 5.712959e+11
8.087520e+02 3.367837e+11
8.508630e+02 1.982440e+11
8.951660e+02 1.162730e+11
9.417770e+02 7.026184e+10
9.908140e+02 4.488003e+10
1.042400e+03 2.240459e+10
1.096680e+03 1.367653e+10
1.153780e+03 5.731515e+09
1.213860e+03 3.140258e+09
1.277060e+03 0.000000e+00
