# # E_gamma (MeV)  Final State Radiation (MeV^-1 s^-1)
5.145440e-01 2.542550e+20
5.413360e-01 2.416546e+20
5.695230e-01 2.296778e+20
5.991770e-01 2.182941e+20
6.303750e-01 2.074737e+20
6.631980e-01 1.971887e+20
6.977300e-01 1.874127e+20
7.340600e-01 1.781206e+20
7.722810e-01 1.692885e+20
8.124930e-01 1.608933e+20
8.547980e-01 1.529138e+20
8.993070e-01 1.453290e+20
9.461320e-01 1.381198e+20
9.953960e-01 1.312673e+20
1.047230e+00 1.247533e+20
1.101750e+00 1.185632e+20
1.159120e+00 1.126783e+20
1.219470e+00 1.070853e+20
1.282970e+00 1.017684e+20
1.349770e+00 9.671523e+19
1.420050e+00 9.191199e+19
1.493990e+00 8.734643e+19
1.571780e+00 8.300683e+19
1.653620e+00 7.888203e+19
1.739730e+00 7.496099e+19
1.830310e+00 7.123459e+19
1.925610e+00 6.769248e+19
2.025880e+00 6.432541e+19
2.131360e+00 6.112533e+19
2.242340e+00 5.808341e+19
2.359100e+00 5.519203e+19
2.481930e+00 5.244396e+19
2.611160e+00 4.983182e+19
2.747120e+00 4.734893e+19
2.890160e+00 4.498893e+19
3.040650e+00 4.274571e+19
3.198970e+00 4.061360e+19
3.365530e+00 3.858705e+19
3.540770e+00 3.666073e+19
3.725140e+00 3.482971e+19
3.919100e+00 3.308940e+19
4.123160e+00 3.143523e+19
4.337850e+00 2.986291e+19
4.563720e+00 2.836841e+19
4.801340e+00 2.694795e+19
5.051340e+00 2.559776e+19
5.314360e+00 2.431440e+19
5.591070e+00 2.309459e+19
5.882190e+00 2.193516e+19
6.188470e+00 2.083312e+19
6.510690e+00 1.978567e+19
6.849700e+00 1.879004e+19
7.206350e+00 1.784374e+19
7.581580e+00 1.694426e+19
7.976340e+00 1.608935e+19
8.391660e+00 1.527676e+19
8.828600e+00 1.450441e+19
9.288290e+00 1.377032e+19
9.771920e+00 1.307258e+19
1.028070e+01 1.240944e+19
1.081600e+01 1.177911e+19
1.137920e+01 1.117999e+19
1.197170e+01 1.061057e+19
1.259510e+01 1.006932e+19
1.325090e+01 9.554950e+18
1.394080e+01 9.066102e+18
1.466670e+01 8.601436e+18
1.543040e+01 8.159807e+18
1.623380e+01 7.740112e+18
1.707910e+01 7.341201e+18
1.796840e+01 6.962086e+18
1.890400e+01 6.601786e+18
1.988830e+01 6.259376e+18
2.092380e+01 5.933981e+18
2.201330e+01 5.624723e+18
2.315950e+01 5.330838e+18
2.436540e+01 5.051555e+18
2.563410e+01 4.786158e+18
2.696880e+01 4.533976e+18
2.837300e+01 4.294343e+18
2.985040e+01 4.066632e+18
3.140470e+01 3.850273e+18
3.303990e+01 3.644706e+18
3.476020e+01 3.449402e+18
3.657010e+01 3.263849e+18
3.847430e+01 3.087566e+18
4.047760e+01 2.920107e+18
4.258520e+01 2.761036e+18
4.480250e+01 2.609943e+18
4.713530e+01 2.466433e+18
4.958960e+01 2.330136e+18
5.217170e+01 2.200700e+18
5.488820e+01 2.077792e+18
5.774620e+01 1.961091e+18
6.075290e+01 1.850298e+18
6.391620e+01 1.745121e+18
6.724430e+01 1.645285e+18
7.074560e+01 1.550536e+18
7.442920e+01 1.460623e+18
7.830470e+01 1.375310e+18
8.238190e+01 1.294377e+18
8.667140e+01 1.217610e+18
9.118430e+01 1.144805e+18
9.593210e+01 1.075774e+18
1.009270e+02 1.010332e+18
1.061820e+02 9.483048e+17
1.117110e+02 8.895218e+17
1.175280e+02 8.338287e+17
1.236470e+02 7.810835e+17
1.300850e+02 7.311311e+17
1.368590e+02 6.838328e+17
1.439850e+02 6.390680e+17
1.514820e+02 5.967067e+17
1.593690e+02 5.566309e+17
1.676680e+02 5.187181e+17
1.763980e+02 4.828695e+17
1.855830e+02 4.489731e+17
1.952460e+02 4.169299e+17
2.054120e+02 3.866416e+17
2.161070e+02 3.580148e+17
2.273600e+02 3.309547e+17
2.391980e+02 3.053785e+17
2.516530e+02 2.811979e+17
2.647560e+02 2.583328e+17
2.785410e+02 2.367034e+17
2.930450e+02 2.162313e+17
3.083030e+02 1.968472e+17
3.243560e+02 1.784803e+17
3.412450e+02 1.610689e+17
3.590130e+02 1.445574e+17
3.777060e+02 1.289002e+17
3.973730e+02 1.140647e+17
4.180640e+02 1.000331e+17
4.398320e+02 8.681356e+16
4.627330e+02 7.443128e+16
4.868270e+02 6.293193e+16
5.121760e+02 5.239128e+16
5.388440e+02 4.287876e+16
5.669010e+02 3.446453e+16
5.964180e+02 2.719227e+16
6.274730e+02 2.106229e+16
6.601450e+02 1.603082e+16
6.945180e+02 1.200814e+16
7.306800e+02 8.875115e+15
7.687260e+02 6.483792e+15
8.087520e+02 4.697445e+15
8.508630e+02 3.380631e+15
8.951660e+02 2.416404e+15
9.417770e+02 1.714307e+15
9.908140e+02 1.198019e+15
1.042400e+03 8.180957e+14
1.096680e+03 5.407561e+14
1.153780e+03 3.428178e+14
1.213860e+03 2.084969e+14
1.277060e+03 1.223763e+14
1.343560e+03 6.985516e+13
1.413520e+03 3.947113e+13
1.487120e+03 2.198788e+13
1.564550e+03 1.203786e+13
1.646010e+03 6.376514e+12
1.731720e+03 3.158623e+12
1.821890e+03 1.474418e+12
1.916750e+03 6.606553e+11
2.016550e+03 2.874419e+11
2.121550e+03 1.251005e+11
2.232020e+03 5.103106e+10
2.348230e+03 1.903330e+10
2.470500e+03 6.824593e+09
2.599140e+03 2.306367e+09
2.734470e+03 7.705772e+08
2.876850e+03 2.352236e+08
3.026650e+03 6.331469e+07
3.184240e+03 1.753992e+07
3.350040e+03 4.390619e+06
3.524470e+03 9.558176e+05
3.707990e+03 2.132273e+05
3.901060e+03 4.110935e+04
4.104180e+03 7.324682e+03
4.317880e+03 1.215813e+03
4.542710e+03 1.670372e+02
4.779240e+03 2.441133e+01
5.028090e+03 2.871114e+00
5.289890e+03 2.747234e-01
5.565330e+03 3.109560e-02
5.855110e+03 2.258933e-03
6.159980e+03 1.831253e-04
6.480720e+03 1.187001e-05
6.818160e+03 5.156766e-07
7.173170e+03 3.057948e-08
7.546670e+03 1.418245e-09
7.939620e+03 4.886903e-11
8.353020e+03 1.370636e-12
8.787950e+03 3.760615e-14
9.245530e+03 8.647789e-16
9.726930e+03 1.349000e-17
1.023340e+04 1.856367e-19
1.076620e+04 2.372263e-21
1.132680e+04 1.912946e-23
1.191660e+04 1.320461e-25
1.253710e+04 7.936049e-28
1.318990e+04 2.810044e-30
1.387660e+04 9.887637e-33
1.459920e+04 2.050391e-35
1.535930e+04 3.624521e-38
1.615910e+04 4.118533e-41
1.700050e+04 3.641820e-44
1.788570e+04 1.942409e-47
1.881690e+04 8.638642e-51
1.979670e+04 1.947873e-54
2.082750e+04 3.676657e-58
2.191200e+04 4.043846e-62
2.305290e+04 2.408611e-66
2.425320e+04 1.026081e-70
2.551610e+04 2.707260e-75
2.684460e+04 3.737277e-80
2.824240e+04 2.731980e-85
2.971300e+04 1.092999e-90
3.126010e+04 2.352460e-96
3.288770e+04 2.621903e-102
3.460020e+04 1.464327e-108
3.640170e+04 3.969645e-115
3.829710e+04 4.822550e-122
4.029120e+04 2.281004e-129
4.238910e+04 4.426360e-137
4.459630e+04 4.277761e-145
4.691830e+04 1.235540e-153
4.936130e+04 1.549022e-162
5.193150e+04 5.448548e-172
5.463550e+04 7.947292e-182
5.748030e+04 3.083531e-192
6.047320e+04 3.233038e-203
6.362200e+04 9.517343e-215
6.693470e+04 7.374603e-227
7.041990e+04 1.399649e-239
7.408660e+04 5.311069e-253
7.794420e+04 3.609249e-267
8.200260e+04 5.923422e-282
8.627240e+04 1.273299e-297
9.076450e+04 0.000000e+00
