# E_gamma(MeV)   IFA_secondary_masked(MeV^-1 s^-1)
5.145440e-01 4.545119e+20
5.413360e-01 7.033800e+20
5.695230e-01 9.803675e+20
5.991770e-01 1.182902e+21
6.303750e-01 1.333139e+21
6.631980e-01 1.433034e+21
6.977300e-01 1.491222e+21
7.340600e-01 1.516963e+21
7.722810e-01 1.518185e+21
8.124930e-01 1.501193e+21
8.547980e-01 1.470881e+21
8.993070e-01 1.431013e+21
9.461320e-01 1.384480e+21
9.953960e-01 1.333499e+21
1.047230e+00 1.279764e+21
1.101750e+00 1.224570e+21
1.159120e+00 1.168892e+21
1.219470e+00 1.113469e+21
1.282970e+00 1.058847e+21
1.349770e+00 1.005433e+21
1.420050e+00 9.535164e+20
1.493990e+00 9.033059e+20
1.571780e+00 8.549339e+20
1.653620e+00 8.084883e+20
1.739730e+00 7.640130e+20
1.830310e+00 7.215205e+20
1.925610e+00 6.809997e+20
2.025880e+00 6.424230e+20
2.131360e+00 6.057452e+20
2.242340e+00 5.709147e+20
2.359100e+00 5.378719e+20
2.481930e+00 5.065502e+20
2.611160e+00 4.768822e+20
2.747120e+00 4.487979e+20
2.890160e+00 4.222269e+20
3.040650e+00 3.970996e+20
3.198970e+00 3.733474e+20
3.365530e+00 3.509026e+20
3.540770e+00 3.297005e+20
3.725140e+00 3.096773e+20
3.919100e+00 2.907723e+20
4.123160e+00 2.729270e+20
4.337850e+00 2.560858e+20
4.563720e+00 2.401951e+20
4.801340e+00 2.252035e+20
5.051340e+00 2.110629e+20
5.314360e+00 1.977271e+20
5.591070e+00 1.851523e+20
5.882190e+00 1.732970e+20
6.188470e+00 1.621223e+20
6.510690e+00 1.515911e+20
6.849700e+00 1.416684e+20
7.206350e+00 1.323212e+20
7.581580e+00 1.235183e+20
7.976340e+00 1.152303e+20
8.391660e+00 1.074293e+20
8.828600e+00 1.000890e+20
9.288290e+00 9.318478e+19
9.771920e+00 8.669304e+19
1.028070e+01 8.059163e+19
1.081600e+01 7.485969e+19
1.137920e+01 6.947734e+19
1.197170e+01 6.442587e+19
1.259510e+01 5.968767e+19
1.325090e+01 5.524588e+19
1.394080e+01 5.108459e+19
1.466670e+01 4.718875e+19
1.543040e+01 4.354397e+19
1.623380e+01 4.013664e+19
1.707910e+01 3.695399e+19
1.796840e+01 3.398363e+19
1.890400e+01 3.121401e+19
1.988830e+01 2.863399e+19
2.092380e+01 2.623302e+19
2.201330e+01 2.400101e+19
2.315950e+01 2.192843e+19
2.436540e+01 2.000611e+19
2.563410e+01 1.822541e+19
2.696880e+01 1.657797e+19
2.837300e+01 1.505585e+19
2.985040e+01 1.365148e+19
3.140470e+01 1.235759e+19
3.303990e+01 1.116725e+19
3.476020e+01 1.007382e+19
3.657010e+01 9.071016e+18
3.847430e+01 8.152819e+18
4.047760e+01 7.313525e+18
4.258520e+01 6.547683e+18
4.480250e+01 5.850133e+18
4.713530e+01 5.215965e+18
4.958960e+01 4.640513e+18
5.217170e+01 4.119364e+18
5.488820e+01 3.648398e+18
5.774620e+01 3.223708e+18
6.075290e+01 2.841523e+18
6.391620e+01 2.498402e+18
6.724430e+01 2.191074e+18
7.074560e+01 1.916438e+18
7.442920e+01 1.671634e+18
7.830470e+01 1.454029e+18
8.238190e+01 1.261046e+18
8.667140e+01 1.090368e+18
9.118430e+01 9.398867e+17
9.593210e+01 8.075842e+17
1.009270e+02 6.915933e+17
1.061820e+02 5.902293e+17
1.117110e+02 5.019534e+17
1.175280e+02 4.253125e+17
1.236470e+02 3.589949e+17
1.300850e+02 3.018330e+17
1.368590e+02 2.527564e+17
1.439850e+02 2.107720e+17
1.514820e+02 1.749910e+17
1.593690e+02 1.446271e+17
1.676680e+02 1.189743e+17
1.763980e+02 9.740603e+16
1.855830e+02 7.935180e+16
1.952460e+02 6.430530e+16
2.054120e+02 5.183196e+16
2.161070e+02 4.155068e+16
2.273600e+02 3.311313e+16
2.391980e+02 2.623013e+16
2.516530e+02 2.065241e+16
2.647560e+02 1.616032e+16
2.785410e+02 1.256001e+16
2.930450e+02 9.692989e+15
3.083030e+02 7.427416e+15
3.243560e+02 5.650512e+15
3.412450e+02 4.266479e+15
3.590130e+02 3.197341e+15
3.777060e+02 2.379149e+15
3.973730e+02 1.754419e+15
4.180640e+02 1.281913e+15
4.398320e+02 9.282470e+14
4.627330e+02 6.657554e+14
4.868270e+02 4.728906e+14
5.121760e+02 3.324533e+14
5.388440e+02 2.312046e+14
5.669010e+02 1.586743e+14
5.964180e+02 1.073658e+14
6.274730e+02 7.166798e+13
6.601450e+02 4.713571e+13
6.945180e+02 3.054773e+13
7.306800e+02 1.952963e+13
7.687260e+02 1.232724e+13
8.087520e+02 7.636127e+12
8.508630e+02 4.636265e+12
8.951660e+02 2.757148e+12
9.417770e+02 1.613682e+12
9.908140e+02 9.346379e+11
1.042400e+03 5.295372e+11
1.096680e+03 2.842467e+11
1.153780e+03 1.342351e+11
1.213860e+03 5.537123e+10
1.277060e+03 1.744895e+10
