# # E_gamma (MeV)  Final State Radiation (MeV^-1 s^-1)
5.145440e-01 2.005957e-07
5.413360e-01 1.369480e-08
5.695230e-01 1.158866e-08
5.991770e-01 6.513775e-10
6.303750e-01 5.497693e-10
6.631980e-01 2.625659e-11
6.977300e-01 2.205053e-11
7.340600e-01 7.813736e-13
7.722810e-01 2.451323e-14
8.124930e-01 2.074175e-14
8.547980e-01 6.182448e-16
8.993070e-01 5.180508e-16
9.461320e-01 1.121485e-17
9.953960e-01 1.752070e-19
1.047230e+00 1.468181e-19
1.101750e+00 2.266000e-21
1.159120e+00 2.627670e-23
1.219470e+00 2.192026e-23
1.282970e+00 1.684597e-25
1.349770e+00 1.283029e-27
1.420050e+00 6.345619e-30
1.493990e+00 5.297969e-30
1.571780e+00 1.969057e-32
1.653620e+00 6.351686e-35
1.739730e+00 1.165911e-37
1.830310e+00 9.672542e-38
1.925610e+00 1.721463e-40
2.025880e+00 1.600133e-43
2.131360e+00 1.393024e-46
2.242340e+00 6.315056e-50
2.359100e+00 5.202371e-50
2.481930e+00 1.927888e-53
2.611160e+00 4.495294e-57
2.747120e+00 5.804823e-61
2.890160e+00 5.918391e-65
3.040650e+00 3.416783e-69
3.198970e+00 2.776854e-69
3.365530e+00 8.426107e-74
3.540770e+00 1.589903e-78
3.725140e+00 1.846672e-83
3.919100e+00 1.185081e-88
4.123160e+00 3.941925e-94
4.337850e+00 6.615224e-100
4.563720e+00 5.436240e-106
4.801340e+00 4.308958e-106
5.051340e+00 1.669019e-112
5.314360e+00 2.908225e-119
5.591070e+00 2.353647e-126
5.882190e+00 9.226422e-134
6.188470e+00 1.328846e-141
6.510690e+00 6.605928e-150
6.849700e+00 1.584094e-158
7.206350e+00 9.956675e-168
7.581580e+00 2.637600e-177
7.976340e+00 2.108503e-187
8.391660e+00 4.393511e-198
8.828600e+00 2.645200e-209
9.288290e+00 4.325472e-221
9.771920e+00 1.792492e-233
1.028070e+01 1.365465e-233
1.081600e+01 1.343872e-246
1.137920e+01 2.365618e-260
1.197170e+01 8.334255e-275
1.259510e+01 5.441583e-290
1.325090e+01 6.005043e-306
1.394080e+01 0.000000e+00
