# # E_gamma (MeV)  Final State Radiation (MeV^-1 s^-1)
5.145440e-01 4.414016e+19
5.413360e-01 4.194255e+19
5.695230e-01 3.985370e+19
5.991770e-01 3.786829e+19
6.303750e-01 3.598115e+19
6.631980e-01 3.418738e+19
6.977300e-01 3.248239e+19
7.340600e-01 3.086180e+19
7.722810e-01 2.932144e+19
8.124930e-01 2.785730e+19
8.547980e-01 2.646565e+19
8.993070e-01 2.514285e+19
9.461320e-01 2.388557e+19
9.953960e-01 2.269050e+19
1.047230e+00 2.155449e+19
1.101750e+00 2.047496e+19
1.159120e+00 1.944866e+19
1.219470e+00 1.847329e+19
1.282970e+00 1.754608e+19
1.349770e+00 1.666487e+19
1.420050e+00 1.582726e+19
1.493990e+00 1.503110e+19
1.571780e+00 1.427437e+19
1.653620e+00 1.355511e+19
1.739730e+00 1.287139e+19
1.830310e+00 1.222163e+19
1.925610e+00 1.160402e+19
2.025880e+00 1.101694e+19
2.131360e+00 1.045901e+19
2.242340e+00 9.928663e+18
2.359100e+00 9.424587e+18
2.481930e+00 8.945517e+18
2.611160e+00 8.490163e+18
2.747120e+00 8.057367e+18
2.890160e+00 7.646015e+18
3.040650e+00 7.255044e+18
3.198970e+00 6.883469e+18
3.365530e+00 6.530318e+18
3.540770e+00 6.194662e+18
3.725140e+00 5.875642e+18
3.919100e+00 5.572462e+18
4.123160e+00 5.284322e+18
4.337850e+00 5.010474e+18
4.563720e+00 4.750219e+18
4.801340e+00 4.502905e+18
5.051340e+00 4.267861e+18
5.314360e+00 4.044493e+18
5.591070e+00 3.832233e+18
5.882190e+00 3.630527e+18
6.188470e+00 3.438855e+18
6.510690e+00 3.256729e+18
6.849700e+00 3.083667e+18
7.206350e+00 2.919237e+18
7.581580e+00 2.763003e+18
7.976340e+00 2.614570e+18
8.391660e+00 2.473549e+18
8.828600e+00 2.339581e+18
9.288290e+00 2.212317e+18
9.771920e+00 2.091427e+18
1.028070e+01 1.976650e+18
1.081600e+01 1.867596e+18
1.137920e+01 1.764022e+18
1.197170e+01 1.665670e+18
1.259510e+01 1.572272e+18
1.325090e+01 1.483604e+18
1.394080e+01 1.399430e+18
1.466670e+01 1.319519e+18
1.543040e+01 1.243671e+18
1.623380e+01 1.171695e+18
1.707910e+01 1.103392e+18
1.796840e+01 1.038589e+18
1.890400e+01 9.771167e+17
1.988830e+01 9.188139e+17
2.092380e+01 8.635287e+17
2.201330e+01 8.111082e+17
2.315950e+01 7.614191e+17
2.436540e+01 7.143268e+17
2.563410e+01 6.697060e+17
2.696880e+01 6.274387e+17
2.837300e+01 5.874082e+17
2.985040e+01 5.495037e+17
3.140470e+01 5.136239e+17
3.303990e+01 4.796691e+17
3.476020e+01 4.475445e+17
3.657010e+01 4.171576e+17
3.847430e+01 3.884210e+17
4.047760e+01 3.612529e+17
4.258520e+01 3.355721e+17
4.480250e+01 3.113020e+17
4.713530e+01 2.883672e+17
4.958960e+01 2.666964e+17
5.217170e+01 2.462207e+17
5.488820e+01 2.268736e+17
5.774620e+01 2.085900e+17
6.075290e+01 1.913085e+17
6.391620e+01 1.749682e+17
6.724430e+01 1.595114e+17
7.074560e+01 1.448844e+17
7.442920e+01 1.310364e+17
7.830470e+01 1.179205e+17
8.238190e+01 1.054978e+17
8.667140e+01 9.373675e+16
9.118430e+01 8.261510e+16
9.593210e+01 7.212768e+16
1.009270e+02 6.228187e+16
1.061820e+02 5.310022e+16
1.117110e+02 4.462817e+16
1.175280e+02 3.691309e+16
1.236470e+02 3.001059e+16
1.300850e+02 2.396197e+16
1.368590e+02 1.878317e+16
1.439850e+02 1.446327e+16
1.514820e+02 1.095169e+16
1.593690e+02 8.171766e+15
1.676680e+02 6.018736e+15
1.763980e+02 4.389506e+15
1.855830e+02 3.176543e+15
1.952460e+02 2.282897e+15
2.054120e+02 1.630646e+15
2.161070e+02 1.151594e+15
2.273600e+02 7.990650e+14
2.391980e+02 5.400479e+14
2.516530e+02 3.515127e+14
2.647560e+02 2.195079e+14
2.785410e+02 1.317332e+14
2.930450e+02 7.643147e+13
3.083030e+02 4.359400e+13
3.243560e+02 2.447463e+13
3.412450e+02 1.357839e+13
3.590130e+02 7.394731e+12
3.777060e+02 3.814544e+12
3.973730e+02 1.849284e+12
4.180640e+02 8.489016e+11
4.398320e+02 3.740285e+11
4.627330e+02 1.649115e+11
4.868270e+02 6.988729e+10
5.121760e+02 2.758835e+10
5.388440e+02 1.023869e+10
5.669010e+02 3.517927e+09
5.964180e+02 1.202919e+09
6.274730e+02 3.909002e+08
6.601450e+02 1.114023e+08
6.945180e+02 3.128557e+07
7.306800e+02 8.165423e+06
7.687260e+02 1.930143e+06
8.087520e+02 4.430072e+05
8.508630e+02 8.895536e+04
8.951660e+02 1.724725e+04
9.417770e+02 2.967649e+03
9.908140e+02 4.432126e+02
1.042400e+03 6.845025e+01
1.096680e+03 8.434874e+00
1.153780e+03 8.928541e-01
1.213860e+03 1.052498e-01
1.277060e+03 8.652940e-03
1.343560e+03 7.347191e-04
1.413520e+03 5.317154e-05
1.487120e+03 2.617658e-06
1.564550e+03 1.772558e-07
1.646010e+03 7.785133e-09
1.731720e+03 3.251030e-10
1.821890e+03 1.008916e-11
1.916750e+03 2.783747e-13
2.016550e+03 7.422418e-15
2.121550e+03 1.472293e-16
2.232020e+03 2.090954e-18
2.348230e+03 2.908835e-20
2.470500e+03 3.191919e-22
2.599140e+03 2.263239e-24
2.734470e+03 1.588947e-26
2.876850e+03 7.637225e-29
3.026650e+03 2.606962e-31
3.184240e+03 8.163527e-34
3.350040e+03 1.421177e-36
3.524470e+03 2.430542e-39
3.707990e+03 2.169753e-42
3.901060e+03 1.845587e-45
4.104180e+03 7.995744e-49
4.317880e+03 2.985899e-52
4.542710e+03 6.514572e-56
4.779240e+03 8.504692e-60
5.028090e+03 8.717565e-64
5.289890e+03 4.791750e-68
5.565330e+03 1.436894e-72
5.855110e+03 2.796154e-77
6.159980e+03 3.315150e-82
6.480720e+03 2.131587e-87
6.818160e+03 7.093774e-93
7.173170e+03 1.204184e-98
7.546670e+03 1.016709e-104
7.939620e+03 4.067318e-111
8.353020e+03 7.262850e-118
8.787950e+03 5.772611e-125
9.245530e+03 2.239002e-132
9.726930e+03 3.628636e-140
1.023340e+04 1.823999e-148
1.076620e+04 4.546029e-157
1.132680e+04 3.031649e-166
1.191660e+04 9.000299e-176
1.253710e+04 6.942538e-186
1.318990e+04 1.549126e-196
1.387660e+04 1.045540e-207
1.459920e+04 1.864768e-219
1.535930e+04 8.118450e-232
1.615910e+04 8.627810e-245
1.700050e+04 1.932170e-258
1.788570e+04 6.698028e-273
1.881690e+04 5.584001e-288
1.979670e+04 6.033472e-304
2.082750e+04 0.000000e+00
