Hawking secondary spectra for each particle type.
energy/particle         photon       electron           nu_e          nu_mu         nu_tau         proton
    1.00000e-06    4.06627e+15    0.00000e+00    1.54704e+23    2.27884e+18    0.00000e+00    0.00000e+00
    1.05207e-06    7.43869e+15    0.00000e+00    1.67258e+23    3.47403e+18    2.20191e+12    0.00000e+00
    1.10685e-06    7.93564e+15    0.00000e+00    1.72208e+23    3.34503e+18    2.42871e+12    0.00000e+00
    1.16448e-06    8.39473e+15    0.00000e+00    1.85514e+23    3.90278e+18    2.67885e+12    0.00000e+00
    1.22511e-06    9.71561e+15    0.00000e+00    1.99283e+23    5.48499e+18    2.95477e+12    0.00000e+00
    1.28890e-06    1.62568e+16    0.00000e+00    2.23181e+23    5.71529e+18    3.25911e+12    0.00000e+00
    1.35602e-06    1.80666e+16    0.00000e+00    2.31560e+23    7.33710e+18    3.59485e+12    0.00000e+00
    1.42662e-06    1.96405e+16    0.00000e+00    2.50358e+23    7.35909e+18    3.96509e+12    0.00000e+00
    1.50090e-06    3.94695e+16    0.00000e+00    2.78851e+23    9.09426e+18    4.37348e+12    0.00000e+00
    1.57905e-06    4.58537e+16    0.00000e+00    2.86864e+23    1.13518e+19    4.82396e+12    0.00000e+00
    1.66127e-06    4.25159e+16    0.00000e+00    3.19179e+23    1.16488e+19    5.32084e+12    0.00000e+00
    1.74777e-06    7.41752e+16    0.00000e+00    3.35954e+23    1.66218e+19    5.86889e+12    0.00000e+00
    1.83878e-06    8.64128e+16    0.00000e+00    3.67129e+23    1.70395e+19    6.47343e+12    0.00000e+00
    1.93452e-06    8.88231e+16    0.00000e+00    3.82616e+23    1.95891e+19    7.14018e+12    0.00000e+00
    2.03525e-06    1.17648e+17    0.00000e+00    4.06798e+23    2.67315e+19    7.87564e+12    0.00000e+00
    2.14122e-06    1.45464e+17    0.00000e+00    4.35904e+23    3.02492e+19    8.68682e+12    0.00000e+00
    2.25271e-06    1.93128e+17    0.00000e+00    4.73254e+23    3.22736e+19    9.58157e+12    0.00000e+00
    2.37001e-06    1.98373e+17    0.00000e+00    4.91661e+23    3.86064e+19    1.05685e+13    0.00000e+00
    2.49341e-06    2.53913e+17    0.00000e+00    5.15937e+23    4.23214e+19    1.16571e+13    0.00000e+00
    2.62324e-06    2.90065e+17    0.00000e+00    5.53394e+23    5.49596e+19    1.28578e+13    0.00000e+00
    2.75983e-06    3.20984e+17    0.00000e+00    5.85039e+23    6.29092e+19    1.41821e+13    0.00000e+00
    2.90353e-06    4.42875e+17    0.00000e+00    6.16849e+23    6.52833e+19    1.56429e+13    0.00000e+00
    3.05471e-06    5.33425e+17    0.00000e+00    6.46877e+23    7.91627e+19    1.72541e+13    0.00000e+00
    3.21376e-06    5.90962e+17    0.00000e+00    6.78368e+23    8.79288e+19    1.90313e+13    0.00000e+00
    3.38110e-06    7.09576e+17    0.00000e+00    7.16045e+23    1.11111e+20    2.09915e+13    0.00000e+00
    3.55715e-06    9.36776e+17    0.00000e+00    7.39235e+23    1.36111e+20    2.31537e+13    0.00000e+00
    3.74237e-06    1.17462e+18    0.00000e+00    7.82462e+23    1.44270e+20    2.55386e+13    0.00000e+00
    3.93723e-06    1.12233e+18    0.00000e+00    8.23525e+23    1.67142e+20    2.81691e+13    0.00000e+00
    4.14223e-06    1.40953e+18    0.00000e+00    8.47231e+23    1.91759e+20    3.10705e+13    0.00000e+00
    4.35791e-06    1.98392e+18    0.00000e+00    8.92920e+23    2.23808e+20    3.42708e+13    0.00000e+00
    4.58482e-06    2.20279e+18    0.00000e+00    9.14928e+23    2.75626e+20    3.78007e+13    0.00000e+00
    4.82355e-06    2.39536e+18    0.00000e+00    9.68080e+23    3.01450e+20    4.16943e+13    0.00000e+00
    5.07471e-06    3.23471e+18    0.00000e+00    9.87151e+23    3.05554e+20    4.59889e+13    0.00000e+00
    5.33894e-06    3.49340e+18    0.00000e+00    1.01554e+24    4.08005e+20    5.07257e+13    0.00000e+00
    5.61693e-06    4.02993e+18    0.00000e+00    1.04076e+24    4.83765e+20    5.59505e+13    0.00000e+00
    5.90940e-06    4.59225e+18    0.00000e+00    1.06443e+24    5.36072e+20    6.17136e+13    0.00000e+00
    6.21709e-06    5.44818e+18    0.00000e+00    1.09609e+24    5.88526e+20    6.80700e+13    0.00000e+00
    6.54081e-06    6.63214e+18    0.00000e+00    1.11225e+24    6.75977e+20    7.50814e+13    0.00000e+00
    6.88138e-06    7.53596e+18    0.00000e+00    1.13652e+24    7.77693e+20    8.28149e+13    0.00000e+00
    7.23968e-06    9.62313e+18    0.00000e+00    1.14354e+24    8.72795e+20    9.13448e+13    0.00000e+00
    7.61664e-06    1.05501e+19    0.00000e+00    1.16415e+24    9.90412e+20    1.00753e+14    0.00000e+00
    8.01323e-06    1.09060e+19    0.00000e+00    1.17254e+24    1.19166e+21    1.11131e+14    0.00000e+00
    8.43047e-06    1.50851e+19    0.00000e+00    1.17726e+24    1.27721e+21    1.22578e+14    0.00000e+00
    8.86943e-06    1.84252e+19    0.00000e+00    1.17673e+24    1.42710e+21    1.35203e+14    0.00000e+00
    9.33125e-06    1.97896e+19    0.00000e+00    1.16936e+24    1.84677e+21    1.49129e+14    0.00000e+00
    9.81712e-06    2.25646e+19    0.00000e+00    1.17288e+24    2.09525e+21    1.64490e+14    0.00000e+00
    1.03283e-05    2.61998e+19    0.00000e+00    1.15052e+24    2.16907e+21    1.81433e+14    0.00000e+00
    1.08661e-05    3.07362e+19    0.00000e+00    1.13659e+24    2.58735e+21    2.00122e+14    0.00000e+00
    1.14318e-05    3.86039e+19    0.00000e+00    1.11586e+24    2.97689e+21    2.20732e+14    0.00000e+00
    1.20271e-05    4.18950e+19    0.00000e+00    1.09404e+24    3.46264e+21    2.43470e+14    0.00000e+00
    1.26533e-05    4.51413e+19    0.00000e+00    1.06443e+24    3.48697e+21    2.68546e+14    0.00000e+00
    1.33122e-05    5.10905e+19    0.00000e+00    1.03078e+24    4.18990e+21    2.96209e+14    0.00000e+00
    1.40053e-05    6.47780e+19    0.00000e+00    9.93190e+23    4.61972e+21    3.26716e+14    0.00000e+00
    1.47345e-05    7.76203e+19    0.00000e+00    9.60971e+23    5.06274e+21    3.60367e+14    0.00000e+00
    1.55018e-05    8.99351e+19    0.00000e+00    9.13171e+23    5.65299e+21    3.97490e+14    0.00000e+00
    1.63089e-05    9.91249e+19    0.00000e+00    8.69929e+23    6.43002e+21    4.38428e+14    0.00000e+00
    1.71581e-05    1.09656e+20    0.00000e+00    8.25077e+23    6.71546e+21    4.83588e+14    0.00000e+00
    1.80515e-05    1.25844e+20    0.00000e+00    7.81013e+23    7.63063e+21    5.33398e+14    0.00000e+00
    1.89914e-05    1.60808e+20    0.00000e+00    7.33810e+23    8.64692e+21    5.88338e+14    0.00000e+00
    1.99803e-05    1.86925e+20    0.00000e+00    6.84395e+23    9.06072e+21    6.48940e+14    0.00000e+00
    2.10206e-05    1.90157e+20    0.00000e+00    6.38805e+23    1.01566e+22    7.15778e+14    0.00000e+00
    2.21151e-05    2.24937e+20    0.00000e+00    5.92762e+23    1.10392e+22    7.89503e+14    0.00000e+00
    2.32666e-05    2.90088e+20    0.00000e+00    5.47896e+23    1.24505e+22    8.70823e+14    0.00000e+00
    2.44781e-05    3.00319e+20    0.00000e+00    5.04418e+23    1.34413e+22    9.60521e+14    0.00000e+00
    2.57526e-05    3.45881e+20    0.00000e+00    4.63228e+23    1.47520e+22    1.05945e+15    0.00000e+00
    2.70935e-05    4.10908e+20    0.00000e+00    4.23566e+23    1.66043e+22    1.16858e+15    0.00000e+00
    2.85043e-05    4.56105e+20    0.00000e+00    3.87726e+23    1.71744e+22    1.28895e+15    0.00000e+00
    2.99884e-05    4.89122e+20    0.00000e+00    3.53668e+23    1.94981e+22    1.42170e+15    0.00000e+00
    3.15499e-05    6.02631e+20    0.00000e+00    3.21133e+23    2.12293e+22    1.56815e+15    0.00000e+00
    3.31927e-05    6.92449e+20    0.00000e+00    2.91085e+23    2.33164e+22    1.72967e+15    0.00000e+00
    3.49210e-05    7.48081e+20    0.00000e+00    2.64855e+23    2.44690e+22    1.90783e+15    0.00000e+00
    3.67392e-05    8.06904e+20    0.00000e+00    2.38928e+23    2.70509e+22    2.10433e+15    0.00000e+00
    3.86522e-05    1.01699e+21    0.00000e+00    2.17394e+23    2.95744e+22    2.32108e+15    0.00000e+00
    4.06648e-05    1.11583e+21    0.00000e+00    1.96150e+23    3.14300e+22    2.56016e+15    0.00000e+00
    4.27821e-05    1.18332e+21    0.00000e+00    1.77878e+23    3.39736e+22    2.82385e+15    0.00000e+00
    4.50098e-05    1.38053e+21    0.00000e+00    1.62108e+23    3.67678e+22    3.11472e+15    0.00000e+00
    4.73533e-05    1.62591e+21    0.00000e+00    1.47560e+23    3.94828e+22    3.43553e+15    0.00000e+00
    4.98190e-05    1.78099e+21    0.00000e+00    1.35533e+23    4.17798e+22    3.78940e+15    0.00000e+00
    5.24130e-05    1.92392e+21    0.00000e+00    1.23717e+23    4.55156e+22    4.17971e+15    0.00000e+00
    5.51421e-05    2.18248e+21    0.00000e+00    1.14769e+23    4.91742e+22    4.61023e+15    0.00000e+00
    5.80132e-05    2.44169e+21    0.00000e+00    1.07621e+23    5.18635e+22    5.08508e+15    0.00000e+00
    6.10339e-05    2.65556e+21    0.00000e+00    9.99289e+22    5.55262e+22    5.60885e+15    0.00000e+00
    6.42119e-05    3.07839e+21    0.00000e+00    9.44824e+22    6.02106e+22    6.18658e+15    0.00000e+00
    6.75553e-05    3.34816e+21    0.00000e+00    9.01143e+22    6.40112e+22    6.82379e+15    0.00000e+00
    7.10728e-05    3.77701e+21    0.00000e+00    8.78522e+22    6.78947e+22    7.52665e+15    0.00000e+00
    7.47735e-05    4.12271e+21    0.00000e+00    8.41971e+22    7.21914e+22    8.30191e+15    0.00000e+00
    7.86668e-05    4.70459e+21    0.00000e+00    8.28476e+22    7.67077e+22    9.15700e+15    0.00000e+00
    8.27629e-05    5.10406e+21    0.00000e+00    8.22019e+22    8.17611e+22    1.01002e+16    0.00000e+00
    8.70722e-05    5.63065e+21    0.00000e+00    8.21689e+22    8.57490e+22    1.11405e+16    0.00000e+00
    9.16060e-05    6.10329e+21    0.00000e+00    8.25638e+22    9.15036e+22    1.22880e+16    0.00000e+00
    9.63758e-05    6.75417e+21    0.00000e+00    8.25448e+22    9.59012e+22    1.35537e+16    0.00000e+00
    1.01394e-04    7.47085e+21    0.00000e+00    8.42207e+22    1.01340e+23    1.49497e+16    0.00000e+00
    1.06673e-04    8.20416e+21    0.00000e+00    8.57831e+22    1.06766e+23    1.64895e+16    0.00000e+00
    1.12228e-04    8.91151e+21    0.00000e+00    8.79322e+22    1.12351e+23    1.81881e+16    0.00000e+00
    1.18071e-04    9.49732e+21    0.00000e+00    8.94257e+22    1.17425e+23    2.00613e+16    0.00000e+00
    1.24219e-04    1.06120e+22    0.00000e+00    9.17796e+22    1.23346e+23    2.21277e+16    0.00000e+00
    1.30687e-04    1.13571e+22    0.00000e+00    9.43947e+22    1.29229e+23    2.44069e+16    0.00000e+00
    1.37492e-04    1.22534e+22    0.00000e+00    9.69780e+22    1.35039e+23    2.69210e+16    0.00000e+00
    1.44651e-04    1.32682e+22    0.00000e+00    9.93835e+22    1.41321e+23    2.96939e+16    0.00000e+00
    1.52183e-04    1.42929e+22    0.00000e+00    1.02383e+23    1.46780e+23    3.27524e+16    0.00000e+00
    1.60106e-04    1.55134e+22    0.00000e+00    1.05451e+23    1.52709e+23    3.61256e+16    0.00000e+00
    1.68443e-04    1.65874e+22    0.00000e+00    1.07993e+23    1.58168e+23    3.98468e+16    0.00000e+00
    1.77214e-04    1.79460e+22    0.00000e+00    1.11452e+23    1.65261e+23    4.39512e+16    0.00000e+00
    1.86441e-04    1.91543e+22    0.00000e+00    1.13273e+23    1.70593e+23    4.84781e+16    0.00000e+00
    1.96149e-04    2.05131e+22    0.00000e+00    1.16854e+23    1.76202e+23    5.34715e+16    0.00000e+00
    2.06362e-04    2.18100e+22    0.00000e+00    1.19284e+23    1.82032e+23    5.89790e+16    0.00000e+00
    2.17107e-04    2.33584e+22    0.00000e+00    1.22200e+23    1.88851e+23    6.50539e+16    0.00000e+00
    2.28411e-04    2.46955e+22    0.00000e+00    1.24609e+23    1.93676e+23    7.17543e+16    0.00000e+00
    2.40304e-04    2.63607e+22    0.00000e+00    1.26959e+23    1.98458e+23    7.91594e+16    0.00000e+00
    2.52817e-04    2.77672e+22    0.00000e+00    1.29659e+23    2.03465e+23    8.73336e+16    0.00000e+00
    2.65980e-04    2.92285e+22    0.00000e+00    1.32077e+23    2.09377e+23    9.62886e+16    0.00000e+00
    2.79830e-04    3.10969e+22    0.00000e+00    1.34173e+23    2.13819e+23    1.06230e+17    0.00000e+00
    2.94400e-04    3.28072e+22    0.00000e+00    1.35818e+23    2.17668e+23    1.17203e+17    0.00000e+00
    3.09729e-04    3.43140e+22    0.00000e+00    1.37322e+23    2.22854e+23    1.29212e+17    0.00000e+00
    3.25856e-04    3.60351e+22    0.00000e+00    1.39141e+23    2.27091e+23    1.42598e+17    0.00000e+00
    3.42823e-04    3.80699e+22    0.00000e+00    1.41238e+23    2.31284e+23    1.57201e+17    0.00000e+00
    3.60673e-04    3.97702e+22    0.00000e+00    1.41526e+23    2.34751e+23    1.73496e+17    0.00000e+00
    3.79453e-04    4.14906e+22    0.00000e+00    1.42830e+23    2.38401e+23    1.91317e+17    0.00000e+00
    3.99211e-04    4.33036e+22    0.00000e+00    1.43972e+23    2.41736e+23    2.11027e+17    0.00000e+00
    4.19997e-04    4.53545e+22    0.00000e+00    1.45267e+23    2.44221e+23    2.32766e+17    0.00000e+00
    4.41866e-04    4.68087e+22    0.00000e+00    1.45276e+23    2.47655e+23    2.56647e+17    0.00000e+00
    4.64873e-04    4.86203e+22    0.00000e+00    1.45853e+23    2.49532e+23    2.83181e+17    0.00000e+00
    4.89079e-04    5.05420e+22    8.20692e-52    1.46396e+23    2.50914e+23    3.12356e+17    0.00000e+00
    5.14544e-04    5.23615e+22    1.24372e+23    1.45969e+23    2.52872e+23    3.44534e+17    0.00000e+00
    5.41336e-04    5.36866e+22    1.24652e+23    1.45935e+23    2.54522e+23    3.80030e+17    0.00000e+00
    5.69523e-04    5.55367e+22    1.25167e+23    1.45572e+23    2.55337e+23    4.19182e+17    0.00000e+00
    5.99177e-04    5.72998e+22    1.25284e+23    1.45442e+23    2.55366e+23    4.62610e+17    0.00000e+00
    6.30375e-04    5.85492e+22    1.25484e+23    1.44246e+23    2.55520e+23    5.10042e+17    0.00000e+00
    6.63198e-04    6.00732e+22    1.25193e+23    1.43914e+23    2.55733e+23    5.62268e+17    0.00000e+00
    6.97730e-04    6.14880e+22    1.24965e+23    1.42790e+23    2.54989e+23    6.20507e+17    0.00000e+00
    7.34060e-04    6.30397e+22    1.24566e+23    1.41733e+23    2.54101e+23    6.84871e+17    0.00000e+00
    7.72281e-04    6.40178e+22    1.23832e+23    1.40356e+23    2.52969e+23    7.54521e+17    0.00000e+00
    8.12493e-04    6.53904e+22    1.23237e+23    1.39103e+23    2.51076e+23    8.33318e+17    0.00000e+00
    8.54798e-04    6.66816e+22    1.22330e+23    1.37457e+23    2.49501e+23    9.18627e+17    0.00000e+00
    8.99307e-04    6.75144e+22    1.21319e+23    1.35243e+23    2.47472e+23    1.01328e+18    0.00000e+00
    9.46132e-04    6.85253e+22    1.20029e+23    1.33866e+23    2.44909e+23    1.11769e+18    0.00000e+00
    9.95396e-04    6.93350e+22    1.18669e+23    1.31628e+23    2.41575e+23    1.23183e+18    0.00000e+00
    1.04723e-03    7.02755e+22    1.17421e+23    1.29503e+23    2.38589e+23    1.35975e+18    0.00000e+00
    1.10175e-03    7.07661e+22    1.15491e+23    1.26578e+23    2.35029e+23    1.49984e+18    0.00000e+00
    1.15912e-03    7.14479e+22    1.13673e+23    1.24382e+23    2.31354e+23    1.65439e+18    0.00000e+00
    1.21947e-03    7.18651e+22    1.11992e+23    1.22022e+23    2.27074e+23    1.82667e+18    0.00000e+00
    1.28297e-03    7.23376e+22    1.09910e+23    1.19149e+23    2.22836e+23    2.01109e+18    0.00000e+00
    1.34977e-03    7.24213e+22    1.07959e+23    1.16370e+23    2.18231e+23    2.22031e+18    0.00000e+00
    1.42005e-03    7.26020e+22    1.05474e+23    1.13475e+23    2.13400e+23    2.45186e+18    0.00000e+00
    1.49399e-03    7.26908e+22    1.03466e+23    1.10614e+23    2.08702e+23    2.70189e+18    0.00000e+00
    1.57178e-03    7.24373e+22    1.01026e+23    1.07605e+23    2.03555e+23    2.98033e+18    0.00000e+00
    1.65362e-03    7.23180e+22    9.86034e+22    1.04549e+23    1.98069e+23    3.28746e+18    0.00000e+00
    1.73973e-03    7.18174e+22    9.60158e+22    1.01255e+23    1.92847e+23    3.62150e+18    0.00000e+00
    1.83031e-03    7.14607e+22    9.36055e+22    9.77936e+22    1.87308e+23    4.00477e+18    0.00000e+00
    1.92561e-03    7.08568e+22    9.08214e+22    9.47392e+22    1.81551e+23    4.41220e+18    0.00000e+00
    2.02588e-03    7.02814e+22    8.81750e+22    9.14391e+22    1.75868e+23    4.86695e+18    0.00000e+00
    2.13136e-03    6.93330e+22    8.53717e+22    8.81831e+22    1.69992e+23    5.36031e+18    0.00000e+00
    2.24234e-03    6.84720e+22    8.26061e+22    8.46252e+22    1.64045e+23    5.92065e+18    0.00000e+00
    2.35910e-03    6.74658e+22    7.97783e+22    8.14030e+22    1.58018e+23    6.53083e+18    0.00000e+00
    2.48193e-03    6.63965e+22    7.68621e+22    7.81548e+22    1.51944e+23    7.21606e+18    0.00000e+00
    2.61116e-03    6.53389e+22    7.41456e+22    7.47006e+22    1.46112e+23    7.94795e+18    0.00000e+00
    2.74712e-03    6.38483e+22    7.11481e+22    7.14795e+22    1.39852e+23    8.76709e+18    0.00000e+00
    2.89016e-03    6.26436e+22    6.83281e+22    6.81433e+22    1.33854e+23    9.65264e+18    0.00000e+00
    3.04065e-03    6.10628e+22    6.55394e+22    6.49503e+22    1.27970e+23    1.06649e+19    0.00000e+00
    3.19897e-03    5.97352e+22    6.26255e+22    6.17040e+22    1.22010e+23    1.17872e+19    0.00000e+00
    3.36553e-03    5.81269e+22    5.97537e+22    5.86188e+22    1.16127e+23    1.28473e+19    0.00000e+00
    3.54077e-03    5.64603e+22    5.69440e+22    5.55361e+22    1.10343e+23    1.41651e+19    0.00000e+00
    3.72514e-03    5.48136e+22    5.42121e+22    5.25729e+22    1.04839e+23    1.57172e+19    0.00000e+00
    3.91910e-03    5.31037e+22    5.14950e+22    4.95708e+22    9.91217e+22    1.73326e+19    0.00000e+00
    4.12316e-03    5.13598e+22    4.87505e+22    4.68017e+22    9.36556e+22    1.91462e+19    0.00000e+00
    4.33785e-03    4.96743e+22    4.62023e+22    4.39969e+22    8.85188e+22    2.11535e+19    0.00000e+00
    4.56372e-03    4.78363e+22    4.36301e+22    4.13472e+22    8.33012e+22    2.33631e+19    0.00000e+00
    4.80134e-03    4.60393e+22    4.12360e+22    3.87085e+22    7.82927e+22    2.57481e+19    0.00000e+00
    5.05134e-03    4.42225e+22    3.87849e+22    3.62034e+22    7.32682e+22    2.84917e+19    0.00000e+00
    5.31436e-03    4.23872e+22    3.64333e+22    3.38067e+22    6.88427e+22    3.14536e+19    0.00000e+00
    5.59107e-03    4.06816e+22    3.41500e+22    3.15043e+22    6.41344e+22    3.47912e+19    0.00000e+00
    5.88219e-03    3.87929e+22    3.19924e+22    2.92410e+22    5.97671e+22    3.82716e+19    0.00000e+00
    6.18847e-03    3.70102e+22    2.98710e+22    2.71660e+22    5.55557e+22    4.22993e+19    0.00000e+00
    6.51069e-03    3.52463e+22    2.78420e+22    2.51528e+22    5.15966e+22    4.67349e+19    0.00000e+00
    6.84970e-03    3.35261e+22    2.58782e+22    2.32278e+22    4.77801e+22    5.14884e+19    0.00000e+00
    7.20635e-03    3.17908e+22    2.40262e+22    2.14197e+22    4.40526e+22    5.67939e+19    0.00000e+00
    7.58158e-03    3.00803e+22    2.22382e+22    1.96870e+22    4.06673e+22    6.26057e+19    0.00000e+00
    7.97634e-03    2.84017e+22    2.05731e+22    1.81185e+22    3.73502e+22    6.91035e+19    0.00000e+00
    8.39166e-03    2.68546e+22    1.89806e+22    1.65799e+22    3.43399e+22    7.61632e+19    0.00000e+00
    8.82860e-03    2.52076e+22    1.74440e+22    1.51258e+22    3.13766e+22    8.39616e+19    0.00000e+00
    9.28829e-03    2.36848e+22    1.60496e+22    1.38086e+22    2.87395e+22    9.25306e+19    0.00000e+00
    9.77192e-03    2.21830e+22    1.47146e+22    1.25764e+22    2.61403e+22    1.01980e+20    0.00000e+00
    1.02807e-02    2.07580e+22    1.34934e+22    1.14382e+22    2.38342e+22    1.12337e+20    0.00000e+00
    1.08160e-02    1.93588e+22    1.23114e+22    1.03380e+22    2.16518e+22    1.23758e+20    0.00000e+00
    1.13792e-02    1.79735e+22    1.12298e+22    9.33902e+21    1.95874e+22    1.36289e+20    0.00000e+00
    1.19717e-02    1.67252e+22    1.02487e+22    8.47426e+21    1.76985e+22    1.50025e+20    0.00000e+00
    1.25951e-02    1.54939e+22    9.30287e+21    7.61106e+21    1.59762e+22    1.65146e+20    0.00000e+00
    1.32509e-02    1.43245e+22    8.46113e+21    6.84868e+21    1.44032e+22    1.81711e+20    0.00000e+00
    1.39408e-02    1.31850e+22    7.68714e+21    6.14845e+21    1.29140e+22    1.99865e+20    0.00000e+00
    1.46667e-02    1.21318e+22    6.97069e+21    5.53219e+21    1.15808e+22    2.19811e+20    0.00000e+00
    1.54304e-02    1.11492e+22    6.31930e+21    4.95352e+21    1.03714e+22    2.41618e+20    0.00000e+00
    1.62338e-02    1.01906e+22    5.73625e+21    4.42136e+21    9.25852e+21    2.65513e+20    0.00000e+00
    1.70791e-02    9.29424e+21    5.22066e+21    3.96984e+21    8.25543e+21    2.91683e+20    0.00000e+00
    1.79684e-02    8.44962e+21    4.74192e+21    3.55915e+21    7.36281e+21    3.20247e+20    0.00000e+00
    1.89040e-02    7.68072e+21    4.32540e+21    3.18555e+21    6.56214e+21    3.51546e+20    0.00000e+00
    1.98883e-02    6.94614e+21    3.97557e+21    2.85735e+21    5.82416e+21    3.85698e+20    0.00000e+00
    2.09238e-02    6.26961e+21    3.65148e+21    2.57861e+21    5.19528e+21    4.22936e+20    0.00000e+00
    2.20133e-02    5.64723e+21    3.37982e+21    2.33826e+21    4.63440e+21    4.63651e+20    0.00000e+00
    2.31595e-02    5.06413e+21    3.15873e+21    2.11979e+21    4.13817e+21    5.07951e+20    0.00000e+00
    2.43654e-02    4.53645e+21    2.97825e+21    1.94621e+21    3.69837e+21    5.56229e+20    0.00000e+00
    2.56341e-02    4.04724e+21    2.83428e+21    1.80728e+21    3.33162e+21    6.08804e+20    0.00000e+00
    2.69688e-02    3.60896e+21    2.72119e+21    1.69120e+21    3.01466e+21    6.65869e+20    0.00000e+00
    2.83730e-02    3.19655e+21    2.65303e+21    1.59789e+21    2.74407e+21    7.28000e+20    0.00000e+00
    2.98504e-02    2.83269e+21    2.61416e+21    1.52862e+21    2.51837e+21    7.95393e+20    0.00000e+00
    3.14047e-02    2.49996e+21    2.61346e+21    1.49401e+21    2.34355e+21    8.68416e+20    0.00000e+00
    3.30399e-02    2.20790e+21    2.63679e+21    1.47138e+21    2.20617e+21    9.47694e+20    0.00000e+00
    3.47602e-02    1.93830e+21    2.69078e+21    1.47108e+21    2.09741e+21    1.03339e+21    0.00000e+00
    3.65701e-02    1.69901e+21    2.77755e+21    1.48687e+21    2.02505e+21    1.12613e+21    0.00000e+00
    3.84743e-02    1.48980e+21    2.89585e+21    1.52616e+21    1.98301e+21    1.22639e+21    0.00000e+00
    4.04776e-02    1.30442e+21    3.03611e+21    1.58331e+21    1.97088e+21    1.33449e+21    0.00000e+00
    4.25852e-02    1.14402e+21    3.20536e+21    1.65363e+21    1.98198e+21    1.45124e+21    0.00000e+00
    4.48025e-02    1.00127e+21    3.40377e+21    1.74122e+21    2.01919e+21    1.57695e+21    0.00000e+00
    4.71353e-02    8.78666e+20    3.63024e+21    1.84459e+21    2.07870e+21    1.71217e+21    0.00000e+00
    4.95896e-02    7.76949e+20    3.88223e+21    1.96506e+21    2.16153e+21    1.85772e+21    0.00000e+00
    5.21717e-02    6.92044e+20    4.16184e+21    2.09857e+21    2.26397e+21    2.01379e+21    0.00000e+00
    5.48882e-02    6.24081e+20    4.47148e+21    2.24943e+21    2.38564e+21    2.18111e+21    0.00000e+00
    5.77462e-02    5.68642e+20    4.80648e+21    2.41277e+21    2.52668e+21    2.36008e+21    0.00000e+00
    6.07529e-02    5.26108e+20    5.17075e+21    2.59253e+21    2.68643e+21    2.55082e+21    0.00000e+00
    6.39162e-02    4.98370e+20    5.56115e+21    2.78548e+21    2.86331e+21    2.75359e+21    0.00000e+00
    6.72443e-02    4.81770e+20    5.97787e+21    2.99256e+21    3.05584e+21    2.96780e+21    0.00000e+00
    7.07456e-02    4.78773e+20    6.41756e+21    3.21139e+21    3.26297e+21    3.19260e+21    0.00000e+00
    7.44292e-02    4.84671e+20    6.87649e+21    3.43969e+21    3.48192e+21    3.42571e+21    0.00000e+00
    7.83047e-02    5.02753e+20    7.34786e+21    3.67501e+21    3.70819e+21    3.66429e+21    0.00000e+00
    8.23819e-02    5.30501e+20    7.82019e+21    3.91076e+21    3.93712e+21    3.90286e+21    0.00000e+00
    8.66714e-02    5.70912e+20    8.27668e+21    4.13872e+21    4.15965e+21    4.13298e+21    0.00000e+00
    9.11843e-02    6.20293e+20    8.70050e+21    4.35046e+21    4.36690e+21    4.34621e+21    0.00000e+00
    9.59321e-02    6.81079e+20    9.05323e+21    4.52673e+21    4.53933e+21    4.52366e+21    0.00000e+00
    1.00927e-01    7.51448e+20    9.30587e+21    4.65295e+21    4.66249e+21    4.65078e+21    0.00000e+00
    1.06182e-01    8.32482e+20    9.42196e+21    4.71099e+21    4.71832e+21    4.70941e+21    0.00000e+00
    1.11711e-01    9.22227e+20    9.34214e+21    4.67103e+21    4.67652e+21    4.66995e+21    0.00000e+00
    1.17528e-01    1.01840e+21    9.05858e+21    4.52924e+21    4.53330e+21    4.52848e+21    0.00000e+00
    1.23647e-01    1.11812e+21    8.54475e+21    4.27235e+21    4.27539e+21    4.27182e+21    0.00000e+00
    1.30085e-01    1.21461e+21    7.81647e+21    3.90819e+21    3.91039e+21    3.90785e+21    0.00000e+00
    1.36859e-01    1.30084e+21    6.92560e+21    3.46278e+21    3.46433e+21    3.46253e+21    0.00000e+00
    1.43985e-01    1.36120e+21    5.92956e+21    2.96476e+21    2.96593e+21    2.96460e+21    0.00000e+00
    1.51482e-01    1.38301e+21    4.91172e+21    2.45583e+21    2.45664e+21    2.45573e+21    0.00000e+00
    1.59369e-01    1.35306e+21    3.93499e+21    1.96748e+21    1.96806e+21    1.96741e+21    0.00000e+00
    1.67668e-01    1.25741e+21    3.06927e+21    1.53462e+21    1.53502e+21    1.53458e+21    0.00000e+00
    1.76398e-01    1.10793e+21    2.32675e+21    1.16337e+21    1.16363e+21    1.16334e+21    0.00000e+00
    1.85583e-01    9.19428e+20    1.72880e+21    8.64393e+20    8.64584e+20    8.64378e+20    0.00000e+00
    1.95246e-01    7.20937e+20    1.26926e+21    6.34624e+20    6.34744e+20    6.34614e+20    0.00000e+00
    2.05412e-01    5.35081e+20    9.21197e+20    4.60596e+20    4.60675e+20    4.60590e+20    0.00000e+00
    2.16107e-01    3.81449e+20    6.76179e+20    3.38087e+20    3.38141e+20    3.38085e+20    0.00000e+00
    2.27360e-01    2.61947e+20    4.99631e+20    2.49814e+20    2.49845e+20    2.49812e+20    0.00000e+00
    2.39198e-01    1.74397e+20    3.70770e+20    1.85384e+20    1.85404e+20    1.85383e+20    0.00000e+00
    2.51653e-01    1.16005e+20    2.74060e+20    1.37030e+20    1.37042e+20    1.37029e+20    0.00000e+00
    2.64756e-01    7.65203e+19    1.94509e+20    9.72541e+19    9.72606e+19    9.72538e+19    0.00000e+00
    2.78541e-01    5.14627e+19    1.30511e+20    6.52553e+19    6.52594e+19    6.52552e+19    0.00000e+00
    2.93045e-01    3.52081e+19    8.25625e+19    4.12812e+19    4.12832e+19    4.12811e+19    0.00000e+00
    3.08303e-01    2.35726e+19    4.88390e+19    2.44195e+19    2.44205e+19    2.44194e+19    0.00000e+00
    3.24356e-01    1.50416e+19    2.83025e+19    1.41513e+19    1.41518e+19    1.41512e+19    0.00000e+00
    3.41245e-01    8.83580e+18    1.60220e+19    8.01101e+18    8.01129e+18    8.01100e+18    0.00000e+00
    3.59013e-01    4.76617e+18    9.04310e+18    4.52155e+18    4.52168e+18    4.52154e+18    0.00000e+00
    3.77706e-01    2.51475e+18    5.26144e+18    2.63072e+18    2.63077e+18    2.63072e+18    0.00000e+00
    3.97373e-01    1.27072e+18    2.90142e+18    1.45071e+18    1.45073e+18    1.45071e+18    0.00000e+00
    4.18064e-01    6.56158e+17    1.47856e+18    7.39278e+17    7.39290e+17    7.39277e+17    0.00000e+00
    4.39832e-01    3.42106e+17    7.00328e+17    3.50164e+17    3.50169e+17    3.50164e+17    0.00000e+00
    4.62733e-01    1.63527e+17    3.05245e+17    1.52622e+17    1.52624e+17    1.52622e+17    0.00000e+00
    4.86827e-01    7.28159e+16    1.38163e+17    6.90816e+16    6.90822e+16    6.90816e+16    0.00000e+00
    5.12176e-01    2.95193e+16    6.15069e+16    3.07535e+16    3.07537e+16    3.07535e+16    0.00000e+00
    5.38844e-01    1.14046e+16    2.51695e+16    1.25848e+16    1.25849e+16    1.25848e+16    0.00000e+00
    5.66901e-01    4.73147e+15    9.73754e+15    4.86877e+15    4.86880e+15    4.86877e+15    0.00000e+00
    5.96418e-01    1.76030e+15    3.32400e+15    1.66200e+15    1.66200e+15    1.66200e+15    0.00000e+00
    6.27473e-01    5.88501e+14    1.15984e+15    5.79922e+14    5.79924e+14    5.79922e+14    0.00000e+00
    6.60145e-01    1.87011e+14    3.99544e+14    1.99772e+14    1.99773e+14    1.99772e+14    0.00000e+00
    6.94518e-01    5.56033e+13    1.13582e+14    5.67908e+13    5.67909e+13    5.67908e+13    0.00000e+00
    7.30680e-01    1.70446e+13    3.26240e+13    1.63120e+13    1.63121e+13    1.63120e+13    0.00000e+00
    7.68726e-01    4.32847e+12    8.76490e+12    4.38245e+12    4.38247e+12    4.38245e+12    0.00000e+00
    8.08752e-01    9.88917e+11    2.07463e+12    1.03732e+12    1.03732e+12    1.03732e+12    0.00000e+00
    8.50863e-01    2.52952e+11    4.92286e+11    2.46143e+11    2.46143e+11    2.46143e+11    0.00000e+00
    8.95166e-01    4.91897e+10    9.89596e+10    4.94798e+10    4.94799e+10    4.94798e+10    4.42148e-54
    9.41777e-01    9.48058e+09    1.96088e+10    9.80442e+09    9.80444e+09    9.80442e+09    2.31297e+05
    9.90814e-01    1.78157e+09    3.45030e+09    1.72515e+09    1.72515e+09    1.72515e+09    6.47023e+04
    1.04240e+00    2.43926e+08    5.07672e+08    2.53836e+08    2.53836e+08    2.53836e+08    9.04520e+03
    1.09668e+00    4.04720e+07    8.09663e+07    4.04831e+07    4.04831e+07    4.04831e+07    8.24562e+02
    1.15378e+00    5.07051e+06    1.01215e+07    5.06073e+06    5.06074e+06    5.06073e+06    5.51270e+01
    1.21386e+00    5.22000e+05    1.04572e+06    5.22858e+05    5.22858e+05    5.22858e+05    1.02179e+01
    1.27706e+00    6.48616e+04    1.27924e+05    6.39621e+04    6.39621e+04    6.39621e+04    1.02868e-01
    1.34356e+00    5.15436e+03    1.03911e+04    5.19553e+03    5.19553e+03    5.19553e+03    7.27729e-03
    1.41352e+00    4.44889e+02    8.88661e+02    4.44330e+02    4.44330e+02    4.44330e+02    5.02133e-04
    1.48712e+00    3.27631e+01    6.55902e+01    3.27951e+01    3.27951e+01    3.27951e+01    1.14545e-04
    1.56455e+00    1.52185e+00    3.13372e+00    1.56686e+00    1.56686e+00    1.56686e+00    2.07803e-05
    1.64601e+00    1.09496e-01    2.16624e-01    1.08312e-01    1.08312e-01    1.08312e-01    4.78066e-08
    1.73172e+00    4.77141e-03    9.45983e-03    4.72991e-03    4.72991e-03    4.72991e-03    1.73739e-09
    1.82189e+00    2.00852e-04    3.96882e-04    1.98441e-04    1.98441e-04    1.98441e-04    2.19560e-10
    1.91675e+00    6.22375e-06    1.22714e-05    6.13568e-06    6.13568e-06    6.13568e-06    4.33194e-11
    2.01655e+00    1.70522e-07    3.36476e-07    1.68238e-07    1.68238e-07    1.68238e-07    1.07402e-12
    2.12155e+00    4.55534e-09    8.96993e-09    4.48497e-09    4.48497e-09    4.48497e-09    1.85403e-15
    2.23202e+00    9.09388e-11    1.77694e-10    8.88468e-11    8.88468e-11    8.88468e-11    3.50756e-16
    2.34823e+00    1.28654e-12    2.51283e-12    1.25642e-12    1.25642e-12    1.25642e-12    4.78402e-18
    2.47050e+00    1.77554e-14    3.47956e-14    1.73978e-14    1.73978e-14    1.73978e-14    2.26984e-21
    2.59914e+00    1.96058e-16    3.79747e-16    1.89874e-16    1.89874e-16    1.89874e-16    4.19275e-22
    2.73447e+00    1.38688e-18    2.68353e-18    1.34177e-18    1.34177e-18    1.34177e-18    2.97591e-24
    2.87685e+00    9.64147e-21    1.87536e-20    9.37682e-21    9.37682e-21    9.37682e-21    2.96758e-28
    3.02665e+00    4.67413e-23    8.92575e-23    4.46288e-23    4.46288e-23    4.46288e-23    5.40599e-29
    3.18424e+00    1.57124e-25    3.03520e-25    1.51760e-25    1.51760e-25    1.51760e-25    1.75685e-31
    3.35004e+00    4.95515e-28    9.43815e-28    4.71908e-28    4.71908e-28    4.71908e-28    3.16883e-34
    3.52447e+00    8.63300e-31    1.64514e-30    8.22568e-31    8.22568e-31    8.22568e-31    5.32856e-40
    3.70799e+00    1.45859e-33    2.76866e-33    1.38433e-33    1.38433e-33    1.38433e-33    2.60581e-42
    3.90106e+00    1.30104e-36    2.45457e-36    1.22729e-36    1.22729e-36    1.22729e-36    4.69290e-43
    4.10418e+00    1.10895e-39    2.08049e-39    1.04025e-39    1.04025e-39    1.04025e-39    8.29739e-50
    4.31788e+00    4.73569e-43    8.92577e-43    4.46288e-43    4.46288e-43    4.46288e-43    1.89256e-53
    4.54271e+00    1.80611e-46    3.31093e-46    1.65546e-46    1.65546e-46    1.65546e-46    1.51504e-56
    4.77924e+00    3.80344e-50    7.17573e-50    3.58786e-50    3.58786e-50    3.58786e-50    3.62991e-57
    5.02809e+00    5.10111e-54    9.30481e-54    4.65240e-54    4.65240e-54    4.65240e-54    4.43398e-58
    5.28989e+00    5.85029e-58    1.05680e-57    5.28399e-58    5.28399e-58    5.28399e-58    8.57203e-62
    5.56533e+00    2.93296e-62    5.44110e-62    2.72055e-62    2.72055e-62    2.72055e-62    4.95420e-66
    5.85511e+00    8.56931e-67    1.56893e-66    7.84466e-67    7.84466e-67    7.84466e-67    1.06357e-74
    6.15998e+00    1.69221e-71    2.97929e-71    1.48964e-71    1.48964e-71    1.48964e-71    3.16455e-76
    6.48072e+00    2.02706e-76    3.50935e-76    1.75468e-76    1.75468e-76    1.75468e-76    1.59218e-80
    6.81816e+00    2.66874e-81    4.62855e-81    2.31428e-81    2.31428e-81    2.31428e-81    1.61857e-90
    7.17317e+00    2.22120e-86    3.86363e-86    1.93182e-86    1.93182e-86    1.93182e-86    1.10677e-91
    7.54667e+00    3.70626e-92    6.47169e-92    3.23585e-92    3.23585e-92    3.23585e-92    3.79631e-97
    7.93962e+00    6.10956e-99    1.04891e-98    5.24455e-99    5.24455e-99    5.24455e-99   4.77201e-103
    8.35302e+00   4.97155e-104   8.52358e-104   4.26179e-104   4.26179e-104   4.26179e-104   1.34584e-115
    8.78795e+00   2.34977e-110   3.92025e-110   1.96013e-110   1.96013e-110   1.96013e-110   2.38329e-116
    9.24553e+00   1.13140e-117   1.83431e-117   9.17153e-118   9.17153e-118   9.17153e-118   2.88755e-123
    9.72693e+00   2.69000e-124   4.41165e-124   2.20582e-124   2.20582e-124   2.20582e-124   7.90157e-138
    1.02334e+01   5.47368e-132   9.47456e-132   4.73728e-132   4.73728e-132   4.73728e-132   1.98353e-140
    1.07662e+01   1.73710e-138   2.84461e-138   1.42230e-138   1.42230e-138   1.42230e-138   6.30700e-147
    1.13268e+01   5.31237e-147   8.30243e-147   4.15121e-147   4.15121e-147   4.15121e-147   7.29270e-156
    1.19166e+01   1.96230e-160   2.97639e-160   1.48820e-160   1.48820e-160   1.48820e-160   1.03521e-173
    1.25371e+01   5.66811e-170   8.78311e-170   4.39156e-170   4.39156e-170   4.39156e-170   9.94260e-175
    1.31899e+01   4.11144e-180   6.73457e-180   3.36728e-180   3.36728e-180   3.36728e-180   7.56749e-185
    1.38766e+01   2.86820e-184   4.69826e-184   2.34913e-184   2.34913e-184   2.34913e-184   1.59455e-205
    1.45992e+01   7.09204e-202   1.00220e-201   5.01102e-202   5.01102e-202   5.01102e-202   1.85495e-217
    1.53593e+01   4.36311e-206   6.16567e-206   3.08284e-206   3.08284e-206   3.08284e-206   2.78052e-218
    1.61591e+01   5.48966e-226   7.69131e-226   3.84566e-226   3.84566e-226   3.84566e-226   1.64906e-230
    1.70005e+01   5.37546e-239   8.12681e-239   4.06340e-239   4.06340e-239   4.06340e-239   1.50518e-256
    1.78857e+01   1.28169e-252   1.80949e-252   9.04746e-253   9.04746e-253   9.04746e-253   4.76069e-258
    1.88169e+01   6.09007e-257   8.59812e-257   4.29906e-257   4.29906e-257   4.29906e-257   2.89970e-272
    1.97967e+01   8.79889e-272   1.11602e-271   5.58008e-272   5.58008e-272   5.58008e-272   4.48840e-287
    2.08275e+01   2.30981e-287   3.16075e-287   1.58038e-287   1.58038e-287   1.58038e-287    0.00000e+00
    2.19120e+01    0.00000e+00    0.00000e+00    0.00000e+00    0.00000e+00    0.00000e+00    0.00000e+00
    2.30529e+01    0.00000e+00    0.00000e+00    0.00000e+00    0.00000e+00    0.00000e+00    0.00000e+00
    2.42532e+01    0.00000e+00    0.00000e+00    0.00000e+00    0.00000e+00    0.00000e+00    0.00000e+00
    2.55161e+01    0.00000e+00    0.00000e+00    0.00000e+00    0.00000e+00    0.00000e+00    0.00000e+00
    2.68446e+01    0.00000e+00    0.00000e+00    0.00000e+00    0.00000e+00    0.00000e+00    0.00000e+00
    2.82424e+01    0.00000e+00    0.00000e+00    0.00000e+00    0.00000e+00    0.00000e+00    0.00000e+00
    2.97130e+01    0.00000e+00    0.00000e+00    0.00000e+00    0.00000e+00    0.00000e+00    0.00000e+00
    3.12601e+01    0.00000e+00    0.00000e+00    0.00000e+00    0.00000e+00    0.00000e+00    0.00000e+00
    3.28877e+01    0.00000e+00    0.00000e+00    0.00000e+00    0.00000e+00    0.00000e+00    0.00000e+00
    3.46002e+01    0.00000e+00    0.00000e+00    0.00000e+00    0.00000e+00    0.00000e+00    0.00000e+00
    3.64017e+01    0.00000e+00    0.00000e+00    0.00000e+00    0.00000e+00    0.00000e+00    0.00000e+00
    3.82971e+01    0.00000e+00    0.00000e+00    0.00000e+00    0.00000e+00    0.00000e+00    0.00000e+00
    4.02912e+01    0.00000e+00    0.00000e+00    0.00000e+00    0.00000e+00    0.00000e+00    0.00000e+00
    4.23891e+01    0.00000e+00    0.00000e+00    0.00000e+00    0.00000e+00    0.00000e+00    0.00000e+00
    4.45963e+01    0.00000e+00    0.00000e+00    0.00000e+00    0.00000e+00    0.00000e+00    0.00000e+00
    4.69183e+01    0.00000e+00    0.00000e+00    0.00000e+00    0.00000e+00    0.00000e+00    0.00000e+00
    4.93613e+01    0.00000e+00    0.00000e+00    0.00000e+00    0.00000e+00    0.00000e+00    0.00000e+00
    5.19315e+01    0.00000e+00    0.00000e+00    0.00000e+00    0.00000e+00    0.00000e+00    0.00000e+00
    5.46355e+01    0.00000e+00    0.00000e+00    0.00000e+00    0.00000e+00    0.00000e+00    0.00000e+00
    5.74803e+01    0.00000e+00    0.00000e+00    0.00000e+00    0.00000e+00    0.00000e+00    0.00000e+00
    6.04732e+01    0.00000e+00    0.00000e+00    0.00000e+00    0.00000e+00    0.00000e+00    0.00000e+00
    6.36220e+01    0.00000e+00    0.00000e+00    0.00000e+00    0.00000e+00    0.00000e+00    0.00000e+00
    6.69347e+01    0.00000e+00    0.00000e+00    0.00000e+00    0.00000e+00    0.00000e+00    0.00000e+00
    7.04199e+01    0.00000e+00    0.00000e+00    0.00000e+00    0.00000e+00    0.00000e+00    0.00000e+00
    7.40866e+01    0.00000e+00    0.00000e+00    0.00000e+00    0.00000e+00    0.00000e+00    0.00000e+00
    7.79442e+01    0.00000e+00    0.00000e+00    0.00000e+00    0.00000e+00    0.00000e+00    0.00000e+00
    8.20026e+01    0.00000e+00    0.00000e+00    0.00000e+00    0.00000e+00    0.00000e+00    0.00000e+00
    8.62724e+01    0.00000e+00    0.00000e+00    0.00000e+00    0.00000e+00    0.00000e+00    0.00000e+00
    9.07645e+01    0.00000e+00    0.00000e+00    0.00000e+00    0.00000e+00    0.00000e+00    0.00000e+00
    9.54904e+01    0.00000e+00    0.00000e+00    0.00000e+00    0.00000e+00    0.00000e+00    0.00000e+00
    1.00463e+02    0.00000e+00    0.00000e+00    0.00000e+00    0.00000e+00    0.00000e+00    0.00000e+00
    1.05693e+02    0.00000e+00    0.00000e+00    0.00000e+00    0.00000e+00    0.00000e+00    0.00000e+00
    1.11197e+02    0.00000e+00    0.00000e+00    0.00000e+00    0.00000e+00    0.00000e+00    0.00000e+00
    1.16987e+02    0.00000e+00    0.00000e+00    0.00000e+00    0.00000e+00    0.00000e+00    0.00000e+00
    1.23078e+02    0.00000e+00    0.00000e+00    0.00000e+00    0.00000e+00    0.00000e+00    0.00000e+00
    1.29486e+02    0.00000e+00    0.00000e+00    0.00000e+00    0.00000e+00    0.00000e+00    0.00000e+00
    1.36229e+02    0.00000e+00    0.00000e+00    0.00000e+00    0.00000e+00    0.00000e+00    0.00000e+00
    1.43322e+02    0.00000e+00    0.00000e+00    0.00000e+00    0.00000e+00    0.00000e+00    0.00000e+00
    1.50785e+02    0.00000e+00    0.00000e+00    0.00000e+00    0.00000e+00    0.00000e+00    0.00000e+00
    1.58636e+02    0.00000e+00    0.00000e+00    0.00000e+00    0.00000e+00    0.00000e+00    0.00000e+00
    1.66896e+02    0.00000e+00    0.00000e+00    0.00000e+00    0.00000e+00    0.00000e+00    0.00000e+00
    1.75586e+02    0.00000e+00    0.00000e+00    0.00000e+00    0.00000e+00    0.00000e+00    0.00000e+00
    1.84728e+02    0.00000e+00    0.00000e+00    0.00000e+00    0.00000e+00    0.00000e+00    0.00000e+00
    1.94347e+02    0.00000e+00    0.00000e+00    0.00000e+00    0.00000e+00    0.00000e+00    0.00000e+00
    2.04466e+02    0.00000e+00    0.00000e+00    0.00000e+00    0.00000e+00    0.00000e+00    0.00000e+00
    2.15112e+02    0.00000e+00    0.00000e+00    0.00000e+00    0.00000e+00    0.00000e+00    0.00000e+00
    2.26313e+02    0.00000e+00    0.00000e+00    0.00000e+00    0.00000e+00    0.00000e+00    0.00000e+00
    2.38097e+02    0.00000e+00    0.00000e+00    0.00000e+00    0.00000e+00    0.00000e+00    0.00000e+00
    2.50494e+02    0.00000e+00    0.00000e+00    0.00000e+00    0.00000e+00    0.00000e+00    0.00000e+00
    2.63537e+02    0.00000e+00    0.00000e+00    0.00000e+00    0.00000e+00    0.00000e+00    0.00000e+00
    2.77259e+02    0.00000e+00    0.00000e+00    0.00000e+00    0.00000e+00    0.00000e+00    0.00000e+00
    2.91696e+02    0.00000e+00    0.00000e+00    0.00000e+00    0.00000e+00    0.00000e+00    0.00000e+00
    3.06884e+02    0.00000e+00    0.00000e+00    0.00000e+00    0.00000e+00    0.00000e+00    0.00000e+00
    3.22863e+02    0.00000e+00    0.00000e+00    0.00000e+00    0.00000e+00    0.00000e+00    0.00000e+00
    3.39674e+02    0.00000e+00    0.00000e+00    0.00000e+00    0.00000e+00    0.00000e+00    0.00000e+00
    3.57360e+02    0.00000e+00    0.00000e+00    0.00000e+00    0.00000e+00    0.00000e+00    0.00000e+00
    3.75967e+02    0.00000e+00    0.00000e+00    0.00000e+00    0.00000e+00    0.00000e+00    0.00000e+00
    3.95544e+02    0.00000e+00    0.00000e+00    0.00000e+00    0.00000e+00    0.00000e+00    0.00000e+00
    4.16139e+02    0.00000e+00    0.00000e+00    0.00000e+00    0.00000e+00    0.00000e+00    0.00000e+00
    4.37807e+02    0.00000e+00    0.00000e+00    0.00000e+00    0.00000e+00    0.00000e+00    0.00000e+00
    4.60603e+02    0.00000e+00    0.00000e+00    0.00000e+00    0.00000e+00    0.00000e+00    0.00000e+00
    4.84586e+02    0.00000e+00    0.00000e+00    0.00000e+00    0.00000e+00    0.00000e+00    0.00000e+00
    5.09818e+02    0.00000e+00    0.00000e+00    0.00000e+00    0.00000e+00    0.00000e+00    0.00000e+00
    5.36363e+02    0.00000e+00    0.00000e+00    0.00000e+00    0.00000e+00    0.00000e+00    0.00000e+00
    5.64291e+02    0.00000e+00    0.00000e+00    0.00000e+00    0.00000e+00    0.00000e+00    0.00000e+00
    5.93673e+02    0.00000e+00    0.00000e+00    0.00000e+00    0.00000e+00    0.00000e+00    0.00000e+00
    6.24584e+02    0.00000e+00    0.00000e+00    0.00000e+00    0.00000e+00    0.00000e+00    0.00000e+00
    6.57106e+02    0.00000e+00    0.00000e+00    0.00000e+00    0.00000e+00    0.00000e+00    0.00000e+00
    6.91320e+02    0.00000e+00    0.00000e+00    0.00000e+00    0.00000e+00    0.00000e+00    0.00000e+00
    7.27317e+02    0.00000e+00    0.00000e+00    0.00000e+00    0.00000e+00    0.00000e+00    0.00000e+00
    7.65187e+02    0.00000e+00    0.00000e+00    0.00000e+00    0.00000e+00    0.00000e+00    0.00000e+00
    8.05029e+02    0.00000e+00    0.00000e+00    0.00000e+00    0.00000e+00    0.00000e+00    0.00000e+00
    8.46946e+02    0.00000e+00    0.00000e+00    0.00000e+00    0.00000e+00    0.00000e+00    0.00000e+00
    8.91045e+02    0.00000e+00    0.00000e+00    0.00000e+00    0.00000e+00    0.00000e+00    0.00000e+00
    9.37441e+02    0.00000e+00    0.00000e+00    0.00000e+00    0.00000e+00    0.00000e+00    0.00000e+00
    9.86252e+02    0.00000e+00    0.00000e+00    0.00000e+00    0.00000e+00    0.00000e+00    0.00000e+00
    1.03761e+03    0.00000e+00    0.00000e+00    0.00000e+00    0.00000e+00    0.00000e+00    0.00000e+00
    1.09163e+03    0.00000e+00    0.00000e+00    0.00000e+00    0.00000e+00    0.00000e+00    0.00000e+00
    1.14847e+03    0.00000e+00    0.00000e+00    0.00000e+00    0.00000e+00    0.00000e+00    0.00000e+00
    1.20827e+03    0.00000e+00    0.00000e+00    0.00000e+00    0.00000e+00    0.00000e+00    0.00000e+00
    1.27118e+03    0.00000e+00    0.00000e+00    0.00000e+00    0.00000e+00    0.00000e+00    0.00000e+00
    1.33737e+03    0.00000e+00    0.00000e+00    0.00000e+00    0.00000e+00    0.00000e+00    0.00000e+00
    1.40701e+03    0.00000e+00    0.00000e+00    0.00000e+00    0.00000e+00    0.00000e+00    0.00000e+00
    1.48027e+03    0.00000e+00    0.00000e+00    0.00000e+00    0.00000e+00    0.00000e+00    0.00000e+00
    1.55734e+03    0.00000e+00    0.00000e+00    0.00000e+00    0.00000e+00    0.00000e+00    0.00000e+00
    1.63843e+03    0.00000e+00    0.00000e+00    0.00000e+00    0.00000e+00    0.00000e+00    0.00000e+00
    1.72374e+03    0.00000e+00    0.00000e+00    0.00000e+00    0.00000e+00    0.00000e+00    0.00000e+00
    1.81350e+03    0.00000e+00    0.00000e+00    0.00000e+00    0.00000e+00    0.00000e+00    0.00000e+00
    1.90792e+03    0.00000e+00    0.00000e+00    0.00000e+00    0.00000e+00    0.00000e+00    0.00000e+00
    2.00727e+03    0.00000e+00    0.00000e+00    0.00000e+00    0.00000e+00    0.00000e+00    0.00000e+00
    2.11178e+03    0.00000e+00    0.00000e+00    0.00000e+00    0.00000e+00    0.00000e+00    0.00000e+00
    2.22174e+03    0.00000e+00    0.00000e+00    0.00000e+00    0.00000e+00    0.00000e+00    0.00000e+00
    2.33742e+03    0.00000e+00    0.00000e+00    0.00000e+00    0.00000e+00    0.00000e+00    0.00000e+00
    2.45913e+03    0.00000e+00    0.00000e+00    0.00000e+00    0.00000e+00    0.00000e+00    0.00000e+00
    2.58717e+03    0.00000e+00    0.00000e+00    0.00000e+00    0.00000e+00    0.00000e+00    0.00000e+00
    2.72188e+03    0.00000e+00    0.00000e+00    0.00000e+00    0.00000e+00    0.00000e+00    0.00000e+00
    2.86361e+03    0.00000e+00    0.00000e+00    0.00000e+00    0.00000e+00    0.00000e+00    0.00000e+00
    3.01271e+03    0.00000e+00    0.00000e+00    0.00000e+00    0.00000e+00    0.00000e+00    0.00000e+00
    3.16958e+03    0.00000e+00    0.00000e+00    0.00000e+00    0.00000e+00    0.00000e+00    0.00000e+00
    3.33462e+03    0.00000e+00    0.00000e+00    0.00000e+00    0.00000e+00    0.00000e+00    0.00000e+00
    3.50825e+03    0.00000e+00    0.00000e+00    0.00000e+00    0.00000e+00    0.00000e+00    0.00000e+00
    3.69092e+03    0.00000e+00    0.00000e+00    0.00000e+00    0.00000e+00    0.00000e+00    0.00000e+00
    3.88310e+03    0.00000e+00    0.00000e+00    0.00000e+00    0.00000e+00    0.00000e+00    0.00000e+00
    4.08529e+03    0.00000e+00    0.00000e+00    0.00000e+00    0.00000e+00    0.00000e+00    0.00000e+00
    4.29800e+03    0.00000e+00    0.00000e+00    0.00000e+00    0.00000e+00    0.00000e+00    0.00000e+00
    4.52179e+03    0.00000e+00    0.00000e+00    0.00000e+00    0.00000e+00    0.00000e+00    0.00000e+00
    4.75724e+03    0.00000e+00    0.00000e+00    0.00000e+00    0.00000e+00    0.00000e+00    0.00000e+00
    5.00494e+03    0.00000e+00    0.00000e+00    0.00000e+00    0.00000e+00    0.00000e+00    0.00000e+00
    5.26554e+03    0.00000e+00    0.00000e+00    0.00000e+00    0.00000e+00    0.00000e+00    0.00000e+00
    5.53971e+03    0.00000e+00    0.00000e+00    0.00000e+00    0.00000e+00    0.00000e+00    0.00000e+00
    5.82815e+03    0.00000e+00    0.00000e+00    0.00000e+00    0.00000e+00    0.00000e+00    0.00000e+00
    6.13162e+03    0.00000e+00    0.00000e+00    0.00000e+00    0.00000e+00    0.00000e+00    0.00000e+00
    6.45088e+03    0.00000e+00    0.00000e+00    0.00000e+00    0.00000e+00    0.00000e+00    0.00000e+00
    6.78677e+03    0.00000e+00    0.00000e+00    0.00000e+00    0.00000e+00    0.00000e+00    0.00000e+00
    7.14015e+03    0.00000e+00    0.00000e+00    0.00000e+00    0.00000e+00    0.00000e+00    0.00000e+00
    7.51193e+03    0.00000e+00    0.00000e+00    0.00000e+00    0.00000e+00    0.00000e+00    0.00000e+00
    7.90307e+03    0.00000e+00    0.00000e+00    0.00000e+00    0.00000e+00    0.00000e+00    0.00000e+00
    8.31457e+03    0.00000e+00    0.00000e+00    0.00000e+00    0.00000e+00    0.00000e+00    0.00000e+00
    8.74750e+03    0.00000e+00    0.00000e+00    0.00000e+00    0.00000e+00    0.00000e+00    0.00000e+00
    9.20297e+03    0.00000e+00    0.00000e+00    0.00000e+00    0.00000e+00    0.00000e+00    0.00000e+00
    9.68215e+03    0.00000e+00    0.00000e+00    0.00000e+00    0.00000e+00    0.00000e+00    0.00000e+00
    1.01863e+04    0.00000e+00    0.00000e+00    0.00000e+00    0.00000e+00    0.00000e+00    0.00000e+00
    1.07167e+04    0.00000e+00    0.00000e+00    0.00000e+00    0.00000e+00    0.00000e+00    0.00000e+00
    1.12747e+04    0.00000e+00    0.00000e+00    0.00000e+00    0.00000e+00    0.00000e+00    0.00000e+00
    1.18617e+04    0.00000e+00    0.00000e+00    0.00000e+00    0.00000e+00    0.00000e+00    0.00000e+00
    1.24794e+04    0.00000e+00    0.00000e+00    0.00000e+00    0.00000e+00    0.00000e+00    0.00000e+00
    1.31291e+04    0.00000e+00    0.00000e+00    0.00000e+00    0.00000e+00    0.00000e+00    0.00000e+00
    1.38128e+04    0.00000e+00    0.00000e+00    0.00000e+00    0.00000e+00    0.00000e+00    0.00000e+00
    1.45320e+04    0.00000e+00    0.00000e+00    0.00000e+00    0.00000e+00    0.00000e+00    0.00000e+00
    1.52886e+04    0.00000e+00    0.00000e+00    0.00000e+00    0.00000e+00    0.00000e+00    0.00000e+00
    1.60847e+04    0.00000e+00    0.00000e+00    0.00000e+00    0.00000e+00    0.00000e+00    0.00000e+00
    1.69222e+04    0.00000e+00    0.00000e+00    0.00000e+00    0.00000e+00    0.00000e+00    0.00000e+00
    1.78033e+04    0.00000e+00    0.00000e+00    0.00000e+00    0.00000e+00    0.00000e+00    0.00000e+00
    1.87303e+04    0.00000e+00    0.00000e+00    0.00000e+00    0.00000e+00    0.00000e+00    0.00000e+00
    1.97056e+04    0.00000e+00    0.00000e+00    0.00000e+00    0.00000e+00    0.00000e+00    0.00000e+00
    2.07316e+04    0.00000e+00    0.00000e+00    0.00000e+00    0.00000e+00    0.00000e+00    0.00000e+00
    2.18111e+04    0.00000e+00    0.00000e+00    0.00000e+00    0.00000e+00    0.00000e+00    0.00000e+00
    2.29468e+04    0.00000e+00    0.00000e+00    0.00000e+00    0.00000e+00    0.00000e+00    0.00000e+00
    2.41416e+04    0.00000e+00    0.00000e+00    0.00000e+00    0.00000e+00    0.00000e+00    0.00000e+00
    2.53986e+04    0.00000e+00    0.00000e+00    0.00000e+00    0.00000e+00    0.00000e+00    0.00000e+00
    2.67211e+04    0.00000e+00    0.00000e+00    0.00000e+00    0.00000e+00    0.00000e+00    0.00000e+00
    2.81124e+04    0.00000e+00    0.00000e+00    0.00000e+00    0.00000e+00    0.00000e+00    0.00000e+00
    2.95762e+04    0.00000e+00    0.00000e+00    0.00000e+00    0.00000e+00    0.00000e+00    0.00000e+00
    3.11162e+04    0.00000e+00    0.00000e+00    0.00000e+00    0.00000e+00    0.00000e+00    0.00000e+00
    3.27363e+04    0.00000e+00    0.00000e+00    0.00000e+00    0.00000e+00    0.00000e+00    0.00000e+00
    3.44409e+04    0.00000e+00    0.00000e+00    0.00000e+00    0.00000e+00    0.00000e+00    0.00000e+00
    3.62342e+04    0.00000e+00    0.00000e+00    0.00000e+00    0.00000e+00    0.00000e+00    0.00000e+00
    3.81208e+04    0.00000e+00    0.00000e+00    0.00000e+00    0.00000e+00    0.00000e+00    0.00000e+00
    4.01057e+04    0.00000e+00    0.00000e+00    0.00000e+00    0.00000e+00    0.00000e+00    0.00000e+00
    4.21940e+04    0.00000e+00    0.00000e+00    0.00000e+00    0.00000e+00    0.00000e+00    0.00000e+00
    4.43910e+04    0.00000e+00    0.00000e+00    0.00000e+00    0.00000e+00    0.00000e+00    0.00000e+00
    4.67023e+04    0.00000e+00    0.00000e+00    0.00000e+00    0.00000e+00    0.00000e+00    0.00000e+00
    4.91341e+04    0.00000e+00    0.00000e+00    0.00000e+00    0.00000e+00    0.00000e+00    0.00000e+00
    5.16924e+04    0.00000e+00    0.00000e+00    0.00000e+00    0.00000e+00    0.00000e+00    0.00000e+00
    5.43840e+04    0.00000e+00    0.00000e+00    0.00000e+00    0.00000e+00    0.00000e+00    0.00000e+00
    5.72157e+04    0.00000e+00    0.00000e+00    0.00000e+00    0.00000e+00    0.00000e+00    0.00000e+00
    6.01948e+04    0.00000e+00    0.00000e+00    0.00000e+00    0.00000e+00    0.00000e+00    0.00000e+00
    6.33291e+04    0.00000e+00    0.00000e+00    0.00000e+00    0.00000e+00    0.00000e+00    0.00000e+00
    6.66265e+04    0.00000e+00    0.00000e+00    0.00000e+00    0.00000e+00    0.00000e+00    0.00000e+00
    7.00957e+04    0.00000e+00    0.00000e+00    0.00000e+00    0.00000e+00    0.00000e+00    0.00000e+00
    7.37455e+04    0.00000e+00    0.00000e+00    0.00000e+00    0.00000e+00    0.00000e+00    0.00000e+00
    7.75853e+04    0.00000e+00    0.00000e+00    0.00000e+00    0.00000e+00    0.00000e+00    0.00000e+00
    8.16251e+04    0.00000e+00    0.00000e+00    0.00000e+00    0.00000e+00    0.00000e+00    0.00000e+00
    8.58752e+04    0.00000e+00    0.00000e+00    0.00000e+00    0.00000e+00    0.00000e+00    0.00000e+00
    9.03466e+04    0.00000e+00    0.00000e+00    0.00000e+00    0.00000e+00    0.00000e+00    0.00000e+00
    9.50508e+04    0.00000e+00    0.00000e+00    0.00000e+00    0.00000e+00    0.00000e+00    0.00000e+00
    1.00000e+05    0.00000e+00    0.00000e+00    0.00000e+00    0.00000e+00    0.00000e+00    0.00000e+00
