# # E_gamma (MeV)  Final State Radiation (MeV^-1 s^-1)
5.145440e-01 1.303555e+18
5.413360e-01 1.224171e+18
5.695230e-01 1.151425e+18
5.991770e-01 1.080144e+18
6.303750e-01 1.015107e+18
6.631980e-01 9.511999e+17
6.977300e-01 8.931195e+17
7.340600e-01 8.359155e+17
7.722810e-01 7.816694e+17
8.124930e-01 7.330026e+17
8.547980e-01 6.845838e+17
8.993070e-01 6.412738e+17
9.461320e-01 5.981495e+17
9.953960e-01 5.573603e+17
1.047230e+00 5.213150e+17
1.101750e+00 4.851133e+17
1.159120e+00 4.509389e+17
1.219470e+00 4.210877e+17
1.282970e+00 3.908582e+17
1.349770e+00 3.623880e+17
1.420050e+00 3.356029e+17
1.493990e+00 3.127074e+17
1.571780e+00 2.891456e+17
1.653620e+00 2.670296e+17
1.739730e+00 2.462865e+17
1.830310e+00 2.289299e+17
1.925610e+00 2.108012e+17
2.025880e+00 1.938465e+17
2.131360e+00 1.780083e+17
2.242340e+00 1.632288e+17
2.359100e+00 1.512482e+17
2.481930e+00 1.384411e+17
2.611160e+00 1.265298e+17
2.747120e+00 1.154656e+17
2.890160e+00 1.052028e+17
3.040650e+00 9.569820e+16
3.198970e+00 8.831137e+16
3.365530e+00 8.017306e+16
3.540770e+00 7.266284e+16
3.725140e+00 6.574086e+16
3.919100e+00 5.937145e+16
4.123160e+00 5.352179e+16
4.337850e+00 4.815582e+16
4.563720e+00 4.324588e+16
4.801340e+00 3.966515e+16
5.051340e+00 3.553867e+16
5.314360e+00 3.177677e+16
5.591070e+00 2.835336e+16
5.882190e+00 2.524507e+16
6.188470e+00 2.242768e+16
6.510690e+00 1.987923e+16
6.849700e+00 1.757974e+16
7.206350e+00 1.550983e+16
7.581580e+00 1.364847e+16
7.976340e+00 1.198053e+16
8.391660e+00 1.048934e+16
8.828600e+00 9.158253e+15
9.288290e+00 7.973222e+15
9.771920e+00 6.922410e+15
1.028070e+01 6.268558e+15
1.081600e+01 5.424528e+15
1.137920e+01 4.679252e+15
1.197170e+01 4.023399e+15
1.259510e+01 3.448888e+15
1.325090e+01 2.946352e+15
1.394080e+01 2.507919e+15
1.466670e+01 2.126977e+15
1.543040e+01 1.797439e+15
1.623380e+01 1.512966e+15
1.707910e+01 1.268358e+15
1.796840e+01 1.059046e+15
1.890400e+01 8.801370e+14
1.988830e+01 7.282955e+14
2.092380e+01 6.000148e+14
2.201330e+01 4.916738e+14
2.315950e+01 4.008457e+14
2.436540e+01 3.251702e+14
2.563410e+01 2.621534e+14
2.696880e+01 2.102152e+14
2.837300e+01 1.676177e+14
2.985040e+01 1.328678e+14
3.140470e+01 1.044819e+14
3.303990e+01 8.174109e+13
3.476020e+01 6.352644e+13
3.657010e+01 4.895936e+13
3.847430e+01 3.738298e+13
4.047760e+01 2.838005e+13
4.258520e+01 2.139707e+13
4.480250e+01 1.599547e+13
4.713530e+01 1.182006e+13
4.958960e+01 8.669489e+12
5.217170e+01 6.294291e+12
5.488820e+01 4.509468e+12
5.774620e+01 3.209112e+12
6.075290e+01 2.253355e+12
6.391620e+01 1.569093e+12
6.724430e+01 1.085004e+12
7.074560e+01 7.454692e+11
7.442920e+01 5.064138e+11
7.830470e+01 3.447084e+11
8.238190e+01 2.353692e+11
8.667140e+01 1.626812e+11
9.118430e+01 1.157356e+11
9.593210e+01 8.431622e+10
1.009270e+02 5.559253e+10
1.061820e+02 2.989006e+10
1.117110e+02 1.882296e+10
1.175280e+02 1.510778e+10
1.236470e+02 7.977172e+09
1.300850e+02 2.063313e+09
1.368590e+02 9.662102e+08
1.439850e+02 0.000000e+00
