# # E_gamma (MeV)  Final State Radiation (MeV^-1 s^-1)
5.145440e-01 2.237682e+19
5.413360e-01 2.125774e+19
5.695230e-01 2.019407e+19
5.991770e-01 1.918307e+19
6.303750e-01 1.822211e+19
6.631980e-01 1.730871e+19
6.977300e-01 1.644052e+19
7.340600e-01 1.561532e+19
7.722810e-01 1.483098e+19
8.124930e-01 1.408545e+19
8.547980e-01 1.337684e+19
8.993070e-01 1.270330e+19
9.461320e-01 1.206313e+19
9.953960e-01 1.145465e+19
1.047230e+00 1.087624e+19
1.101750e+00 1.032661e+19
1.159120e+00 9.804085e+18
1.219470e+00 9.307502e+18
1.282970e+00 8.835455e+18
1.349770e+00 8.386833e+18
1.420050e+00 7.960422e+18
1.493990e+00 7.555135e+18
1.571780e+00 7.169925e+18
1.653620e+00 6.803805e+18
1.739730e+00 6.455796e+18
1.830310e+00 6.125089e+18
1.925610e+00 5.810760e+18
2.025880e+00 5.511993e+18
2.131360e+00 5.228071e+18
2.242340e+00 4.958213e+18
2.359100e+00 4.701746e+18
2.481930e+00 4.458019e+18
2.611160e+00 4.226383e+18
2.747120e+00 4.006245e+18
2.890160e+00 3.797040e+18
3.040650e+00 3.598227e+18
3.198970e+00 3.409313e+18
3.365530e+00 3.229789e+18
3.540770e+00 3.059188e+18
3.725140e+00 2.897075e+18
3.919100e+00 2.743044e+18
4.123160e+00 2.596689e+18
4.337850e+00 2.457629e+18
4.563720e+00 2.325508e+18
4.801340e+00 2.200017e+18
5.051340e+00 2.080776e+18
5.314360e+00 1.967501e+18
5.591070e+00 1.859903e+18
5.882190e+00 1.757700e+18
6.188470e+00 1.660630e+18
6.510690e+00 1.568443e+18
6.849700e+00 1.480896e+18
7.206350e+00 1.397767e+18
7.581580e+00 1.318837e+18
7.976340e+00 1.243904e+18
8.391660e+00 1.172770e+18
8.828600e+00 1.105254e+18
9.288290e+00 1.041177e+18
9.771920e+00 9.803719e+17
1.028070e+01 9.228035e+17
1.081600e+01 8.680914e+17
1.137920e+01 8.161975e+17
1.197170e+01 7.669900e+17
1.259510e+01 7.203331e+17
1.325090e+01 6.761110e+17
1.394080e+01 6.342043e+17
1.466670e+01 5.944938e+17
1.543040e+01 5.568771e+17
1.623380e+01 5.212556e+17
1.707910e+01 4.875263e+17
1.796840e+01 4.556001e+17
1.890400e+01 4.253881e+17
1.988830e+01 3.968062e+17
2.092380e+01 3.697740e+17
2.201330e+01 3.442110e+17
2.315950e+01 3.200454e+17
2.436540e+01 2.972051e+17
2.563410e+01 2.756216e+17
2.696880e+01 2.552300e+17
2.837300e+01 2.359657e+17
2.985040e+01 2.177663e+17
3.140470e+01 2.005741e+17
3.303990e+01 1.843316e+17
3.476020e+01 1.689838e+17
3.657010e+01 1.544768e+17
3.847430e+01 1.407596e+17
4.047760e+01 1.277848e+17
4.258520e+01 1.155074e+17
4.480250e+01 1.038868e+17
4.713530e+01 9.288731e+16
4.958960e+01 8.248186e+16
5.217170e+01 7.265109e+16
5.488820e+01 6.338963e+16
5.774620e+01 5.470381e+16
6.075290e+01 4.661287e+16
6.391620e+01 3.915644e+16
6.724430e+01 3.237425e+16
7.074560e+01 2.631147e+16
7.442920e+01 2.100445e+16
7.830470e+01 1.646472e+16
8.238190e+01 1.267974e+16
8.667140e+01 9.603975e+15
9.118430e+01 7.169633e+15
9.593210e+01 5.284093e+15
1.009270e+02 3.856126e+15
1.061820e+02 2.792895e+15
1.117110e+02 2.008428e+15
1.175280e+02 1.434922e+15
1.236470e+02 1.013609e+15
1.300850e+02 7.031431e+14
1.368590e+02 4.750502e+14
1.439850e+02 3.090335e+14
1.514820e+02 1.928550e+14
1.593690e+02 1.157565e+14
1.676680e+02 6.717767e+13
1.763980e+02 3.830427e+13
1.855830e+02 2.152394e+13
1.952460e+02 1.193636e+13
2.054120e+02 6.505099e+12
2.161070e+02 3.353153e+12
2.273600e+02 1.622410e+12
2.391980e+02 7.458594e+11
2.516530e+02 3.288828e+11
2.647560e+02 1.446570e+11
2.785410e+02 6.131757e+10
2.930450e+02 2.409269e+10
3.083030e+02 8.968631e+09
3.243560e+02 3.087223e+09
3.412450e+02 1.050428e+09
3.590130e+02 3.427459e+08
3.777060e+02 9.773914e+07
3.973730e+02 2.721541e+07
4.180640e+02 7.124777e+06
4.398320e+02 1.655945e+06
4.627330e+02 3.854574e+05
4.868270e+02 7.775725e+04
5.121760e+02 1.477190e+04
5.388440e+02 2.587148e+03
5.669010e+02 3.882988e+02
5.964180e+02 5.858186e+01
6.274730e+02 7.314768e+00
6.601450e+02 7.324520e-01
6.945180e+02 9.058173e-02
7.306800e+02 7.537563e-03
7.687260e+02 6.076541e-04
8.087520e+02 4.592929e-05
8.508630e+02 2.293117e-06
8.951660e+02 1.479574e-07
9.417770e+02 6.591455e-09
9.908140e+02 2.733536e-10
1.042400e+03 8.441022e-12
1.096680e+03 2.329605e-13
1.153780e+03 6.194782e-15
1.213860e+03 1.216655e-16
1.277060e+03 1.722700e-18
1.343560e+03 2.397259e-20
1.413520e+03 2.600343e-22
1.487120e+03 1.835564e-24
1.564550e+03 1.288274e-26
1.646010e+03 6.099593e-29
1.731720e+03 2.086106e-31
1.821890e+03 6.450495e-34
1.916750e+03 1.117642e-36
2.016550e+03 1.895931e-39
2.121550e+03 1.678615e-42
2.232020e+03 1.413458e-45
2.348230e+03 6.099742e-49
2.470500e+03 2.232487e-52
2.599140e+03 4.889775e-56
2.734470e+03 6.252708e-60
2.876850e+03 6.312790e-64
3.026650e+03 3.475223e-68
3.184240e+03 1.028125e-72
3.350040e+03 1.951527e-77
3.524470e+03 2.269716e-82
3.707990e+03 1.441223e-87
3.901060e+03 4.739941e-93
4.104180e+03 7.926264e-99
4.317880e+03 6.562052e-105
4.542710e+03 2.563091e-111
4.779240e+03 4.476148e-118
5.028090e+03 3.529595e-125
5.289890e+03 1.363527e-132
5.565330e+03 2.111935e-140
5.855110e+03 1.039790e-148
6.159980e+03 2.557674e-157
6.480720e+03 1.642740e-166
6.818160e+03 4.705001e-176
7.173170e+03 3.638669e-186
7.546670e+03 7.820412e-197
7.939620e+03 5.034552e-208
8.353020e+03 8.664532e-220
8.787950e+03 3.692317e-232
9.245530e+03 3.838705e-245
9.726930e+03 7.916327e-259
1.023340e+04 2.686195e-273
1.076620e+04 2.096074e-288
1.132680e+04 2.293650e-304
1.191660e+04 0.000000e+00
