# E_gamma(MeV)   IFA_secondary_masked(MeV^-1 s^-1)
5.145440e-01 4.711289e+17
5.413360e-01 9.828584e+17
5.695230e-01 1.686745e+18
5.991770e-01 2.518322e+18
6.303750e-01 3.366455e+18
6.631980e-01 4.119982e+18
6.977300e-01 4.715983e+18
7.340600e-01 5.138897e+18
7.722810e-01 5.400365e+18
8.124930e-01 5.523394e+18
8.547980e-01 5.533752e+18
8.993070e-01 5.456193e+18
9.461320e-01 5.312646e+18
9.953960e-01 5.121600e+18
1.047230e+00 4.898320e+18
1.101750e+00 4.654845e+18
1.159120e+00 4.400255e+18
1.219470e+00 4.141356e+18
1.282970e+00 3.883149e+18
1.349770e+00 3.629340e+18
1.420050e+00 3.382596e+18
1.493990e+00 3.144798e+18
1.571780e+00 2.917161e+18
1.653620e+00 2.700532e+18
1.739730e+00 2.495356e+18
1.830310e+00 2.301798e+18
1.925610e+00 2.119825e+18
2.025880e+00 1.949258e+18
2.131360e+00 1.789821e+18
2.242340e+00 1.641107e+18
2.359100e+00 1.502692e+18
2.481930e+00 1.374108e+18
2.611160e+00 1.254870e+18
2.747120e+00 1.144465e+18
2.890160e+00 1.042407e+18
3.040650e+00 9.482027e+17
3.198970e+00 8.613709e+17
3.365530e+00 7.814434e+17
3.540770e+00 7.079718e+17
3.725140e+00 6.405188e+17
3.919100e+00 5.786767e+17
4.123160e+00 5.220513e+17
4.337850e+00 4.702732e+17
4.563720e+00 4.229891e+17
4.801340e+00 3.798697e+17
5.051340e+00 3.405973e+17
5.314360e+00 3.048792e+17
5.591070e+00 2.724363e+17
5.882190e+00 2.430147e+17
6.188470e+00 2.163705e+17
6.510690e+00 1.922842e+17
6.849700e+00 1.705427e+17
7.206350e+00 1.509524e+17
7.581580e+00 1.333307e+17
7.976340e+00 1.175154e+17
8.391660e+00 1.033347e+17
8.828600e+00 9.065177e+16
9.288290e+00 7.933438e+16
9.771920e+00 6.925420e+16
1.028070e+01 6.029166e+16
1.081600e+01 5.235124e+16
1.137920e+01 4.532986e+16
1.197170e+01 3.913380e+16
1.259510e+01 3.368216e+16
1.325090e+01 2.889944e+16
1.394080e+01 2.471482e+16
1.466670e+01 2.106423e+16
1.543040e+01 1.788997e+16
1.623380e+01 1.513878e+16
1.707910e+01 1.276092e+16
1.796840e+01 1.071546e+16
1.890400e+01 8.960167e+15
1.988830e+01 7.460287e+15
2.092380e+01 6.182959e+15
2.201330e+01 5.101055e+15
2.315950e+01 4.186465e+15
2.436540e+01 3.418781e+15
2.563410e+01 2.777271e+15
2.696880e+01 2.244146e+15
2.837300e+01 1.802741e+15
2.985040e+01 1.440028e+15
3.140470e+01 1.143228e+15
3.303990e+01 9.016910e+14
3.476020e+01 7.063096e+14
3.657010e+01 5.495074e+14
3.847430e+01 4.244177e+14
4.047760e+01 3.253332e+14
4.258520e+01 2.474471e+14
4.480250e+01 1.867626e+14
4.713530e+01 1.397851e+14
4.958960e+01 1.036465e+14
5.217170e+01 7.611305e+13
5.488820e+01 5.537024e+13
5.774620e+01 3.988461e+13
6.075290e+01 2.845223e+13
6.391620e+01 2.012089e+13
6.724430e+01 1.410904e+13
7.074560e+01 9.826231e+12
7.442920e+01 6.809481e+12
7.830470e+01 4.704913e+12
8.238190e+01 3.253787e+12
8.667140e+01 2.261867e+12
9.118430e+01 1.572382e+12
9.593210e+01 1.080091e+12
1.009270e+02 7.296986e+11
1.061820e+02 4.806432e+11
1.117110e+02 2.980929e+11
1.175280e+02 1.718008e+11
1.236470e+02 9.761873e+10
1.300850e+02 5.241837e+10
1.368590e+02 2.066506e+10
1.439850e+02 4.139188e+09
