# E_gamma(MeV)   IFA_primary_masked(MeV^-1 s^-1)
5.145440e-01 4.531442e+19
5.413360e-01 6.464471e+19
5.695230e-01 8.478064e+19
5.991770e-01 9.335923e+19
6.303750e-01 9.832491e+19
6.631980e-01 1.007151e+20
6.977300e-01 1.012636e+20
7.340600e-01 1.004932e+20
7.722810e-01 9.878188e+19
8.124930e-01 9.640616e+19
8.547980e-01 9.357033e+19
8.993070e-01 9.042627e+19
9.461320e-01 8.708769e+19
9.953960e-01 8.364037e+19
1.047230e+00 8.014857e+19
1.101750e+00 7.666099e+19
1.159120e+00 7.321407e+19
1.219470e+00 6.983506e+19
1.282970e+00 6.654313e+19
1.349770e+00 6.335193e+19
1.420050e+00 6.027024e+19
1.493990e+00 5.730381e+19
1.571780e+00 5.445562e+19
1.653620e+00 5.172708e+19
1.739730e+00 4.911792e+19
1.830310e+00 4.662677e+19
1.925610e+00 4.425141e+19
2.025880e+00 4.198897e+19
2.131360e+00 3.983598e+19
2.242340e+00 3.778883e+19
2.359100e+00 3.584358e+19
2.481930e+00 3.399615e+19
2.611160e+00 3.224246e+19
2.747120e+00 3.057839e+19
2.890160e+00 2.899982e+19
3.040650e+00 2.750280e+19
3.198970e+00 2.608339e+19
3.365530e+00 2.473776e+19
3.540770e+00 2.346226e+19
3.725140e+00 2.225334e+19
3.919100e+00 2.110756e+19
4.123160e+00 2.002168e+19
4.337850e+00 1.899259e+19
4.563720e+00 1.801727e+19
4.801340e+00 1.709310e+19
5.051340e+00 1.621692e+19
5.314360e+00 1.538636e+19
5.591070e+00 1.459896e+19
5.882190e+00 1.385250e+19
6.188470e+00 1.314435e+19
6.510690e+00 1.247295e+19
6.849700e+00 1.183593e+19
7.206350e+00 1.123172e+19
7.581580e+00 1.065828e+19
7.976340e+00 1.011411e+19
8.391660e+00 9.597519e+18
8.828600e+00 9.107198e+18
9.288290e+00 8.641294e+18
9.771920e+00 8.198663e+18
1.028070e+01 7.777902e+18
1.081600e+01 7.378021e+18
1.137920e+01 6.997699e+18
1.197170e+01 6.635950e+18
1.259510e+01 6.291684e+18
1.325090e+01 5.964035e+18
1.394080e+01 5.651840e+18
1.466670e+01 5.354339e+18
1.543040e+01 5.070681e+18
1.623380e+01 4.800081e+18
1.707910e+01 4.541792e+18
1.796840e+01 4.295092e+18
1.890400e+01 4.059344e+18
1.988830e+01 3.833866e+18
2.092380e+01 3.618020e+18
2.201330e+01 3.411251e+18
2.315950e+01 3.213006e+18
2.436540e+01 3.022729e+18
2.563410e+01 2.839967e+18
2.696880e+01 2.664364e+18
2.837300e+01 2.495357e+18
2.985040e+01 2.332416e+18
3.140470e+01 2.175250e+18
3.303990e+01 2.023503e+18
3.476020e+01 1.876732e+18
3.657010e+01 1.734927e+18
3.847430e+01 1.597766e+18
4.047760e+01 1.465058e+18
4.258520e+01 1.336575e+18
4.480250e+01 1.212385e+18
4.713530e+01 1.092303e+18
4.958960e+01 9.766839e+17
5.217170e+01 8.656903e+17
5.488820e+01 7.597610e+17
5.774620e+01 6.593744e+17
6.075290e+01 5.652632e+17
6.391620e+01 4.779608e+17
6.724430e+01 3.982433e+17
7.074560e+01 3.267361e+17
7.442920e+01 2.637710e+17
7.830470e+01 2.094289e+17
8.238190e+01 1.636975e+17
8.667140e+01 1.260003e+17
9.118430e+01 9.562694e+16
9.593210e+01 7.167906e+16
1.009270e+02 5.315514e+16
1.061820e+02 3.903815e+16
1.117110e+02 2.842450e+16
1.175280e+02 2.050809e+16
1.236470e+02 1.462750e+16
1.300850e+02 1.027622e+16
1.368590e+02 7.067665e+15
1.439850e+02 4.740413e+15
1.514820e+02 3.081362e+15
1.593690e+02 1.935114e+15
1.676680e+02 1.164738e+15
1.763980e+02 6.959957e+14
1.855830e+02 3.951919e+14
1.952460e+02 2.203175e+14
2.054120e+02 1.190692e+14
2.161070e+02 7.093404e+13
2.273600e+02 3.264760e+13
2.391980e+02 1.875892e+13
2.516530e+02 7.928613e+12
2.647560e+02 4.266803e+12
2.785410e+02 1.660951e+12
2.930450e+02 6.891618e+11
3.083030e+02 3.168489e+11
3.243560e+02 1.163200e+11
3.412450e+02 4.744914e+10
3.590130e+02 1.630185e+10
3.777060e+02 5.925448e+09
3.973730e+02 2.052183e+09
4.180640e+02 6.287571e+08
4.398320e+02 1.754967e+08
4.627330e+02 4.668635e+07
4.868270e+02 1.115830e+07
5.121760e+02 2.552217e+06
5.388440e+02 5.573747e+05
5.669010e+02 1.014594e+05
5.964180e+02 1.146804e+04
6.274730e+02 2.368436e+03
6.601450e+02 3.867862e+02
6.945180e+02 4.881611e+01
7.306800e+02 1.163284e+01
7.687260e+02 1.747222e+00
8.087520e+02 6.890594e-01
8.508630e+02 0.000000e+00
8.951660e+02 0.000000e+00
9.417770e+02 0.000000e+00
9.908140e+02 0.000000e+00
1.042400e+03 0.000000e+00
1.096680e+03 0.000000e+00
1.153780e+03 0.000000e+00
1.213860e+03 0.000000e+00
1.277060e+03 0.000000e+00
1.343560e+03 0.000000e+00
1.413520e+03 0.000000e+00
1.487120e+03 0.000000e+00
1.564550e+03 0.000000e+00
1.646010e+03 0.000000e+00
1.731720e+03 0.000000e+00
1.821890e+03 0.000000e+00
1.916750e+03 0.000000e+00
2.016550e+03 0.000000e+00
2.121550e+03 0.000000e+00
2.232020e+03 0.000000e+00
2.348230e+03 0.000000e+00
2.470500e+03 0.000000e+00
2.599140e+03 0.000000e+00
2.734470e+03 0.000000e+00
2.876850e+03 0.000000e+00
3.026650e+03 0.000000e+00
3.184240e+03 0.000000e+00
3.350040e+03 0.000000e+00
3.524470e+03 0.000000e+00
3.707990e+03 0.000000e+00
3.901060e+03 0.000000e+00
4.104180e+03 0.000000e+00
4.317880e+03 0.000000e+00
4.542710e+03 0.000000e+00
4.779240e+03 0.000000e+00
5.028090e+03 0.000000e+00
5.289890e+03 0.000000e+00
5.565330e+03 0.000000e+00
5.855110e+03 0.000000e+00
6.159980e+03 0.000000e+00
6.480720e+03 0.000000e+00
6.818160e+03 0.000000e+00
7.173170e+03 0.000000e+00
7.546670e+03 0.000000e+00
7.939620e+03 0.000000e+00
8.353020e+03 0.000000e+00
8.787950e+03 0.000000e+00
9.245530e+03 0.000000e+00
9.726930e+03 0.000000e+00
1.023340e+04 0.000000e+00
1.076620e+04 0.000000e+00
1.132680e+04 0.000000e+00
1.191660e+04 0.000000e+00
