# # E_gamma (MeV)  Final State Radiation (MeV^-1 s^-1)
5.145440e-01 5.456202e+09
5.413360e-01 4.170809e+09
5.695230e-01 3.710847e+09
5.991770e-01 2.789084e+09
6.303750e-01 2.474471e+09
6.631980e-01 1.832246e+09
6.977300e-01 1.620382e+09
7.340600e-01 1.220464e+09
7.722810e-01 9.365789e+08
8.124930e-01 8.217277e+08
8.547980e-01 5.820287e+08
8.993070e-01 5.042148e+08
9.461320e-01 3.068618e+08
9.953960e-01 1.701599e+08
1.047230e+00 1.463331e+08
1.101750e+00 6.432708e+07
1.159120e+00 4.050176e+07
1.219470e+00 3.501375e+07
1.282970e+00 2.296800e+07
1.349770e+00 1.030631e+07
1.420050e+00 6.293121e+06
1.493990e+00 5.358641e+06
1.571780e+00 2.207929e+06
1.653620e+00 8.089524e+05
1.739730e+00 2.267784e+05
1.830310e+00 1.923706e+05
1.925610e+00 8.044658e+04
2.025880e+00 2.390008e+04
2.131360e+00 1.102195e+04
2.242340e+00 8.541309e+03
2.359100e+00 7.280855e+03
2.481930e+00 3.514240e+03
2.611160e+00 2.578890e+03
2.747120e+00 5.375166e+02
2.890160e+00 4.135611e+01
3.040650e+00 1.226712e+01
3.198970e+00 1.037374e+01
3.365530e+00 6.611208e+00
3.540770e+00 3.685590e-01
3.725140e+00 2.019912e-01
3.919100e+00 8.884784e-02
4.123160e+00 1.397622e-02
4.337850e+00 3.067054e-04
4.563720e+00 1.259472e-04
4.801340e+00 1.004937e-04
5.051340e+00 7.201774e-06
5.314360e+00 1.430254e-06
5.591070e+00 8.085573e-07
5.882190e+00 9.103593e-09
6.188470e+00 2.311795e-09
6.510690e+00 1.856289e-11
6.849700e+00 1.292992e-12
7.206350e+00 7.943110e-14
7.581580e+00 5.319062e-15
7.976340e+00 2.869204e-15
8.391660e+00 1.057740e-16
8.828600e+00 4.135506e-17
9.288290e+00 1.224651e-18
9.771920e+00 1.074537e-20
1.028070e+01 8.204312e-21
1.081600e+01 1.393666e-22
1.137920e+01 6.477105e-26
1.197170e+01 1.005786e-27
1.259510e+01 4.629944e-28
1.325090e+01 9.441623e-31
1.394080e+01 1.222029e-34
1.466670e+01 6.419097e-35
1.543040e+01 4.425797e-41
1.623380e+01 4.507410e-43
1.707910e+01 1.157136e-45
1.796840e+01 2.653948e-48
1.890400e+01 1.380672e-48
1.988830e+01 2.782726e-52
2.092380e+01 1.594580e-55
2.201330e+01 2.458728e-61
2.315950e+01 2.060751e-66
2.436540e+01 3.737278e-67
2.563410e+01 1.506725e-70
2.696880e+01 8.585673e-80
2.837300e+01 3.800567e-84
2.985040e+01 2.984969e-89
3.140470e+01 6.074471e-95
3.303990e+01 2.529022e-95
3.476020e+01 2.852531e-106
3.657010e+01 1.615572e-112
3.847430e+01 1.039047e-118
4.047760e+01 5.978762e-119
4.258520e+01 1.053748e-125
4.480250e+01 3.022289e-133
4.713530e+01 3.538801e-149
4.958960e+01 2.623003e-157
5.217170e+01 1.080678e-165
5.488820e+01 2.965648e-166
5.774620e+01 4.031274e-175
6.075290e+01 1.923212e-195
6.391620e+01 3.212886e-206
6.724430e+01 2.417493e-206
7.074560e+01 2.015520e-229
7.442920e+01 2.455622e-242
7.830470e+01 4.154132e-256
8.238190e+01 2.950976e-269
8.667140e+01 3.293891e-276
9.118430e+01 1.596575e-283
9.593210e+01 1.242020e-298
1.009270e+02 0.000000e+00
