# # E_gamma (MeV)  Final State Radiation (MeV^-1 s^-1)
5.145440e-01 4.078293e+14
5.413360e-01 3.161868e+14
5.695230e-01 2.811097e+14
5.991770e-01 2.137403e+14
6.303750e-01 1.891582e+14
6.631980e-01 1.403553e+14
6.977300e-01 1.234978e+14
7.340600e-01 8.869967e+13
7.722810e-01 6.112809e+13
8.124930e-01 5.362219e+13
8.547980e-01 3.551344e+13
8.993070e-01 3.092506e+13
9.461320e-01 1.974973e+13
9.953960e-01 1.224280e+13
1.047230e+00 1.062631e+13
1.101750e+00 6.451879e+12
1.159120e+00 3.844320e+12
1.219470e+00 3.319272e+12
1.282970e+00 1.951560e+12
1.349770e+00 1.099378e+12
1.420050e+00 5.855480e+11
1.493990e+00 5.022309e+11
1.571780e+00 2.520281e+11
1.653620e+00 1.197064e+11
1.739730e+00 5.600428e+10
1.830310e+00 4.767294e+10
1.925610e+00 2.169413e+10
2.025880e+00 9.425200e+09
2.131360e+00 3.833589e+09
2.242340e+00 1.418236e+09
2.359100e+00 1.193789e+09
2.481930e+00 4.328651e+08
2.611160e+00 1.524405e+08
2.747120e+00 4.862423e+07
2.890160e+00 1.465331e+07
3.040650e+00 4.046814e+06
3.198970e+00 3.348566e+06
3.365530e+00 8.848647e+05
3.540770e+00 2.223490e+05
3.725140e+00 4.747866e+04
3.919100e+00 1.021464e+04
4.123160e+00 1.941295e+03
4.337850e+00 3.089379e+02
4.563720e+00 5.372490e+01
4.801340e+00 4.309131e+01
5.051340e+00 5.773278e+00
5.314360e+00 6.998217e-01
5.591070e+00 8.932392e-02
5.882190e+00 8.282879e-03
6.188470e+00 7.732269e-04
6.510690e+00 6.300079e-05
6.849700e+00 3.437946e-06
7.206350e+00 2.653687e-07
7.581580e+00 1.194301e-08
7.976340e+00 5.979173e-10
8.391660e+00 2.269064e-11
8.828600e+00 6.699129e-13
9.288290e+00 1.888858e-14
9.771920e+00 4.766458e-16
1.028070e+01 3.639533e-16
1.081600e+01 6.341967e-18
1.137920e+01 8.955982e-20
1.197170e+01 1.239351e-21
1.259510e+01 1.145415e-23
1.325090e+01 8.023149e-26
1.394080e+01 5.416302e-28
1.466670e+01 2.137973e-30
1.543040e+01 7.704616e-33
1.623380e+01 1.918625e-35
1.707910e+01 3.368586e-38
1.796840e+01 4.704460e-41
1.890400e+01 4.113413e-44
1.988830e+01 2.738281e-47
2.092380e+01 1.224984e-50
2.201330e+01 3.272025e-54
2.315950e+01 7.198979e-58
2.436540e+01 7.960844e-62
2.563410e+01 5.850996e-66
2.696880e+01 3.053148e-70
2.837300e+01 8.533630e-75
2.985040e+01 1.257924e-79
3.140470e+01 1.069408e-84
3.303990e+01 5.196919e-90
3.476020e+01 1.355033e-95
3.657010e+01 1.791582e-101
3.847430e+01 1.157419e-107
4.047760e+01 3.602613e-114
4.258520e+01 5.420756e-121
4.480250e+01 3.683296e-128
4.713530e+01 9.092312e-136
4.958960e+01 8.865653e-144
5.217170e+01 4.163853e-152
5.488820e+01 5.279396e-161
5.774620e+01 3.146099e-170
6.075290e+01 4.856109e-180
6.391620e+01 2.382750e-190
6.724430e+01 3.821879e-201
7.074560e+01 1.640250e-212
7.442920e+01 1.711261e-224
7.830470e+01 4.053847e-237
8.238190e+01 2.240406e-250
8.667140e+01 2.894087e-264
9.118430e+01 5.265310e-279
9.593210e+01 2.219234e-294
1.009270e+02 0.000000e+00
