# # E_gamma (MeV)  Final State Radiation (MeV^-1 s^-1)
5.145440e-01 7.737293e+18
5.413360e-01 7.294219e+18
5.695230e-01 6.880968e+18
5.991770e-01 6.482080e+18
6.303750e-01 6.110955e+18
6.631980e-01 5.752136e+18
6.977300e-01 5.419075e+18
7.340600e-01 5.096614e+18
7.722810e-01 4.790501e+18
8.124930e-01 4.508497e+18
8.547980e-01 4.233862e+18
8.993070e-01 3.981362e+18
9.461320e-01 3.735308e+18
9.953960e-01 3.502063e+18
1.047230e+00 3.289217e+18
1.101750e+00 3.080706e+18
1.159120e+00 2.883256e+18
1.219470e+00 2.704457e+18
1.282970e+00 2.528346e+18
1.349770e+00 2.361832e+18
1.420050e+00 2.204477e+18
1.493990e+00 2.064002e+18
1.571780e+00 1.924163e+18
1.653620e+00 1.792220e+18
1.739730e+00 1.667786e+18
1.830310e+00 1.558341e+18
1.925610e+00 1.448251e+18
2.025880e+00 1.344624e+18
2.131360e+00 1.247148e+18
2.242340e+00 1.155538e+18
2.359100e+00 1.076781e+18
2.481930e+00 9.962311e+17
2.611160e+00 9.206767e+17
2.747120e+00 8.498861e+17
2.890160e+00 7.836188e+17
3.040650e+00 7.216411e+17
3.198970e+00 6.700527e+17
3.365530e+00 6.160428e+17
3.540770e+00 5.656573e+17
3.725140e+00 5.187122e+17
3.919100e+00 4.750093e+17
4.123160e+00 4.343798e+17
4.337850e+00 3.966396e+17
4.563720e+00 3.616434e+17
4.801340e+00 3.339943e+17
5.051340e+00 3.039399e+17
5.314360e+00 2.761579e+17
5.591070e+00 2.505079e+17
5.882190e+00 2.268654e+17
6.188470e+00 2.051053e+17
6.510690e+00 1.851117e+17
6.849700e+00 1.667668e+17
7.206350e+00 1.499664e+17
7.581580e+00 1.346011e+17
7.976340e+00 1.205760e+17
8.391660e+00 1.078019e+17
8.828600e+00 9.618032e+16
9.288290e+00 8.563166e+16
9.771920e+00 7.607080e+16
1.028070e+01 6.947257e+16
1.081600e+01 6.155697e+16
1.137920e+01 5.441823e+16
1.197170e+01 4.799182e+16
1.259510e+01 4.222425e+16
1.325090e+01 3.705610e+16
1.394080e+01 3.243627e+16
1.466670e+01 2.831749e+16
1.543040e+01 2.465490e+16
1.623380e+01 2.140554e+16
1.707910e+01 1.852862e+16
1.796840e+01 1.599212e+16
1.890400e+01 1.376045e+16
1.988830e+01 1.179985e+16
2.092380e+01 1.008695e+16
2.201330e+01 8.593716e+15
2.315950e+01 7.294824e+15
2.436540e+01 6.168788e+15
2.563410e+01 5.196596e+15
2.696880e+01 4.361644e+15
2.837300e+01 3.645239e+15
2.985040e+01 3.033819e+15
3.140470e+01 2.512822e+15
3.303990e+01 2.072470e+15
3.476020e+01 1.701836e+15
3.657010e+01 1.390466e+15
3.847430e+01 1.129338e+15
4.047760e+01 9.128535e+14
4.258520e+01 7.341416e+14
4.480250e+01 5.869413e+14
4.713530e+01 4.661131e+14
4.958960e+01 3.681114e+14
5.217170e+01 2.890567e+14
5.488820e+01 2.250868e+14
5.774620e+01 1.743253e+14
6.075290e+01 1.338508e+14
6.391620e+01 1.021407e+14
6.724430e+01 7.732083e+13
7.074560e+01 5.820811e+13
7.442920e+01 4.341485e+13
7.830470e+01 3.205523e+13
8.238190e+01 2.349784e+13
8.667140e+01 1.712065e+13
9.118430e+01 1.232901e+13
9.593210e+01 8.805959e+12
1.009270e+02 6.233085e+12
1.061820e+02 4.358940e+12
1.117110e+02 3.010080e+12
1.175280e+02 2.050001e+12
1.236470e+02 1.376361e+12
1.300850e+02 8.915752e+11
1.368590e+02 5.834719e+11
1.439850e+02 3.808314e+11
1.514820e+02 2.356471e+11
1.593690e+02 1.185405e+11
1.676680e+02 7.508765e+10
1.763980e+02 4.490434e+10
1.855830e+02 3.114559e+10
1.952460e+02 1.864601e+10
2.054120e+02 1.187957e+10
2.161070e+02 3.475050e+09
2.273600e+02 1.633900e+09
2.391980e+02 0.000000e+00
