# # E_gamma (MeV)  Final State Radiation (MeV^-1 s^-1)
5.145440e-01 6.506153e+10
5.413360e-01 5.658072e+10
5.695230e-01 5.108090e+10
5.991770e-01 4.311006e+10
6.303750e-01 3.874516e+10
6.631980e-01 3.117334e+10
6.977300e-01 2.797124e+10
7.340600e-01 2.437356e+10
7.722810e-01 1.958617e+10
8.124930e-01 1.736383e+10
8.547980e-01 1.329655e+10
8.993070e-01 1.168344e+10
9.461320e-01 8.301183e+09
9.953960e-01 5.814925e+09
1.047230e+00 5.083955e+09
1.101750e+00 3.202030e+09
1.159120e+00 2.270767e+09
1.219470e+00 1.986135e+09
1.282970e+00 1.442496e+09
1.349770e+00 8.619735e+08
1.420050e+00 5.810264e+08
1.493990e+00 5.065031e+08
1.571780e+00 3.596758e+08
1.653620e+00 2.244237e+08
1.739730e+00 8.274066e+07
1.830310e+00 7.276587e+07
1.925610e+00 5.528455e+07
2.025880e+00 3.926396e+07
2.131360e+00 2.471170e+07
2.242340e+00 2.061787e+07
2.359100e+00 1.777714e+07
2.481930e+00 1.077697e+07
2.611160e+00 8.197394e+06
2.747120e+00 2.854838e+06
2.890160e+00 8.026764e+05
3.040650e+00 4.601582e+05
3.198970e+00 3.881426e+05
3.365530e+00 1.932483e+05
3.540770e+00 6.953025e+04
3.725140e+00 2.853506e+04
3.919100e+00 1.483244e+04
4.123160e+00 4.006840e+03
4.337850e+00 9.628061e+02
4.563720e+00 2.107718e+02
4.801340e+00 1.705825e+02
5.051340e+00 3.329746e+01
5.314360e+00 1.647983e+01
5.591070e+00 9.897252e+00
5.882190e+00 7.210056e-01
6.188470e+00 2.060753e-01
6.510690e+00 2.180720e-02
6.849700e+00 4.011930e-03
7.206350e+00 6.843700e-04
7.581580e+00 1.166553e-04
7.976340e+00 6.698785e-05
8.391660e+00 1.728542e-05
8.828600e+00 1.120449e-05
9.288290e+00 1.286809e-06
9.771920e+00 4.341583e-08
1.028070e+01 3.333644e-08
1.081600e+01 1.945668e-09
1.137920e+01 2.622864e-11
1.197170e+01 2.152453e-12
1.259510e+01 9.495388e-13
1.325090e+01 1.490893e-14
1.394080e+01 9.100696e-17
1.466670e+01 4.926669e-17
1.543040e+01 2.756851e-21
1.623380e+01 4.583211e-22
1.707910e+01 7.276553e-24
1.796840e+01 2.992118e-25
1.890400e+01 1.654770e-25
1.988830e+01 5.317267e-28
2.092380e+01 4.751008e-30
2.201330e+01 1.843483e-34
2.315950e+01 1.043318e-36
2.436540e+01 1.977434e-37
2.563410e+01 3.163935e-39
2.696880e+01 2.872325e-45
2.837300e+01 8.779077e-48
2.985040e+01 7.165354e-51
3.140470e+01 1.238899e-54
3.303990e+01 5.258534e-55
3.476020e+01 1.267983e-61
3.657010e+01 1.615897e-65
3.847430e+01 2.835451e-69
4.047760e+01 1.556359e-69
4.258520e+01 1.016442e-73
4.480250e+01 1.231767e-78
4.713530e+01 1.769405e-88
4.958960e+01 3.600479e-94
5.217170e+01 1.085308e-98
5.488820e+01 3.005074e-99
5.774620e+01 1.085726e-104
6.075290e+01 1.538570e-117
6.391620e+01 3.258678e-124
6.724430e+01 2.456720e-124
7.074560e+01 1.209312e-138
7.442920e+01 1.227811e-146
7.830470e+01 4.154132e-155
8.238190e+01 1.686375e-163
8.667140e+01 8.880958e-168
9.118430e+01 2.798039e-172
9.593210e+01 1.202148e-181
1.009270e+02 1.966355e-192
1.061820e+02 1.638941e-213
1.117110e+02 6.761102e-214
1.175280e+02 1.610758e-225
1.236470e+02 3.295533e-251
1.300850e+02 3.816060e-265
1.368590e+02 3.061106e-279
1.439850e+02 2.247677e-279
1.514820e+02 2.130155e-310
1.593690e+02 0.000000e+00
