# E_gamma(MeV)   IFA_secondary_masked(MeV^-1 s^-1)
5.145440e-01 9.234938e+12
5.413360e-01 3.775513e+13
5.695230e-01 1.283541e+14
5.991770e-01 2.920609e+14
6.303750e-01 5.379137e+14
6.631980e-01 8.532258e+14
6.977300e-01 1.196563e+15
7.340600e-01 1.527801e+15
7.722810e-01 1.801291e+15
8.124930e-01 2.020025e+15
8.547980e-01 2.116622e+15
8.993070e-01 2.135012e+15
9.461320e-01 2.063181e+15
9.953960e-01 1.955561e+15
1.047230e+00 1.782273e+15
1.101750e+00 1.631741e+15
1.159120e+00 1.470016e+15
1.219470e+00 1.318118e+15
1.282970e+00 1.160639e+15
1.349770e+00 1.014145e+15
1.420050e+00 8.728564e+14
1.493990e+00 7.484802e+14
1.571780e+00 6.419817e+14
1.653620e+00 5.523919e+14
1.739730e+00 4.776509e+14
1.830310e+00 4.117199e+14
1.925610e+00 3.597261e+14
2.025880e+00 3.105488e+14
2.131360e+00 2.605620e+14
2.242340e+00 2.113354e+14
2.359100e+00 1.660192e+14
2.481930e+00 1.287111e+14
2.611160e+00 9.948435e+13
2.747120e+00 7.851361e+13
2.890160e+00 6.614210e+13
3.040650e+00 5.798300e+13
3.198970e+00 4.983909e+13
3.365530e+00 4.157867e+13
3.540770e+00 3.302892e+13
3.725140e+00 2.557110e+13
3.919100e+00 1.946467e+13
4.123160e+00 1.475556e+13
4.337850e+00 1.153281e+13
4.563720e+00 9.937675e+12
4.801340e+00 8.558200e+12
5.051340e+00 7.106189e+12
5.314360e+00 5.787455e+12
5.591070e+00 4.671139e+12
5.882190e+00 3.766702e+12
6.188470e+00 3.092902e+12
6.510690e+00 2.686082e+12
6.849700e+00 2.333230e+12
7.206350e+00 2.001976e+12
7.581580e+00 1.692799e+12
7.976340e+00 1.402889e+12
8.391660e+00 1.127570e+12
8.828600e+00 8.588505e+11
9.288290e+00 6.272756e+11
9.771920e+00 4.328204e+11
1.028070e+01 2.785912e+11
1.081600e+01 1.708018e+11
1.137920e+01 1.308261e+11
1.197170e+01 9.696542e+10
1.259510e+01 6.858830e+10
1.325090e+01 4.652935e+10
1.394080e+01 3.517481e+10
1.466670e+01 2.712438e+10
1.543040e+01 1.972582e+10
1.623380e+01 1.406466e+10
1.707910e+01 1.043754e+10
1.796840e+01 6.964092e+09
1.890400e+01 4.268370e+09
1.988830e+01 2.617321e+09
2.092380e+01 1.346183e+09
2.201330e+01 5.811690e+08
2.315950e+01 3.591738e+08
2.436540e+01 1.865430e+08
2.563410e+01 1.088444e+08
2.696880e+01 5.023424e+07
2.837300e+01 2.263665e+07
2.985040e+01 6.820037e+06
3.140470e+01 3.604346e+06
3.303990e+01 1.370718e+06
3.476020e+01 5.314003e+05
3.657010e+01 2.605598e+05
3.847430e+01 1.199829e+05
4.047760e+01 5.190827e+04
4.258520e+01 2.392894e+04
4.480250e+01 1.091588e+04
4.713530e+01 3.322161e+03
4.958960e+01 5.464503e+02
5.217170e+01 7.190401e+01
5.488820e+01 1.627280e+01
5.774620e+01 6.731041e+00
6.075290e+01 1.887124e+00
6.391620e+01 5.045159e-01
6.724430e+01 4.679095e-02
7.074560e+01 7.834169e-03
7.442920e+01 2.532542e-03
7.830470e+01 3.296551e-04
8.238190e+01 1.104848e-04
8.667140e+01 2.355711e-05
9.118430e+01 9.700025e-06
9.593210e+01 2.171549e-06
1.009270e+02 8.122921e-07
1.061820e+02 1.957195e-07
1.117110e+02 7.837485e-08
1.175280e+02 1.767165e-08
1.236470e+02 7.044425e-09
1.300850e+02 1.517146e-09
1.368590e+02 0.000000e+00
1.439850e+02 0.000000e+00
1.514820e+02 0.000000e+00
1.593690e+02 0.000000e+00
1.676680e+02 0.000000e+00
1.763980e+02 0.000000e+00
1.855830e+02 0.000000e+00
1.952460e+02 0.000000e+00
2.054120e+02 0.000000e+00
2.161070e+02 0.000000e+00
2.273600e+02 0.000000e+00
2.391980e+02 0.000000e+00
2.516530e+02 0.000000e+00
2.647560e+02 0.000000e+00
2.785410e+02 0.000000e+00
2.930450e+02 0.000000e+00
3.083030e+02 0.000000e+00
3.243560e+02 0.000000e+00
3.412450e+02 0.000000e+00
3.590130e+02 0.000000e+00
3.777060e+02 0.000000e+00
3.973730e+02 0.000000e+00
4.180640e+02 0.000000e+00
4.398320e+02 0.000000e+00
4.627330e+02 0.000000e+00
4.868270e+02 0.000000e+00
5.121760e+02 0.000000e+00
5.388440e+02 0.000000e+00
5.669010e+02 0.000000e+00
5.964180e+02 0.000000e+00
6.274730e+02 0.000000e+00
6.601450e+02 0.000000e+00
6.945180e+02 0.000000e+00
7.306800e+02 0.000000e+00
7.687260e+02 0.000000e+00
8.087520e+02 0.000000e+00
8.508630e+02 0.000000e+00
8.951660e+02 0.000000e+00
9.417770e+02 0.000000e+00
9.908140e+02 0.000000e+00
1.042400e+03 0.000000e+00
1.096680e+03 0.000000e+00
1.153780e+03 0.000000e+00
1.213860e+03 0.000000e+00
1.277060e+03 0.000000e+00
