Hawking secondary spectra for each particle type.
energy/particle         photon       electron           nu_e          nu_mu         nu_tau         proton
    1.00000e-06    6.41647e+17    0.00000e+00    4.56275e+22    1.63217e+20    0.00000e+00    0.00000e+00
    1.05207e-06    1.13739e+18    0.00000e+00    4.35833e+22    2.14349e+20    4.11435e+14    0.00000e+00
    1.10685e-06    1.22119e+18    0.00000e+00    4.12925e+22    2.22301e+20    4.53814e+14    0.00000e+00
    1.16448e-06    1.29413e+18    0.00000e+00    3.91739e+22    2.44399e+20    5.00555e+14    0.00000e+00
    1.22511e-06    1.46712e+18    0.00000e+00    3.68026e+22    3.03320e+20    5.52110e+14    0.00000e+00
    1.28890e-06    2.39795e+18    0.00000e+00    3.47109e+22    3.06438e+20    6.08978e+14    0.00000e+00
    1.35602e-06    2.68805e+18    0.00000e+00    3.22607e+22    3.60629e+20    6.71712e+14    0.00000e+00
    1.42662e-06    2.88533e+18    0.00000e+00    3.01810e+22    3.99434e+20    7.40893e+14    0.00000e+00
    1.50090e-06    5.44645e+18    0.00000e+00    2.78754e+22    4.45869e+20    8.17203e+14    0.00000e+00
    1.57905e-06    6.34589e+18    0.00000e+00    2.59208e+22    4.88670e+20    9.01377e+14    0.00000e+00
    1.66127e-06    5.96804e+18    0.00000e+00    2.38229e+22    5.20084e+20    9.94220e+14    0.00000e+00
    1.74777e-06    9.61277e+18    0.00000e+00    2.19022e+22    6.28629e+20    1.09663e+15    0.00000e+00
    1.83878e-06    1.11649e+19    0.00000e+00    2.00499e+22    6.27190e+20    1.20959e+15    0.00000e+00
    1.93452e-06    1.11931e+19    0.00000e+00    1.83740e+22    7.44356e+20    1.33417e+15    0.00000e+00
    2.03525e-06    1.43727e+19    0.00000e+00    1.67048e+22    7.65413e+20    1.47160e+15    0.00000e+00
    2.14122e-06    1.73713e+19    0.00000e+00    1.51936e+22    8.74003e+20    1.62317e+15    0.00000e+00
    2.25271e-06    2.09891e+19    0.00000e+00    1.38274e+22    9.32717e+20    1.79036e+15    0.00000e+00
    2.37001e-06    2.11712e+19    0.00000e+00    1.25195e+22    1.02729e+21    1.97477e+15    0.00000e+00
    2.49341e-06    2.63697e+19    0.00000e+00    1.13598e+22    1.14209e+21    2.17817e+15    0.00000e+00
    2.62324e-06    3.09268e+19    0.00000e+00    1.03795e+22    1.21772e+21    2.40253e+15    0.00000e+00
    2.75983e-06    3.37015e+19    0.00000e+00    9.36332e+21    1.32240e+21    2.64999e+15    0.00000e+00
    2.90353e-06    4.13039e+19    0.00000e+00    8.53602e+21    1.46915e+21    2.92294e+15    0.00000e+00
    3.05471e-06    4.88905e+19    0.00000e+00    7.70051e+21    1.57444e+21    3.22400e+15    0.00000e+00
    3.21376e-06    5.18110e+19    0.00000e+00    7.09717e+21    1.68333e+21    3.55607e+15    0.00000e+00
    3.38110e-06    6.00630e+19    0.00000e+00    6.42173e+21    1.83586e+21    3.92236e+15    0.00000e+00
    3.55715e-06    6.97907e+19    0.00000e+00    5.89757e+21    1.97763e+21    4.32636e+15    0.00000e+00
    3.74237e-06    8.19259e+19    0.00000e+00    5.45422e+21    2.14061e+21    4.77200e+15    0.00000e+00
    3.93723e-06    8.74147e+19    0.00000e+00    5.07556e+21    2.28297e+21    5.26352e+15    0.00000e+00
    4.14223e-06    1.06171e+20    0.00000e+00    4.77665e+21    2.48611e+21    5.80565e+15    0.00000e+00
    4.35791e-06    1.17302e+20    0.00000e+00    4.47402e+21    2.64477e+21    6.40363e+15    0.00000e+00
    4.58482e-06    1.34905e+20    0.00000e+00    4.29368e+21    2.81178e+21    7.06321e+15    0.00000e+00
    4.82355e-06    1.50034e+20    0.00000e+00    4.08110e+21    3.05862e+21    7.79075e+15    0.00000e+00
    5.07471e-06    1.67334e+20    0.00000e+00    3.99985e+21    3.22197e+21    8.59321e+15    0.00000e+00
    5.33894e-06    1.81401e+20    0.00000e+00    3.88216e+21    3.45636e+21    9.47831e+15    0.00000e+00
    5.61693e-06    2.11147e+20    0.00000e+00    3.79139e+21    3.65222e+21    1.04546e+16    0.00000e+00
    5.90940e-06    2.28948e+20    0.00000e+00    3.78902e+21    3.90694e+21    1.15314e+16    0.00000e+00
    6.21709e-06    2.55512e+20    0.00000e+00    3.79931e+21    4.10460e+21    1.27192e+16    0.00000e+00
    6.54081e-06    2.79477e+20    0.00000e+00    3.82147e+21    4.38705e+21    1.40293e+16    0.00000e+00
    6.88138e-06    3.12782e+20    0.00000e+00    3.86282e+21    4.60482e+21    1.54743e+16    0.00000e+00
    7.23968e-06    3.51751e+20    0.00000e+00    3.93380e+21    4.87840e+21    1.70681e+16    0.00000e+00
    7.61664e-06    3.74570e+20    0.00000e+00    4.00190e+21    5.09542e+21    1.88262e+16    0.00000e+00
    8.01323e-06    4.24961e+20    0.00000e+00    4.11670e+21    5.39716e+21    2.07653e+16    0.00000e+00
    8.43047e-06    4.48619e+20    0.00000e+00    4.19098e+21    5.65028e+21    2.29042e+16    0.00000e+00
    8.86943e-06    4.96080e+20    0.00000e+00    4.31257e+21    5.91246e+21    2.52633e+16    0.00000e+00
    9.33125e-06    5.45216e+20    0.00000e+00    4.41609e+21    6.17696e+21    2.78655e+16    0.00000e+00
    9.81712e-06    5.89599e+20    0.00000e+00    4.55254e+21    6.47174e+21    3.07357e+16    0.00000e+00
    1.03283e-05    6.48930e+20    0.00000e+00    4.69716e+21    6.77114e+21    3.39016e+16    0.00000e+00
    1.08661e-05    6.89218e+20    0.00000e+00    4.79903e+21    6.98964e+21    3.73936e+16    0.00000e+00
    1.14318e-05    7.51108e+20    0.00000e+00    4.98286e+21    7.27970e+21    4.12446e+16    0.00000e+00
    1.20271e-05    7.94152e+20    0.00000e+00    5.04023e+21    7.56426e+21    4.54933e+16    0.00000e+00
    1.26533e-05    8.63792e+20    0.00000e+00    5.21881e+21    7.84291e+21    5.01789e+16    0.00000e+00
    1.33122e-05    9.21705e+20    0.00000e+00    5.31633e+21    8.10680e+21    5.53478e+16    0.00000e+00
    1.40053e-05    9.83838e+20    0.00000e+00    5.44458e+21    8.38238e+21    6.10483e+16    0.00000e+00
    1.47345e-05    1.04268e+21    0.00000e+00    5.58899e+21    8.59921e+21    6.73360e+16    0.00000e+00
    1.55018e-05    1.12652e+21    0.00000e+00    5.70091e+21    8.89657e+21    7.42726e+16    0.00000e+00
    1.63089e-05    1.20040e+21    0.00000e+00    5.82373e+21    9.10193e+21    8.19222e+16    0.00000e+00
    1.71581e-05    1.25918e+21    0.00000e+00    5.90809e+21    9.37278e+21    9.03604e+16    0.00000e+00
    1.80515e-05    1.34154e+21    0.00000e+00    6.01858e+21    9.59690e+21    9.96676e+16    0.00000e+00
    1.89914e-05    1.42133e+21    0.00000e+00    6.11111e+21    9.81758e+21    1.09933e+17    0.00000e+00
    1.99803e-05    1.49805e+21    0.00000e+00    6.20058e+21    1.00832e+22    1.21257e+17    0.00000e+00
    2.10206e-05    1.57642e+21    0.00000e+00    6.26623e+21    1.02544e+22    1.33746e+17    0.00000e+00
    2.21151e-05    1.66086e+21    0.00000e+00    6.35969e+21    1.04539e+22    1.47522e+17    0.00000e+00
    2.32666e-05    1.74821e+21    0.00000e+00    6.41138e+21    1.06464e+22    1.62717e+17    0.00000e+00
    2.44781e-05    1.82537e+21    0.00000e+00    6.48774e+21    1.08048e+22    1.79477e+17    0.00000e+00
    2.57526e-05    1.91839e+21    0.00000e+00    6.52368e+21    1.09740e+22    1.97963e+17    0.00000e+00
    2.70935e-05    2.00634e+21    0.00000e+00    6.56903e+21    1.10877e+22    2.18353e+17    0.00000e+00
    2.85043e-05    2.08226e+21    0.00000e+00    6.59711e+21    1.12460e+22    2.40845e+17    0.00000e+00
    2.99884e-05    2.16858e+21    0.00000e+00    6.62170e+21    1.13811e+22    2.65651e+17    0.00000e+00
    3.15499e-05    2.25240e+21    0.00000e+00    6.66458e+21    1.14734e+22    2.93014e+17    0.00000e+00
    3.31927e-05    2.33543e+21    0.00000e+00    6.64580e+21    1.15663e+22    3.23196e+17    0.00000e+00
    3.49210e-05    2.41214e+21    0.00000e+00    6.64681e+21    1.16462e+22    3.56486e+17    0.00000e+00
    3.67392e-05    2.49310e+21    0.00000e+00    6.64607e+21    1.16760e+22    3.93202e+17    0.00000e+00
    3.86522e-05    2.57750e+21    0.00000e+00    6.64877e+21    1.17393e+22    4.33703e+17    0.00000e+00
    4.06648e-05    2.63942e+21    0.00000e+00    6.60488e+21    1.17546e+22    4.78376e+17    0.00000e+00
    4.27821e-05    2.71043e+21    0.00000e+00    6.59377e+21    1.17547e+22    5.27648e+17    0.00000e+00
    4.50098e-05    2.78903e+21    0.00000e+00    6.54524e+21    1.17450e+22    5.81998e+17    0.00000e+00
    4.73533e-05    2.85081e+21    0.00000e+00    6.50792e+21    1.17176e+22    6.41942e+17    0.00000e+00
    4.98190e-05    2.91239e+21    0.00000e+00    6.43484e+21    1.16909e+22    7.08065e+17    0.00000e+00
    5.24130e-05    2.97696e+21    0.00000e+00    6.38881e+21    1.16147e+22    7.80996e+17    0.00000e+00
    5.51421e-05    3.03412e+21    0.00000e+00    6.31579e+21    1.15257e+22    8.61440e+17    0.00000e+00
    5.80132e-05    3.08286e+21    0.00000e+00    6.22708e+21    1.14469e+22    9.50167e+17    0.00000e+00
    6.10339e-05    3.13534e+21    0.00000e+00    6.16237e+21    1.13241e+22    1.04804e+18    0.00000e+00
    6.42119e-05    3.17761e+21    0.00000e+00    6.06383e+21    1.12105e+22    1.15599e+18    0.00000e+00
    6.75553e-05    3.21990e+21    0.00000e+00    5.97448e+21    1.10683e+22    1.27505e+18    0.00000e+00
    7.10728e-05    3.24438e+21    0.00000e+00    5.86604e+21    1.09088e+22    1.40639e+18    0.00000e+00
    7.47735e-05    3.28859e+21    0.00000e+00    5.76070e+21    1.07492e+22    1.55125e+18    0.00000e+00
    7.86668e-05    3.30845e+21    0.00000e+00    5.64653e+21    1.05646e+22    1.71102e+18    0.00000e+00
    8.27629e-05    3.33410e+21    0.00000e+00    5.51179e+21    1.03961e+22    1.88726e+18    0.00000e+00
    8.70722e-05    3.34448e+21    0.00000e+00    5.40187e+21    1.01727e+22    2.08165e+18    0.00000e+00
    9.16060e-05    3.35280e+21    0.00000e+00    5.27438e+21    9.96834e+21    2.29607e+18    0.00000e+00
    9.63758e-05    3.35870e+21    0.00000e+00    5.13595e+21    9.74785e+21    2.53256e+18    0.00000e+00
    1.01394e-04    3.35670e+21    0.00000e+00    4.99469e+21    9.52040e+21    2.79342e+18    0.00000e+00
    1.06673e-04    3.35313e+21    0.00000e+00    4.84723e+21    9.28196e+21    3.08112e+18    0.00000e+00
    1.12228e-04    3.34397e+21    0.00000e+00    4.71508e+21    9.02758e+21    3.39852e+18    0.00000e+00
    1.18071e-04    3.32433e+21    0.00000e+00    4.55429e+21    8.78685e+21    3.74854e+18    0.00000e+00
    1.24219e-04    3.29561e+21    0.00000e+00    4.42203e+21    8.51260e+21    4.13465e+18    0.00000e+00
    1.30687e-04    3.27555e+21    0.00000e+00    4.25948e+21    8.25670e+21    4.56053e+18    0.00000e+00
    1.37492e-04    3.23401e+21    0.00000e+00    4.11652e+21    7.99410e+21    5.03030e+18    0.00000e+00
    1.44651e-04    3.20029e+21    0.00000e+00    3.96074e+21    7.70859e+21    5.54842e+18    0.00000e+00
    1.52183e-04    3.16095e+21    0.00000e+00    3.81046e+21    7.44653e+21    6.11993e+18    0.00000e+00
    1.60106e-04    3.10601e+21    0.00000e+00    3.65088e+21    7.15949e+21    6.75021e+18    0.00000e+00
    1.68443e-04    3.06197e+21    0.00000e+00    3.49491e+21    6.89456e+21    7.44553e+18    0.00000e+00
    1.77214e-04    2.99653e+21    0.00000e+00    3.34903e+21    6.60381e+21    8.21246e+18    0.00000e+00
    1.86441e-04    2.94495e+21    0.00000e+00    3.20060e+21    6.32961e+21    9.05833e+18    0.00000e+00
    1.96149e-04    2.87442e+21    0.00000e+00    3.05187e+21    6.05621e+21    9.99137e+18    0.00000e+00
    2.06362e-04    2.81208e+21    0.00000e+00    2.90426e+21    5.78176e+21    1.10205e+19    0.00000e+00
    2.17107e-04    2.73962e+21    0.00000e+00    2.76254e+21    5.51431e+21    1.21556e+19    0.00000e+00
    2.28411e-04    2.66467e+21    0.00000e+00    2.62033e+21    5.24338e+21    1.32768e+19    0.00000e+00
    2.40304e-04    2.59405e+21    0.00000e+00    2.48292e+21    4.98570e+21    1.46757e+19    0.00000e+00
    2.52817e-04    2.51514e+21    0.00000e+00    2.34918e+21    4.72603e+21    1.62171e+19    0.00000e+00
    2.65980e-04    2.43446e+21    0.00000e+00    2.21690e+21    4.47034e+21    1.79107e+19    0.00000e+00
    2.79830e-04    2.35350e+21    0.00000e+00    2.08959e+21    4.23120e+21    1.97915e+19    0.00000e+00
    2.94400e-04    2.27059e+21    0.00000e+00    1.96911e+21    3.98125e+21    2.18624e+19    0.00000e+00
    3.09729e-04    2.19050e+21    0.00000e+00    1.84922e+21    3.75726e+21    2.41430e+19    0.00000e+00
    3.25856e-04    2.10561e+21    0.00000e+00    1.73815e+21    3.52663e+21    2.66723e+19    0.00000e+00
    3.42823e-04    2.02141e+21    0.00000e+00    1.62403e+21    3.31349e+21    2.94405e+19    0.00000e+00
    3.60673e-04    1.93618e+21    0.00000e+00    1.52377e+21    3.09560e+21    3.25223e+19    0.00000e+00
    3.79453e-04    1.85613e+21    0.00000e+00    1.42204e+21    2.89857e+21    3.58994e+19    0.00000e+00
    3.99211e-04    1.77193e+21    0.00000e+00    1.32652e+21    2.70284e+21    3.96256e+19    0.00000e+00
    4.19997e-04    1.69024e+21    0.00000e+00    1.23769e+21    2.52038e+21    4.37396e+19    0.00000e+00
    4.41866e-04    1.60634e+21    0.00000e+00    1.15042e+21    2.34006e+21    4.82583e+19    0.00000e+00
    4.64873e-04    1.52624e+21    0.00000e+00    1.07195e+21    2.17623e+21    5.32540e+19    0.00000e+00
    4.89079e-04    1.44915e+21    0.00000e+00    9.96884e+20    2.02069e+21    5.87517e+19    0.00000e+00
    5.14544e-04    1.36932e+21    1.10069e+21    9.25168e+20    1.86844e+21    6.47913e+19    0.00000e+00
    5.41336e-04    1.29374e+21    1.04033e+21    8.62065e+20    1.73112e+21    7.14680e+19    0.00000e+00
    5.69523e-04    1.21727e+21    9.81016e+20    7.99372e+20    1.59903e+21    7.88000e+19    0.00000e+00
    5.99177e-04    1.14780e+21    9.31569e+20    7.47242e+20    1.48029e+21    8.68654e+19    0.00000e+00
    6.30375e-04    1.07667e+21    8.86090e+20    6.95410e+20    1.36755e+21    9.57495e+19    0.00000e+00
    6.63198e-04    1.00781e+21    8.45659e+20    6.50044e+20    1.26148e+21    1.05496e+20    0.00000e+00
    6.97730e-04    9.43765e+20    8.11849e+20    6.10455e+20    1.16855e+21    1.16232e+20    0.00000e+00
    7.34060e-04    8.79964e+20    7.82045e+20    5.73646e+20    1.08005e+21    1.28027e+20    0.00000e+00
    7.72281e-04    8.21209e+20    7.60458e+20    5.43917e+20    1.00307e+21    1.40951e+20    0.00000e+00
    8.12493e-04    7.61129e+20    7.43048e+20    5.17152e+20    9.32607e+20    1.55196e+20    0.00000e+00
    8.54798e-04    7.06005e+20    7.32887e+20    4.95409e+20    8.69780e+20    1.70793e+20    0.00000e+00
    8.99307e-04    6.54147e+20    7.28735e+20    4.79266e+20    8.15302e+20    1.87899e+20    0.00000e+00
    9.46132e-04    6.03407e+20    7.30558e+20    4.65824e+20    7.68285e+20    2.06690e+20    0.00000e+00
    9.95396e-04    5.56561e+20    7.38816e+20    4.58357e+20    7.28435e+20    2.27240e+20    0.00000e+00
    1.04723e-03    5.10731e+20    7.53933e+20    4.54229e+20    6.95557e+20    2.49785e+20    0.00000e+00
    1.10175e-03    4.69984e+20    7.75693e+20    4.55824e+20    6.70067e+20    2.74459e+20    0.00000e+00
    1.15912e-03    4.29899e+20    8.04467e+20    4.61568e+20    6.51662e+20    3.01407e+20    0.00000e+00
    1.21947e-03    3.93428e+20    8.40514e+20    4.71635e+20    6.39968e+20    3.30967e+20    0.00000e+00
    1.28297e-03    3.59377e+20    8.84768e+20    4.87086e+20    6.34553e+20    3.63211e+20    0.00000e+00
    1.34977e-03    3.28005e+20    9.36113e+20    5.06344e+20    6.36476e+20    3.98414e+20    0.00000e+00
    1.42005e-03    2.99417e+20    9.96372e+20    5.31230e+20    6.44741e+20    4.36891e+20    0.00000e+00
    1.49399e-03    2.72320e+20    1.06508e+21    5.60352e+20    6.59595e+20    4.78772e+20    0.00000e+00
    1.57178e-03    2.48440e+20    1.14245e+21    5.95366e+20    6.81607e+20    5.24477e+20    0.00000e+00
    1.65362e-03    2.26416e+20    1.22989e+21    6.35293e+20    7.10078e+20    5.74234e+20    0.00000e+00
    1.73973e-03    2.07414e+20    1.32710e+21    6.80528e+20    7.45150e+20    6.28279e+20    0.00000e+00
    1.83031e-03    1.89865e+20    1.43552e+21    7.32104e+20    7.87447e+20    6.87185e+20    0.00000e+00
    1.92561e-03    1.75057e+20    1.55461e+21    7.89211e+20    8.36885e+20    7.51072e+20    0.00000e+00
    2.02588e-03    1.62217e+20    1.68567e+21    8.52928e+20    8.93627e+20    8.20387e+20    0.00000e+00
    2.13136e-03    1.51495e+20    1.82978e+21    9.22784e+20    9.57472e+20    8.95634e+20    0.00000e+00
    2.24234e-03    1.43218e+20    1.98677e+21    1.00004e+21    1.02932e+21    9.77027e+20    0.00000e+00
    2.35910e-03    1.36614e+20    2.15803e+21    1.08456e+21    1.10911e+21    1.06521e+21    0.00000e+00
    2.48193e-03    1.32629e+20    2.34434e+21    1.17664e+21    1.19735e+21    1.16055e+21    0.00000e+00
    2.61116e-03    1.30491e+20    2.54623e+21    1.27672e+21    1.29387e+21    1.26339e+21    0.00000e+00
    2.74712e-03    1.30571e+20    2.76558e+21    1.38558e+21    1.39994e+21    1.37463e+21    0.00000e+00
    2.89016e-03    1.33202e+20    3.00228e+21    1.50343e+21    1.51541e+21    1.49439e+21    0.00000e+00
    3.04065e-03    1.37890e+20    3.25785e+21    1.63068e+21    1.64058e+21    1.62336e+21    0.00000e+00
    3.19897e-03    1.45499e+20    3.53367e+21    1.76818e+21    1.77631e+21    1.76226e+21    0.00000e+00
    3.36553e-03    1.55341e+20    3.83011e+21    1.91604e+21    1.92274e+21    1.91132e+21    0.00000e+00
    3.54077e-03    1.68379e+20    4.14883e+21    2.07520e+21    2.08057e+21    2.07136e+21    0.00000e+00
    3.72514e-03    1.84288e+20    4.49037e+21    2.24579e+21    2.25015e+21    2.24275e+21    0.00000e+00
    3.91910e-03    2.03449e+20    4.85535e+21    2.42813e+21    2.43164e+21    2.42574e+21    0.00000e+00
    4.12316e-03    2.26525e+20    5.24480e+21    2.62273e+21    2.62553e+21    2.62084e+21    0.00000e+00
    4.33785e-03    2.53316e+20    5.65776e+21    2.82911e+21    2.83138e+21    2.82766e+21    0.00000e+00
    4.56372e-03    2.84651e+20    6.09344e+21    3.04690e+21    3.04870e+21    3.04577e+21    0.00000e+00
    4.80134e-03    3.20753e+20    6.54887e+21    3.27454e+21    3.27597e+21    3.27369e+21    0.00000e+00
    5.05134e-03    3.62138e+20    7.01991e+21    3.51002e+21    3.51113e+21    3.50937e+21    0.00000e+00
    5.31436e-03    4.09370e+20    7.49788e+21    3.74898e+21    3.74985e+21    3.74850e+21    0.00000e+00
    5.59107e-03    4.62837e+20    7.97057e+21    3.98531e+21    3.98600e+21    3.98496e+21    0.00000e+00
    5.88219e-03    5.22989e+20    8.42406e+21    4.21205e+21    4.21256e+21    4.21178e+21    0.00000e+00
    6.18847e-03    5.90891e+20    8.82513e+21    4.41258e+21    4.41298e+21    4.41238e+21    0.00000e+00
    6.51069e-03    6.66400e+20    9.15107e+21    4.57554e+21    4.57584e+21    4.57540e+21    0.00000e+00
    6.84970e-03    7.49809e+20    9.36335e+21    4.68168e+21    4.68190e+21    4.68158e+21    0.00000e+00
    7.20635e-03    8.41054e+20    9.40938e+21    4.70469e+21    4.70486e+21    4.70462e+21    0.00000e+00
    7.58158e-03    9.38749e+20    9.26972e+21    4.63485e+21    4.63498e+21    4.63481e+21    0.00000e+00
    7.97634e-03    1.04097e+21    8.90119e+21    4.45059e+21    4.45068e+21    4.45056e+21    0.00000e+00
    8.39166e-03    1.14357e+21    8.30826e+21    4.15413e+21    4.15419e+21    4.15411e+21    0.00000e+00
    8.82860e-03    1.24081e+21    7.52229e+21    3.76114e+21    3.76119e+21    3.76113e+21    0.00000e+00
    9.28829e-03    1.32018e+21    6.58114e+21    3.29057e+21    3.29060e+21    3.29056e+21    0.00000e+00
    9.77192e-03    1.37083e+21    5.57026e+21    2.78513e+21    2.78515e+21    2.78512e+21    0.00000e+00
    1.02807e-02    1.37742e+21    4.55808e+21    2.27904e+21    2.27905e+21    2.27904e+21    0.00000e+00
    1.08160e-02    1.32330e+21    3.62062e+21    1.81031e+21    1.81032e+21    1.81031e+21    0.00000e+00
    1.13792e-02    1.21033e+21    2.78904e+21    1.39452e+21    1.39453e+21    1.39452e+21    0.00000e+00
    1.19717e-02    1.04361e+21    2.10106e+21    1.05053e+21    1.05053e+21    1.05053e+21    0.00000e+00
    1.25951e-02    8.48957e+20    1.55408e+21    7.77041e+20    7.77044e+20    7.77041e+20    0.00000e+00
    1.32509e-02    6.51640e+20    1.13016e+21    5.65080e+20    5.65081e+20    5.65079e+20    0.00000e+00
    1.39408e-02    4.77743e+20    8.27676e+20    4.13838e+20    4.13839e+20    4.13838e+20    0.00000e+00
    1.46667e-02    3.35107e+20    6.06786e+20    3.03393e+20    3.03394e+20    3.03393e+20    0.00000e+00
    1.54304e-02    2.27078e+20    4.49205e+20    2.24603e+20    2.24603e+20    2.24603e+20    0.00000e+00
    1.62338e-02    1.51820e+20    3.34940e+20    1.67470e+20    1.67470e+20    1.67470e+20    0.00000e+00
    1.70791e-02    9.97150e+19    2.43889e+20    1.21945e+20    1.21945e+20    1.21945e+20    0.00000e+00
    1.79684e-02    6.64642e+19    1.70333e+20    8.51663e+19    8.51664e+19    8.51663e+19    0.00000e+00
    1.89040e-02    4.50582e+19    1.12048e+20    5.60240e+19    5.60240e+19    5.60240e+19    0.00000e+00
    1.98883e-02    3.05501e+19    6.85549e+19    3.42774e+19    3.42774e+19    3.42774e+19    0.00000e+00
    2.09238e-02    2.03507e+19    4.06875e+19    2.03437e+19    2.03438e+19    2.03437e+19    0.00000e+00
    2.20133e-02    1.25802e+19    2.31409e+19    1.15704e+19    1.15704e+19    1.15704e+19    0.00000e+00
    2.31595e-02    7.14035e+18    1.30302e+19    6.51510e+18    6.51510e+18    6.51510e+18    0.00000e+00
    2.43654e-02    3.85911e+18    7.54206e+18    3.77103e+18    3.77103e+18    3.77103e+18    0.00000e+00
    2.56341e-02    1.96154e+18    4.27415e+18    2.13707e+18    2.13707e+18    2.13707e+18    0.00000e+00
    2.69688e-02    1.00808e+18    2.31813e+18    1.15907e+18    1.15907e+18    1.15907e+18    0.00000e+00
    2.83730e-02    5.24949e+17    1.15151e+18    5.75757e+17    5.75757e+17    5.75757e+17    0.00000e+00
    2.98504e-02    2.63484e+17    5.14878e+17    2.57439e+17    2.57439e+17    2.57439e+17    0.00000e+00
    3.14047e-02    1.25868e+17    2.34314e+17    1.17157e+17    1.17157e+17    1.17157e+17    0.00000e+00
    3.30399e-02    5.31124e+16    1.03582e+17    5.17909e+16    5.17909e+16    5.17909e+16    0.00000e+00
    3.47602e-02    2.09356e+16    4.52200e+16    2.26100e+16    2.26100e+16    2.26100e+16    0.00000e+00
    3.65701e-02    8.55451e+15    1.86023e+16    9.30117e+15    9.30117e+15    9.30117e+15    0.00000e+00
    3.84743e-02    3.33313e+15    6.56962e+15    3.28481e+15    3.28481e+15    3.28481e+15    0.00000e+00
    4.04776e-02    1.22189e+15    2.31284e+15    1.15642e+15    1.15642e+15    1.15642e+15    0.00000e+00
    4.25852e-02    3.98673e+14    8.10509e+14    4.05254e+14    4.05254e+14    4.05254e+14    0.00000e+00
    4.48025e-02    1.16768e+14    2.51401e+14    1.25700e+14    1.25700e+14    1.25700e+14    0.00000e+00
    4.71353e-02    3.83677e+13    7.63385e+13    3.81692e+13    3.81692e+13    3.81692e+13    0.00000e+00
    4.95896e-02    1.05529e+13    2.02464e+13    1.01232e+13    1.01232e+13    1.01232e+13    0.00000e+00
    5.21717e-02    2.53412e+12    5.31393e+12    2.65697e+12    2.65697e+12    2.65697e+12    0.00000e+00
    5.48882e-02    6.47782e+11    1.33067e+12    6.65334e+11    6.65334e+11    6.65334e+11    0.00000e+00
    5.77462e-02    1.38848e+11    2.66217e+11    1.33109e+11    1.33109e+11    1.33109e+11    0.00000e+00
    6.07529e-02    2.83630e+10    5.84634e+10    2.92317e+10    2.92317e+10    2.92317e+10    0.00000e+00
    6.39162e-02    5.40057e+09    1.09310e+10    5.46549e+09    5.46549e+09    5.46549e+09    0.00000e+00
    6.72443e-02    8.19687e+08    1.60839e+09    8.04196e+08    8.04196e+08    8.04196e+08    0.00000e+00
    7.07456e-02    1.41874e+08    2.93674e+08    1.46837e+08    1.46837e+08    1.46837e+08    0.00000e+00
    7.44292e-02    1.92977e+07    3.74289e+07    1.87144e+07    1.87144e+07    1.87144e+07    0.00000e+00
    7.83047e-02    2.23540e+06    4.59574e+06    2.29787e+06    2.29787e+06    2.29787e+06    0.00000e+00
    8.23819e-02    2.84004e+05    5.62540e+05    2.81270e+05    2.81270e+05    2.81270e+05    0.00000e+00
    8.66714e-02    2.37873e+04    4.89512e+04    2.44756e+04    2.44756e+04    2.44756e+04    0.00000e+00
    9.11843e-02    2.39984e+03    4.76710e+03    2.38355e+03    2.38355e+03    2.38355e+03    0.00000e+00
    9.59321e-02    1.80156e+02    3.68667e+02    1.84333e+02    1.84334e+02    1.84333e+02    0.00000e+00
    1.00927e-01    9.43275e+00    1.84590e+01    9.22948e+00    9.22948e+00    9.22948e+00    0.00000e+00
    1.06182e-01    7.44657e-01    1.51771e+00    7.58854e-01    7.58854e-01    7.58854e-01    0.00000e+00
    1.11711e-01    3.26974e-02    6.49403e-02    3.24702e-02    3.24702e-02    3.24702e-02    0.00000e+00
    1.17528e-01    1.62105e-03    3.21031e-03    1.60516e-03    1.60516e-03    1.60516e-03    0.00000e+00
    1.23647e-01    6.10483e-05    1.20501e-04    6.02505e-05    6.02505e-05    6.02505e-05    0.00000e+00
    1.30085e-01    1.76117e-06    3.47269e-06    1.73635e-06    1.73635e-06    1.73635e-06    0.00000e+00
    1.36859e-01    4.81973e-08    9.51084e-08    4.75542e-08    4.75542e-08    4.75542e-08    0.00000e+00
    1.43985e-01    1.20734e-09    2.37142e-09    1.18571e-09    1.18571e-09    1.18571e-09    0.00000e+00
    1.51482e-01    2.07871e-11    4.05520e-11    2.02760e-11    2.02760e-11    2.02760e-11    0.00000e+00
    1.59369e-01    2.83906e-13    5.55676e-13    2.77838e-13    2.77838e-13    2.77838e-13    0.00000e+00
    1.67668e-01    3.83436e-15    7.49435e-15    3.74717e-15    3.74717e-15    3.74717e-15    0.00000e+00
    1.76398e-01    3.54248e-17    6.83772e-17    3.41886e-17    3.41886e-17    3.41886e-17    0.00000e+00
    1.85583e-01    2.38958e-19    4.64346e-19    2.32173e-19    2.32173e-19    2.32173e-19    0.00000e+00
    1.95246e-01    1.59318e-21    3.08035e-21    1.54018e-21    1.54018e-21    1.54018e-21    0.00000e+00
    2.05412e-01    6.27831e-24    1.19917e-23    5.99585e-24    5.99585e-24    5.99585e-24    0.00000e+00
    2.16107e-01    2.18336e-26    4.22456e-26    2.11228e-26    2.11228e-26    2.11228e-26    0.00000e+00
    2.27360e-01    5.50949e-29    1.04072e-28    5.20361e-29    5.20361e-29    5.20361e-29    0.00000e+00
    2.39198e-01    9.22710e-32    1.77336e-31    8.86678e-32    8.86678e-32    8.86678e-32    0.00000e+00
    2.51653e-01    1.32039e-34    2.47248e-34    1.23624e-34    1.23624e-34    1.23624e-34    0.00000e+00
    2.64756e-01    1.10057e-37    2.10127e-37    1.05064e-37    1.05064e-37    1.05064e-37    0.00000e+00
    2.78541e-01    7.92223e-41    1.46627e-40    7.33136e-41    7.33136e-41    7.33136e-41    0.00000e+00
    2.93045e-01    3.21127e-44    6.09683e-44    3.04842e-44    3.04842e-44    3.04842e-44    0.00000e+00
    3.08303e-01    9.21797e-48    1.69248e-47    8.46238e-48    8.46238e-48    8.46238e-48    0.00000e+00
    3.24356e-01    1.96515e-51    3.62914e-51    1.81457e-51    1.81457e-51    1.81457e-51    0.00000e+00
    3.41245e-01    2.05577e-55    3.84626e-55    1.92313e-55    1.92313e-55    1.92313e-55    0.00000e+00
    3.59013e-01    1.63490e-59    2.93627e-59    1.46814e-59    1.46814e-59    1.46814e-59    0.00000e+00
    3.77706e-01    1.14180e-63    2.04613e-63    1.02307e-63    1.02307e-63    1.02307e-63    0.00000e+00
    3.97373e-01    2.36651e-68    4.34715e-68    2.17357e-68    2.17357e-68    2.17357e-68    0.00000e+00
    4.18064e-01    3.23619e-73    5.93755e-73    2.96877e-73    2.96877e-73    2.96877e-73    0.00000e+00
    4.39832e-01    2.84599e-78    5.07562e-78    2.53781e-78    2.53781e-78    2.53781e-78    0.00000e+00
    4.62733e-01    3.93371e-83    6.94540e-83    3.47270e-83    3.47270e-83    3.47270e-83    0.00000e+00
    4.86827e-01    1.00174e-88    1.72534e-88    8.62670e-89    8.62670e-89    8.62670e-89    0.00000e+00
    5.12176e-01    5.13699e-95    8.64647e-95    4.32324e-95    4.32324e-95    4.32324e-95    0.00000e+00
    5.38844e-01   3.33120e-101   5.58634e-101   2.79317e-101   2.79317e-101   2.79317e-101    0.00000e+00
    5.66901e-01   1.01887e-107   1.72982e-107   8.64910e-108   8.64910e-108   8.64910e-108    0.00000e+00
    5.96418e-01   1.72200e-112   2.92431e-112   1.46215e-112   1.46215e-112   1.46215e-112    0.00000e+00
    6.27473e-01   1.02731e-119   1.79295e-119   8.96477e-120   8.96477e-120   8.96477e-120    0.00000e+00
    6.60145e-01   2.88793e-129   4.58884e-129   2.29442e-129   2.29442e-129   2.29442e-129    0.00000e+00
    6.94518e-01   2.72038e-137   4.40980e-137   2.20490e-137   2.20490e-137   2.20490e-137    0.00000e+00
    7.30680e-01   2.97312e-142   4.81956e-142   2.40978e-142   2.40978e-142   2.40978e-142    0.00000e+00
    7.68726e-01   1.78920e-154   2.73660e-154   1.36830e-154   1.36830e-154   1.36830e-154    0.00000e+00
    8.08752e-01   2.19434e-159   3.35627e-159   1.67814e-159   1.67814e-159   1.67814e-159    0.00000e+00
    8.50863e-01   3.90449e-169   6.24658e-169   3.12329e-169   3.12329e-169   3.12329e-169    0.00000e+00
    8.95166e-01   1.68280e-178   2.70537e-178   1.35269e-178   1.35269e-178   1.35269e-178    0.00000e+00
    9.41777e-01   1.56114e-194   2.20440e-194   1.10220e-194   1.10220e-194   1.10220e-194   3.33232e-221
    9.90814e-01   6.80496e-206   9.70362e-206   4.85181e-206   4.85181e-206   4.85181e-206   6.00128e-222
    1.04240e+00   5.28545e-210   7.53685e-210   3.76842e-210   3.76842e-210   3.76842e-210   1.53899e-234
    1.09668e+00   8.30272e-223   1.15191e-222   5.75957e-223   5.75957e-223   5.75957e-223   8.84714e-248
    1.15378e+00   1.12371e-234   1.47178e-234   7.35890e-235   7.35890e-235   7.35890e-235   1.42860e-275
    1.21386e+00   1.24918e-257   1.87167e-257   9.35836e-258   9.35836e-258   9.35836e-258   2.57281e-276
    1.27706e+00   6.52486e-262   9.77633e-262   4.88817e-262   4.88817e-262   4.88817e-262    0.00000e+00
    1.34356e+00   1.12773e-287   1.59116e-287   7.95580e-288   7.95580e-288   7.95580e-288    0.00000e+00
    1.41352e+00    0.00000e+00    0.00000e+00    0.00000e+00    0.00000e+00    0.00000e+00    0.00000e+00
    1.48712e+00    0.00000e+00    0.00000e+00    0.00000e+00    0.00000e+00    0.00000e+00    0.00000e+00
    1.56455e+00    0.00000e+00    0.00000e+00    0.00000e+00    0.00000e+00    0.00000e+00    0.00000e+00
    1.64601e+00    0.00000e+00    0.00000e+00    0.00000e+00    0.00000e+00    0.00000e+00    0.00000e+00
    1.73172e+00    0.00000e+00    0.00000e+00    0.00000e+00    0.00000e+00    0.00000e+00    0.00000e+00
    1.82189e+00    0.00000e+00    0.00000e+00    0.00000e+00    0.00000e+00    0.00000e+00    0.00000e+00
    1.91675e+00    0.00000e+00    0.00000e+00    0.00000e+00    0.00000e+00    0.00000e+00    0.00000e+00
    2.01655e+00    0.00000e+00    0.00000e+00    0.00000e+00    0.00000e+00    0.00000e+00    0.00000e+00
    2.12155e+00    0.00000e+00    0.00000e+00    0.00000e+00    0.00000e+00    0.00000e+00    0.00000e+00
    2.23202e+00    0.00000e+00    0.00000e+00    0.00000e+00    0.00000e+00    0.00000e+00    0.00000e+00
    2.34823e+00    0.00000e+00    0.00000e+00    0.00000e+00    0.00000e+00    0.00000e+00    0.00000e+00
    2.47050e+00    0.00000e+00    0.00000e+00    0.00000e+00    0.00000e+00    0.00000e+00    0.00000e+00
    2.59914e+00    0.00000e+00    0.00000e+00    0.00000e+00    0.00000e+00    0.00000e+00    0.00000e+00
    2.73447e+00    0.00000e+00    0.00000e+00    0.00000e+00    0.00000e+00    0.00000e+00    0.00000e+00
    2.87685e+00    0.00000e+00    0.00000e+00    0.00000e+00    0.00000e+00    0.00000e+00    0.00000e+00
    3.02665e+00    0.00000e+00    0.00000e+00    0.00000e+00    0.00000e+00    0.00000e+00    0.00000e+00
    3.18424e+00    0.00000e+00    0.00000e+00    0.00000e+00    0.00000e+00    0.00000e+00    0.00000e+00
    3.35004e+00    0.00000e+00    0.00000e+00    0.00000e+00    0.00000e+00    0.00000e+00    0.00000e+00
    3.52447e+00    0.00000e+00    0.00000e+00    0.00000e+00    0.00000e+00    0.00000e+00    0.00000e+00
    3.70799e+00    0.00000e+00    0.00000e+00    0.00000e+00    0.00000e+00    0.00000e+00    0.00000e+00
    3.90106e+00    0.00000e+00    0.00000e+00    0.00000e+00    0.00000e+00    0.00000e+00    0.00000e+00
    4.10418e+00    0.00000e+00    0.00000e+00    0.00000e+00    0.00000e+00    0.00000e+00    0.00000e+00
    4.31788e+00    0.00000e+00    0.00000e+00    0.00000e+00    0.00000e+00    0.00000e+00    0.00000e+00
    4.54271e+00    0.00000e+00    0.00000e+00    0.00000e+00    0.00000e+00    0.00000e+00    0.00000e+00
    4.77924e+00    0.00000e+00    0.00000e+00    0.00000e+00    0.00000e+00    0.00000e+00    0.00000e+00
    5.02809e+00    0.00000e+00    0.00000e+00    0.00000e+00    0.00000e+00    0.00000e+00    0.00000e+00
    5.28989e+00    0.00000e+00    0.00000e+00    0.00000e+00    0.00000e+00    0.00000e+00    0.00000e+00
    5.56533e+00    0.00000e+00    0.00000e+00    0.00000e+00    0.00000e+00    0.00000e+00    0.00000e+00
    5.85511e+00    0.00000e+00    0.00000e+00    0.00000e+00    0.00000e+00    0.00000e+00    0.00000e+00
    6.15998e+00    0.00000e+00    0.00000e+00    0.00000e+00    0.00000e+00    0.00000e+00    0.00000e+00
    6.48072e+00    0.00000e+00    0.00000e+00    0.00000e+00    0.00000e+00    0.00000e+00    0.00000e+00
    6.81816e+00    0.00000e+00    0.00000e+00    0.00000e+00    0.00000e+00    0.00000e+00    0.00000e+00
    7.17317e+00    0.00000e+00    0.00000e+00    0.00000e+00    0.00000e+00    0.00000e+00    0.00000e+00
    7.54667e+00    0.00000e+00    0.00000e+00    0.00000e+00    0.00000e+00    0.00000e+00    0.00000e+00
    7.93962e+00    0.00000e+00    0.00000e+00    0.00000e+00    0.00000e+00    0.00000e+00    0.00000e+00
    8.35302e+00    0.00000e+00    0.00000e+00    0.00000e+00    0.00000e+00    0.00000e+00    0.00000e+00
    8.78795e+00    0.00000e+00    0.00000e+00    0.00000e+00    0.00000e+00    0.00000e+00    0.00000e+00
    9.24553e+00    0.00000e+00    0.00000e+00    0.00000e+00    0.00000e+00    0.00000e+00    0.00000e+00
    9.72693e+00    0.00000e+00    0.00000e+00    0.00000e+00    0.00000e+00    0.00000e+00    0.00000e+00
    1.02334e+01    0.00000e+00    0.00000e+00    0.00000e+00    0.00000e+00    0.00000e+00    0.00000e+00
    1.07662e+01    0.00000e+00    0.00000e+00    0.00000e+00    0.00000e+00    0.00000e+00    0.00000e+00
    1.13268e+01    0.00000e+00    0.00000e+00    0.00000e+00    0.00000e+00    0.00000e+00    0.00000e+00
    1.19166e+01    0.00000e+00    0.00000e+00    0.00000e+00    0.00000e+00    0.00000e+00    0.00000e+00
    1.25371e+01    0.00000e+00    0.00000e+00    0.00000e+00    0.00000e+00    0.00000e+00    0.00000e+00
    1.31899e+01    0.00000e+00    0.00000e+00    0.00000e+00    0.00000e+00    0.00000e+00    0.00000e+00
    1.38766e+01    0.00000e+00    0.00000e+00    0.00000e+00    0.00000e+00    0.00000e+00    0.00000e+00
    1.45992e+01    0.00000e+00    0.00000e+00    0.00000e+00    0.00000e+00    0.00000e+00    0.00000e+00
    1.53593e+01    0.00000e+00    0.00000e+00    0.00000e+00    0.00000e+00    0.00000e+00    0.00000e+00
    1.61591e+01    0.00000e+00    0.00000e+00    0.00000e+00    0.00000e+00    0.00000e+00    0.00000e+00
    1.70005e+01    0.00000e+00    0.00000e+00    0.00000e+00    0.00000e+00    0.00000e+00    0.00000e+00
    1.78857e+01    0.00000e+00    0.00000e+00    0.00000e+00    0.00000e+00    0.00000e+00    0.00000e+00
    1.88169e+01    0.00000e+00    0.00000e+00    0.00000e+00    0.00000e+00    0.00000e+00    0.00000e+00
    1.97967e+01    0.00000e+00    0.00000e+00    0.00000e+00    0.00000e+00    0.00000e+00    0.00000e+00
    2.08275e+01    0.00000e+00    0.00000e+00    0.00000e+00    0.00000e+00    0.00000e+00    0.00000e+00
    2.19120e+01    0.00000e+00    0.00000e+00    0.00000e+00    0.00000e+00    0.00000e+00    0.00000e+00
    2.30529e+01    0.00000e+00    0.00000e+00    0.00000e+00    0.00000e+00    0.00000e+00    0.00000e+00
    2.42532e+01    0.00000e+00    0.00000e+00    0.00000e+00    0.00000e+00    0.00000e+00    0.00000e+00
    2.55161e+01    0.00000e+00    0.00000e+00    0.00000e+00    0.00000e+00    0.00000e+00    0.00000e+00
    2.68446e+01    0.00000e+00    0.00000e+00    0.00000e+00    0.00000e+00    0.00000e+00    0.00000e+00
    2.82424e+01    0.00000e+00    0.00000e+00    0.00000e+00    0.00000e+00    0.00000e+00    0.00000e+00
    2.97130e+01    0.00000e+00    0.00000e+00    0.00000e+00    0.00000e+00    0.00000e+00    0.00000e+00
    3.12601e+01    0.00000e+00    0.00000e+00    0.00000e+00    0.00000e+00    0.00000e+00    0.00000e+00
    3.28877e+01    0.00000e+00    0.00000e+00    0.00000e+00    0.00000e+00    0.00000e+00    0.00000e+00
    3.46002e+01    0.00000e+00    0.00000e+00    0.00000e+00    0.00000e+00    0.00000e+00    0.00000e+00
    3.64017e+01    0.00000e+00    0.00000e+00    0.00000e+00    0.00000e+00    0.00000e+00    0.00000e+00
    3.82971e+01    0.00000e+00    0.00000e+00    0.00000e+00    0.00000e+00    0.00000e+00    0.00000e+00
    4.02912e+01    0.00000e+00    0.00000e+00    0.00000e+00    0.00000e+00    0.00000e+00    0.00000e+00
    4.23891e+01    0.00000e+00    0.00000e+00    0.00000e+00    0.00000e+00    0.00000e+00    0.00000e+00
    4.45963e+01    0.00000e+00    0.00000e+00    0.00000e+00    0.00000e+00    0.00000e+00    0.00000e+00
    4.69183e+01    0.00000e+00    0.00000e+00    0.00000e+00    0.00000e+00    0.00000e+00    0.00000e+00
    4.93613e+01    0.00000e+00    0.00000e+00    0.00000e+00    0.00000e+00    0.00000e+00    0.00000e+00
    5.19315e+01    0.00000e+00    0.00000e+00    0.00000e+00    0.00000e+00    0.00000e+00    0.00000e+00
    5.46355e+01    0.00000e+00    0.00000e+00    0.00000e+00    0.00000e+00    0.00000e+00    0.00000e+00
    5.74803e+01    0.00000e+00    0.00000e+00    0.00000e+00    0.00000e+00    0.00000e+00    0.00000e+00
    6.04732e+01    0.00000e+00    0.00000e+00    0.00000e+00    0.00000e+00    0.00000e+00    0.00000e+00
    6.36220e+01    0.00000e+00    0.00000e+00    0.00000e+00    0.00000e+00    0.00000e+00    0.00000e+00
    6.69347e+01    0.00000e+00    0.00000e+00    0.00000e+00    0.00000e+00    0.00000e+00    0.00000e+00
    7.04199e+01    0.00000e+00    0.00000e+00    0.00000e+00    0.00000e+00    0.00000e+00    0.00000e+00
    7.40866e+01    0.00000e+00    0.00000e+00    0.00000e+00    0.00000e+00    0.00000e+00    0.00000e+00
    7.79442e+01    0.00000e+00    0.00000e+00    0.00000e+00    0.00000e+00    0.00000e+00    0.00000e+00
    8.20026e+01    0.00000e+00    0.00000e+00    0.00000e+00    0.00000e+00    0.00000e+00    0.00000e+00
    8.62724e+01    0.00000e+00    0.00000e+00    0.00000e+00    0.00000e+00    0.00000e+00    0.00000e+00
    9.07645e+01    0.00000e+00    0.00000e+00    0.00000e+00    0.00000e+00    0.00000e+00    0.00000e+00
    9.54904e+01    0.00000e+00    0.00000e+00    0.00000e+00    0.00000e+00    0.00000e+00    0.00000e+00
    1.00463e+02    0.00000e+00    0.00000e+00    0.00000e+00    0.00000e+00    0.00000e+00    0.00000e+00
    1.05693e+02    0.00000e+00    0.00000e+00    0.00000e+00    0.00000e+00    0.00000e+00    0.00000e+00
    1.11197e+02    0.00000e+00    0.00000e+00    0.00000e+00    0.00000e+00    0.00000e+00    0.00000e+00
    1.16987e+02    0.00000e+00    0.00000e+00    0.00000e+00    0.00000e+00    0.00000e+00    0.00000e+00
    1.23078e+02    0.00000e+00    0.00000e+00    0.00000e+00    0.00000e+00    0.00000e+00    0.00000e+00
    1.29486e+02    0.00000e+00    0.00000e+00    0.00000e+00    0.00000e+00    0.00000e+00    0.00000e+00
    1.36229e+02    0.00000e+00    0.00000e+00    0.00000e+00    0.00000e+00    0.00000e+00    0.00000e+00
    1.43322e+02    0.00000e+00    0.00000e+00    0.00000e+00    0.00000e+00    0.00000e+00    0.00000e+00
    1.50785e+02    0.00000e+00    0.00000e+00    0.00000e+00    0.00000e+00    0.00000e+00    0.00000e+00
    1.58636e+02    0.00000e+00    0.00000e+00    0.00000e+00    0.00000e+00    0.00000e+00    0.00000e+00
    1.66896e+02    0.00000e+00    0.00000e+00    0.00000e+00    0.00000e+00    0.00000e+00    0.00000e+00
    1.75586e+02    0.00000e+00    0.00000e+00    0.00000e+00    0.00000e+00    0.00000e+00    0.00000e+00
    1.84728e+02    0.00000e+00    0.00000e+00    0.00000e+00    0.00000e+00    0.00000e+00    0.00000e+00
    1.94347e+02    0.00000e+00    0.00000e+00    0.00000e+00    0.00000e+00    0.00000e+00    0.00000e+00
    2.04466e+02    0.00000e+00    0.00000e+00    0.00000e+00    0.00000e+00    0.00000e+00    0.00000e+00
    2.15112e+02    0.00000e+00    0.00000e+00    0.00000e+00    0.00000e+00    0.00000e+00    0.00000e+00
    2.26313e+02    0.00000e+00    0.00000e+00    0.00000e+00    0.00000e+00    0.00000e+00    0.00000e+00
    2.38097e+02    0.00000e+00    0.00000e+00    0.00000e+00    0.00000e+00    0.00000e+00    0.00000e+00
    2.50494e+02    0.00000e+00    0.00000e+00    0.00000e+00    0.00000e+00    0.00000e+00    0.00000e+00
    2.63537e+02    0.00000e+00    0.00000e+00    0.00000e+00    0.00000e+00    0.00000e+00    0.00000e+00
    2.77259e+02    0.00000e+00    0.00000e+00    0.00000e+00    0.00000e+00    0.00000e+00    0.00000e+00
    2.91696e+02    0.00000e+00    0.00000e+00    0.00000e+00    0.00000e+00    0.00000e+00    0.00000e+00
    3.06884e+02    0.00000e+00    0.00000e+00    0.00000e+00    0.00000e+00    0.00000e+00    0.00000e+00
    3.22863e+02    0.00000e+00    0.00000e+00    0.00000e+00    0.00000e+00    0.00000e+00    0.00000e+00
    3.39674e+02    0.00000e+00    0.00000e+00    0.00000e+00    0.00000e+00    0.00000e+00    0.00000e+00
    3.57360e+02    0.00000e+00    0.00000e+00    0.00000e+00    0.00000e+00    0.00000e+00    0.00000e+00
    3.75967e+02    0.00000e+00    0.00000e+00    0.00000e+00    0.00000e+00    0.00000e+00    0.00000e+00
    3.95544e+02    0.00000e+00    0.00000e+00    0.00000e+00    0.00000e+00    0.00000e+00    0.00000e+00
    4.16139e+02    0.00000e+00    0.00000e+00    0.00000e+00    0.00000e+00    0.00000e+00    0.00000e+00
    4.37807e+02    0.00000e+00    0.00000e+00    0.00000e+00    0.00000e+00    0.00000e+00    0.00000e+00
    4.60603e+02    0.00000e+00    0.00000e+00    0.00000e+00    0.00000e+00    0.00000e+00    0.00000e+00
    4.84586e+02    0.00000e+00    0.00000e+00    0.00000e+00    0.00000e+00    0.00000e+00    0.00000e+00
    5.09818e+02    0.00000e+00    0.00000e+00    0.00000e+00    0.00000e+00    0.00000e+00    0.00000e+00
    5.36363e+02    0.00000e+00    0.00000e+00    0.00000e+00    0.00000e+00    0.00000e+00    0.00000e+00
    5.64291e+02    0.00000e+00    0.00000e+00    0.00000e+00    0.00000e+00    0.00000e+00    0.00000e+00
    5.93673e+02    0.00000e+00    0.00000e+00    0.00000e+00    0.00000e+00    0.00000e+00    0.00000e+00
    6.24584e+02    0.00000e+00    0.00000e+00    0.00000e+00    0.00000e+00    0.00000e+00    0.00000e+00
    6.57106e+02    0.00000e+00    0.00000e+00    0.00000e+00    0.00000e+00    0.00000e+00    0.00000e+00
    6.91320e+02    0.00000e+00    0.00000e+00    0.00000e+00    0.00000e+00    0.00000e+00    0.00000e+00
    7.27317e+02    0.00000e+00    0.00000e+00    0.00000e+00    0.00000e+00    0.00000e+00    0.00000e+00
    7.65187e+02    0.00000e+00    0.00000e+00    0.00000e+00    0.00000e+00    0.00000e+00    0.00000e+00
    8.05029e+02    0.00000e+00    0.00000e+00    0.00000e+00    0.00000e+00    0.00000e+00    0.00000e+00
    8.46946e+02    0.00000e+00    0.00000e+00    0.00000e+00    0.00000e+00    0.00000e+00    0.00000e+00
    8.91045e+02    0.00000e+00    0.00000e+00    0.00000e+00    0.00000e+00    0.00000e+00    0.00000e+00
    9.37441e+02    0.00000e+00    0.00000e+00    0.00000e+00    0.00000e+00    0.00000e+00    0.00000e+00
    9.86252e+02    0.00000e+00    0.00000e+00    0.00000e+00    0.00000e+00    0.00000e+00    0.00000e+00
    1.03761e+03    0.00000e+00    0.00000e+00    0.00000e+00    0.00000e+00    0.00000e+00    0.00000e+00
    1.09163e+03    0.00000e+00    0.00000e+00    0.00000e+00    0.00000e+00    0.00000e+00    0.00000e+00
    1.14847e+03    0.00000e+00    0.00000e+00    0.00000e+00    0.00000e+00    0.00000e+00    0.00000e+00
    1.20827e+03    0.00000e+00    0.00000e+00    0.00000e+00    0.00000e+00    0.00000e+00    0.00000e+00
    1.27118e+03    0.00000e+00    0.00000e+00    0.00000e+00    0.00000e+00    0.00000e+00    0.00000e+00
    1.33737e+03    0.00000e+00    0.00000e+00    0.00000e+00    0.00000e+00    0.00000e+00    0.00000e+00
    1.40701e+03    0.00000e+00    0.00000e+00    0.00000e+00    0.00000e+00    0.00000e+00    0.00000e+00
    1.48027e+03    0.00000e+00    0.00000e+00    0.00000e+00    0.00000e+00    0.00000e+00    0.00000e+00
    1.55734e+03    0.00000e+00    0.00000e+00    0.00000e+00    0.00000e+00    0.00000e+00    0.00000e+00
    1.63843e+03    0.00000e+00    0.00000e+00    0.00000e+00    0.00000e+00    0.00000e+00    0.00000e+00
    1.72374e+03    0.00000e+00    0.00000e+00    0.00000e+00    0.00000e+00    0.00000e+00    0.00000e+00
    1.81350e+03    0.00000e+00    0.00000e+00    0.00000e+00    0.00000e+00    0.00000e+00    0.00000e+00
    1.90792e+03    0.00000e+00    0.00000e+00    0.00000e+00    0.00000e+00    0.00000e+00    0.00000e+00
    2.00727e+03    0.00000e+00    0.00000e+00    0.00000e+00    0.00000e+00    0.00000e+00    0.00000e+00
    2.11178e+03    0.00000e+00    0.00000e+00    0.00000e+00    0.00000e+00    0.00000e+00    0.00000e+00
    2.22174e+03    0.00000e+00    0.00000e+00    0.00000e+00    0.00000e+00    0.00000e+00    0.00000e+00
    2.33742e+03    0.00000e+00    0.00000e+00    0.00000e+00    0.00000e+00    0.00000e+00    0.00000e+00
    2.45913e+03    0.00000e+00    0.00000e+00    0.00000e+00    0.00000e+00    0.00000e+00    0.00000e+00
    2.58717e+03    0.00000e+00    0.00000e+00    0.00000e+00    0.00000e+00    0.00000e+00    0.00000e+00
    2.72188e+03    0.00000e+00    0.00000e+00    0.00000e+00    0.00000e+00    0.00000e+00    0.00000e+00
    2.86361e+03    0.00000e+00    0.00000e+00    0.00000e+00    0.00000e+00    0.00000e+00    0.00000e+00
    3.01271e+03    0.00000e+00    0.00000e+00    0.00000e+00    0.00000e+00    0.00000e+00    0.00000e+00
    3.16958e+03    0.00000e+00    0.00000e+00    0.00000e+00    0.00000e+00    0.00000e+00    0.00000e+00
    3.33462e+03    0.00000e+00    0.00000e+00    0.00000e+00    0.00000e+00    0.00000e+00    0.00000e+00
    3.50825e+03    0.00000e+00    0.00000e+00    0.00000e+00    0.00000e+00    0.00000e+00    0.00000e+00
    3.69092e+03    0.00000e+00    0.00000e+00    0.00000e+00    0.00000e+00    0.00000e+00    0.00000e+00
    3.88310e+03    0.00000e+00    0.00000e+00    0.00000e+00    0.00000e+00    0.00000e+00    0.00000e+00
    4.08529e+03    0.00000e+00    0.00000e+00    0.00000e+00    0.00000e+00    0.00000e+00    0.00000e+00
    4.29800e+03    0.00000e+00    0.00000e+00    0.00000e+00    0.00000e+00    0.00000e+00    0.00000e+00
    4.52179e+03    0.00000e+00    0.00000e+00    0.00000e+00    0.00000e+00    0.00000e+00    0.00000e+00
    4.75724e+03    0.00000e+00    0.00000e+00    0.00000e+00    0.00000e+00    0.00000e+00    0.00000e+00
    5.00494e+03    0.00000e+00    0.00000e+00    0.00000e+00    0.00000e+00    0.00000e+00    0.00000e+00
    5.26554e+03    0.00000e+00    0.00000e+00    0.00000e+00    0.00000e+00    0.00000e+00    0.00000e+00
    5.53971e+03    0.00000e+00    0.00000e+00    0.00000e+00    0.00000e+00    0.00000e+00    0.00000e+00
    5.82815e+03    0.00000e+00    0.00000e+00    0.00000e+00    0.00000e+00    0.00000e+00    0.00000e+00
    6.13162e+03    0.00000e+00    0.00000e+00    0.00000e+00    0.00000e+00    0.00000e+00    0.00000e+00
    6.45088e+03    0.00000e+00    0.00000e+00    0.00000e+00    0.00000e+00    0.00000e+00    0.00000e+00
    6.78677e+03    0.00000e+00    0.00000e+00    0.00000e+00    0.00000e+00    0.00000e+00    0.00000e+00
    7.14015e+03    0.00000e+00    0.00000e+00    0.00000e+00    0.00000e+00    0.00000e+00    0.00000e+00
    7.51193e+03    0.00000e+00    0.00000e+00    0.00000e+00    0.00000e+00    0.00000e+00    0.00000e+00
    7.90307e+03    0.00000e+00    0.00000e+00    0.00000e+00    0.00000e+00    0.00000e+00    0.00000e+00
    8.31457e+03    0.00000e+00    0.00000e+00    0.00000e+00    0.00000e+00    0.00000e+00    0.00000e+00
    8.74750e+03    0.00000e+00    0.00000e+00    0.00000e+00    0.00000e+00    0.00000e+00    0.00000e+00
    9.20297e+03    0.00000e+00    0.00000e+00    0.00000e+00    0.00000e+00    0.00000e+00    0.00000e+00
    9.68215e+03    0.00000e+00    0.00000e+00    0.00000e+00    0.00000e+00    0.00000e+00    0.00000e+00
    1.01863e+04    0.00000e+00    0.00000e+00    0.00000e+00    0.00000e+00    0.00000e+00    0.00000e+00
    1.07167e+04    0.00000e+00    0.00000e+00    0.00000e+00    0.00000e+00    0.00000e+00    0.00000e+00
    1.12747e+04    0.00000e+00    0.00000e+00    0.00000e+00    0.00000e+00    0.00000e+00    0.00000e+00
    1.18617e+04    0.00000e+00    0.00000e+00    0.00000e+00    0.00000e+00    0.00000e+00    0.00000e+00
    1.24794e+04    0.00000e+00    0.00000e+00    0.00000e+00    0.00000e+00    0.00000e+00    0.00000e+00
    1.31291e+04    0.00000e+00    0.00000e+00    0.00000e+00    0.00000e+00    0.00000e+00    0.00000e+00
    1.38128e+04    0.00000e+00    0.00000e+00    0.00000e+00    0.00000e+00    0.00000e+00    0.00000e+00
    1.45320e+04    0.00000e+00    0.00000e+00    0.00000e+00    0.00000e+00    0.00000e+00    0.00000e+00
    1.52886e+04    0.00000e+00    0.00000e+00    0.00000e+00    0.00000e+00    0.00000e+00    0.00000e+00
    1.60847e+04    0.00000e+00    0.00000e+00    0.00000e+00    0.00000e+00    0.00000e+00    0.00000e+00
    1.69222e+04    0.00000e+00    0.00000e+00    0.00000e+00    0.00000e+00    0.00000e+00    0.00000e+00
    1.78033e+04    0.00000e+00    0.00000e+00    0.00000e+00    0.00000e+00    0.00000e+00    0.00000e+00
    1.87303e+04    0.00000e+00    0.00000e+00    0.00000e+00    0.00000e+00    0.00000e+00    0.00000e+00
    1.97056e+04    0.00000e+00    0.00000e+00    0.00000e+00    0.00000e+00    0.00000e+00    0.00000e+00
    2.07316e+04    0.00000e+00    0.00000e+00    0.00000e+00    0.00000e+00    0.00000e+00    0.00000e+00
    2.18111e+04    0.00000e+00    0.00000e+00    0.00000e+00    0.00000e+00    0.00000e+00    0.00000e+00
    2.29468e+04    0.00000e+00    0.00000e+00    0.00000e+00    0.00000e+00    0.00000e+00    0.00000e+00
    2.41416e+04    0.00000e+00    0.00000e+00    0.00000e+00    0.00000e+00    0.00000e+00    0.00000e+00
    2.53986e+04    0.00000e+00    0.00000e+00    0.00000e+00    0.00000e+00    0.00000e+00    0.00000e+00
    2.67211e+04    0.00000e+00    0.00000e+00    0.00000e+00    0.00000e+00    0.00000e+00    0.00000e+00
    2.81124e+04    0.00000e+00    0.00000e+00    0.00000e+00    0.00000e+00    0.00000e+00    0.00000e+00
    2.95762e+04    0.00000e+00    0.00000e+00    0.00000e+00    0.00000e+00    0.00000e+00    0.00000e+00
    3.11162e+04    0.00000e+00    0.00000e+00    0.00000e+00    0.00000e+00    0.00000e+00    0.00000e+00
    3.27363e+04    0.00000e+00    0.00000e+00    0.00000e+00    0.00000e+00    0.00000e+00    0.00000e+00
    3.44409e+04    0.00000e+00    0.00000e+00    0.00000e+00    0.00000e+00    0.00000e+00    0.00000e+00
    3.62342e+04    0.00000e+00    0.00000e+00    0.00000e+00    0.00000e+00    0.00000e+00    0.00000e+00
    3.81208e+04    0.00000e+00    0.00000e+00    0.00000e+00    0.00000e+00    0.00000e+00    0.00000e+00
    4.01057e+04    0.00000e+00    0.00000e+00    0.00000e+00    0.00000e+00    0.00000e+00    0.00000e+00
    4.21940e+04    0.00000e+00    0.00000e+00    0.00000e+00    0.00000e+00    0.00000e+00    0.00000e+00
    4.43910e+04    0.00000e+00    0.00000e+00    0.00000e+00    0.00000e+00    0.00000e+00    0.00000e+00
    4.67023e+04    0.00000e+00    0.00000e+00    0.00000e+00    0.00000e+00    0.00000e+00    0.00000e+00
    4.91341e+04    0.00000e+00    0.00000e+00    0.00000e+00    0.00000e+00    0.00000e+00    0.00000e+00
    5.16924e+04    0.00000e+00    0.00000e+00    0.00000e+00    0.00000e+00    0.00000e+00    0.00000e+00
    5.43840e+04    0.00000e+00    0.00000e+00    0.00000e+00    0.00000e+00    0.00000e+00    0.00000e+00
    5.72157e+04    0.00000e+00    0.00000e+00    0.00000e+00    0.00000e+00    0.00000e+00    0.00000e+00
    6.01948e+04    0.00000e+00    0.00000e+00    0.00000e+00    0.00000e+00    0.00000e+00    0.00000e+00
    6.33291e+04    0.00000e+00    0.00000e+00    0.00000e+00    0.00000e+00    0.00000e+00    0.00000e+00
    6.66265e+04    0.00000e+00    0.00000e+00    0.00000e+00    0.00000e+00    0.00000e+00    0.00000e+00
    7.00957e+04    0.00000e+00    0.00000e+00    0.00000e+00    0.00000e+00    0.00000e+00    0.00000e+00
    7.37455e+04    0.00000e+00    0.00000e+00    0.00000e+00    0.00000e+00    0.00000e+00    0.00000e+00
    7.75853e+04    0.00000e+00    0.00000e+00    0.00000e+00    0.00000e+00    0.00000e+00    0.00000e+00
    8.16251e+04    0.00000e+00    0.00000e+00    0.00000e+00    0.00000e+00    0.00000e+00    0.00000e+00
    8.58752e+04    0.00000e+00    0.00000e+00    0.00000e+00    0.00000e+00    0.00000e+00    0.00000e+00
    9.03466e+04    0.00000e+00    0.00000e+00    0.00000e+00    0.00000e+00    0.00000e+00    0.00000e+00
    9.50508e+04    0.00000e+00    0.00000e+00    0.00000e+00    0.00000e+00    0.00000e+00    0.00000e+00
    1.00000e+05    0.00000e+00    0.00000e+00    0.00000e+00    0.00000e+00    0.00000e+00    0.00000e+00
