0 20 21 22 23
20 21 24 25 26
22 23 24 25 26
0 1 4 5 24
2 3 6 7 24
8 9 10 11 24
12 13 14 15 24
16 17 18 19 24
4 5 6 7 25
0 8 12 16 25
1 9 13 17 25
2 10 14 18 25
3 11 15 19 25
0 1 2 3 26
4 8 12 16 26
5 9 13 17 26
6 10 14 18 26
7 11 15 19 26
0 5 10 15 20
4 9 14 19 20
3 8 13 18 20
2 7 12 17 20
1 6 11 16 20
0 7 9 18 21
2 4 11 13 21
6 8 15 17 21
1 10 12 19 21
3 5 14 16 21
0 6 13 19 22
3 4 10 17 22
1 7 8 14 22
5 11 12 18 22
2 9 15 16 22
0 11 14 17 23
1 4 15 18 23
2 5 8 19 23
3 6 9 12 23
7 10 13 16 23
