0 1 7 19 21 26
0 2 5 20 23 28
0 3 12 16 18 22
0 4 18 21 24 28
0 5 10 11 13 24
0 6 8 14 17 23
0 9 11 15 25 27
1 2 6 15 22 24
1 3 4 13 23 27
1 5 8 16 18 25
1 9 11 12 14 28
1 10 17 18 20 27
2 3 8 11 17 21
2 4 10 14 25 26
2 6 7 9 13 18
2 8 10 12 13 19
2 14 16 19 24 27
3 5 7 14 15 18
3 6 10 19 25 28
3 8 9 20 24 26
4 5 9 17 19 22
4 6 7 11 16 20
4 8 12 15 19 20
5 6 12 21 26 27
7 8 10 22 27 28
7 12 17 23 24 25
9 10 15 16 21 23
11 18 19 22 23 26
13 14 20 21 22 25
13 15 16 17 26 28
