0 1 2 15 22
0 1 23 27 28
0 3 4 20 28
0 5 6 24 26
0 7 8 16 18
0 9 10 17 21
0 11 12 23 25
0 13 14 19 27
1 3 5 21 23
1 4 6 25 27
1 7 9 19 24
1 8 10 26 28
1 11 13 16 20
1 12 14 17 18
2 3 6 18 19
2 4 5 16 17
2 7 10 23 27
2 8 9 20 25
2 11 14 24 28
2 12 13 21 26
3 7 11 17 26
3 8 12 24 27
3 9 13 15 22
3 10 14 16 25
4 7 12 15 22
4 8 11 19 21
4 9 14 23 26
4 10 13 18 24
5 7 13 25 28
5 8 14 15 22
5 9 11 18 27
5 10 12 19 20
6 7 14 20 21
6 8 13 17 23
6 9 12 16 28
6 10 11 15 22
15 16 21 24 27
15 17 19 25 28
15 18 20 23 26
16 19 22 23 26
17 20 22 24 27
18 21 22 25 28
23 24 25 26 27
