0 1 2 3 14 15 16
0 1 4 5 17 18 19
0 1 6 7 20 21 22
0 1 8 9 23 24 25
0 1 10 11 26 27 28
0 1 12 13 29 30 31
2 3 4 5 8 9 26
2 3 6 7 17 27 31
2 3 10 11 18 22 25
2 3 12 13 21 24 30
2 3 19 20 23 28 29
4 5 6 7 12 24 28
4 5 10 11 13 16 20
4 5 14 22 23 30 31
4 5 15 21 25 27 29
6 7 8 9 16 18 29
6 7 10 11 15 23 30
6 7 13 14 19 25 26
8 9 10 11 19 21 31
8 9 12 14 20 27 30
8 9 13 15 17 22 28
10 11 12 14 17 24 29
12 15 18 19 22 25 30
12 16 17 21 23 26 28
13 14 18 21 23 27 28
15 18 20 24 26 30 31
16 17 20 25 28 30 31
16 19 22 24 26 27 29
