0 1 10 15 21 28 32 33
0 2 4 10 16 19 20 27
0 3 8 13 14 18 30 36
0 5 6 7 17 23 29 35
0 9 10 14 23 24 25 37
0 11 12 22 24 26 31 34
1 2 3 16 23 25 30 31
1 4 9 11 14 19 22 35
1 5 7 10 13 20 24 37
1 6 17 18 26 27 34 36
1 8 12 20 28 29 31 35
2 5 7 8 9 16 26 34
2 6 12 14 16 17 28 37
2 11 13 16 22 29 32 33
2 15 16 18 21 24 35 36
3 4 5 7 12 15 21 30
3 6 10 11 17 20 22 30
3 9 19 24 27 28 29 30
3 26 30 32 33 34 35 37
4 6 8 17 24 25 32 33
4 10 13 19 23 26 28 34
4 10 18 19 29 31 36 37
5 7 11 18 22 25 28 36
5 7 14 19 27 31 32 33
6 9 13 15 17 19 21 31
8 10 12 13 19 25 27 35
8 11 15 21 22 23 27 37
9 12 18 20 23 32 33 36
14 15 20 21 25 26 29 34
