0 1 5 18 25 32 33 38
0 2 5 9 11 21 24 28
0 3 5 10 15 16 22 35
0 3 9 13 19 20 27 32
0 4 5 6 13 17 23 30
0 5 7 8 26 27 31 36
0 5 12 14 20 29 34 37
1 2 6 12 21 27 30 35
1 2 14 15 16 19 24 28
1 3 6 7 11 17 26 37
1 4 15 16 17 19 20 31
1 5 8 9 10 19 23 29
1 13 14 22 24 28 34 36
2 3 4 12 23 25 26 36
2 4 11 17 22 25 27 29
2 7 18 20 21 22 23 38
2 8 13 22 26 30 32 37
2 10 11 19 20 30 33 36
2 11 14 23 31 32 34 35
3 4 8 14 17 21 33 34
3 18 24 28 29 30 31 38
4 7 10 12 17 24 28 32
4 9 17 18 35 36 37 38
6 8 20 24 25 26 28 35
6 9 12 19 22 26 31 33
6 10 14 18 26 27 34 38
6 15 16 21 26 29 32 36
7 9 14 15 16 25 30 34
7 13 19 29 33 34 35 38
8 11 12 13 15 16 18 38
10 13 18 19 21 25 31 37
15 16 23 24 27 28 33 37
