0 1 5 18 25 32 33 38
0 2 5 9 11 21 26 28
0 3 5 10 15 16 22 35
0 4 5 6 17 30 34 36
0 4 5 17 19 23 24 34
0 5 7 8 13 27 31 39
0 5 12 14 20 29 37 40
1 2 3 6 7 11 19 37
1 4 15 16 17 20 26 31
1 6 8 9 10 13 23 29
1 11 14 22 28 34 36 39
1 12 21 24 27 30 35 40
2 4 11 17 22 25 27 29
2 8 11 19 23 30 36 38
2 10 11 20 24 30 33 39
2 11 14 18 23 31 32 35
2 12 13 15 16 34 38 40
3 4 8 13 14 17 21 33
3 8 12 23 25 26 39 40
3 9 18 20 27 32 34 36
3 18 24 28 29 30 31 38
4 7 10 12 17 28 32 40
4 9 17 18 35 37 38 39
6 9 12 19 22 31 33 40
6 10 14 18 19 26 27 38
6 13 19 20 24 25 28 35
6 15 16 19 21 29 32 39
7 8 18 20 21 22 23 38
7 8 26 29 33 34 35 36
7 9 14 15 16 24 25 30
8 13 22 24 26 30 32 37
8 15 16 23 27 28 33 37
10 21 24 25 31 34 36 37
11 12 13 15 16 18 36 40
