0 1 2 3 4 23 24 25 26 27
0 1 2 21 22 23 24 25 44 45
0 5 6 7 8 23 28 29 30 31
0 9 10 11 12 23 32 33 34 35
0 13 14 15 16 23 36 37 38 39
0 17 18 19 20 23 40 41 42 43
1 5 9 13 17 24 28 32 36 40
1 6 10 14 18 24 29 33 37 41
1 7 11 15 19 24 30 34 38 42
1 8 12 16 20 24 31 35 39 43
2 5 10 15 20 25 28 33 38 43
2 6 9 16 19 25 29 32 39 42
2 7 12 13 18 25 30 35 36 41
2 8 11 14 17 25 31 34 37 40
3 4 5 21 22 26 27 28 44 45
3 5 11 16 18 26 28 34 39 41
3 6 12 15 17 26 29 35 38 40
3 7 9 14 20 26 30 32 37 43
3 8 10 13 19 26 31 33 36 42
4 5 12 14 19 27 28 35 37 42
4 6 11 13 20 27 29 34 36 43
4 7 10 16 17 27 30 33 39 40
4 8 9 15 18 27 31 32 38 41
6 7 8 21 22 29 30 31 44 45
9 10 11 21 22 32 33 34 44 45
12 13 14 21 22 35 36 37 44 45
15 16 17 21 22 38 39 40 44 45
18 19 20 21 22 41 42 43 44 45
