0 1 2 9 21 24 25 30
0 1 2 20 35 36 37 39
0 3 9 27 29 31 32 40
0 4 6 7 23 30 34 45
0 5 14 21 22 41 42 43
0 8 13 16 18 19 28 40
0 10 15 18 24 25 27 33
0 11 12 17 25 26 38 44
1 3 4 8 10 21 22 37
1 5 13 14 23 27 37 44
1 6 16 31 33 34 37 43
1 7 15 17 30 37 40 41
1 9 19 22 25 28 34 37
1 11 12 18 32 37 42 45
1 22 24 26 29 34 37 38
2 3 5 6 14 17 18 34
2 4 16 24 25 32 41 44
2 7 19 24 27 28 30 42
2 8 9 15 29 43 44 45
2 10 13 26 31 38 41 45
2 11 12 21 22 23 33 40
3 7 12 13 20 24 25 43
3 11 13 21 24 30 35 43
3 15 16 23 26 38 39 42
3 19 28 33 36 41 44 45
4 5 12 15 19 28 31 35
4 9 13 17 29 33 39 42
4 11 14 15 19 20 28 31
4 18 26 27 36 38 40 43
5 6 14 24 25 39 40 45
5 7 9 10 11 16 29 36
5 8 20 26 30 32 33 38
6 8 11 12 27 34 39 41
6 9 19 21 26 28 29 38
6 10 20 34 35 40 42 44
6 13 15 21 22 32 34 36
7 8 14 26 32 33 35 38
7 18 21 22 30 31 39 44
8 17 23 24 25 31 36 42
9 10 12 14 16 29 30 36
9 18 20 23 25 29 35 41
10 17 19 23 28 32 39 43
16 17 20 21 22 27 35 45
