0 1 47
0 2 53
0 3 7
0 4 44
0 5 40
0 6 27
0 8 26
0 9 22
0 10 28
0 11 24
0 12 42
0 13 14
0 13 51
0 15 25
0 16 21
0 17 23
0 18 43
0 19 50
0 20 30
0 29 32
0 31 45
0 33 37
0 34 52
0 35 41
0 36 48
0 38 49
0 39 46
1 2 39
1 3 49
1 4 40
1 5 52
1 6 23
1 7 22
1 8 17
1 9 24
1 10 42
1 11 51
1 12 27
1 13 29
1 14 34
1 15 18
1 16 33
1 19 28
1 20 31
1 21 38
1 25 26
1 28 32
1 30 45
1 35 48
1 36 43
1 37 46
1 41 44
1 50 53
2 3 47
2 4 10
2 5 11
2 6 49
2 7 25
2 8 22
2 9 18
2 12 44
2 13 35
2 14 37
2 15 41
2 16 26
2 17 24
2 19 33
2 20 27
2 21 52
2 23 38
2 28 29
2 30 46
2 31 51
2 32 36
2 34 43
2 36 40
2 42 45
2 48 50
3 4 42
3 5 12
3 5 18
3 6 29
3 8 53
3 9 33
3 10 34
3 11 15
3 13 36
3 14 16
3 17 37
3 19 27
3 20 48
3 21 24
3 22 41
3 23 52
3 25 30
3 26 39
3 28 44
3 31 32
3 35 43
3 38 45
3 40 51
3 46 50
4 5 34
4 6 33
4 7 23
4 8 31
4 9 21
4 11 36
4 12 24
4 13 27
4 14 21
4 15 37
4 16 28
4 17 29
4 18 49
4 19 47
4 20 41
4 22 53
4 25 38
4 26 51
4 30 52
4 32 43
4 35 46
4 39 48
4 45 50
5 6 47
5 7 29
5 8 20
5 9 30
5 10 43
5 13 44
5 14 27
5 15 21
5 16 25
5 17 49
5 19 31
5 22 39
5 23 50
5 24 36
5 26 33
5 28 48
5 32 46
5 35 45
5 37 42
5 38 53
5 41 51
6 7 20
6 8 19
6 9 26
6 10 11
6 12 17
6 13 52
6 14 24
6 15 16
6 18 32
6 21 53
6 22 51
6 25 45
6 27 43
6 28 35
6 30 37
6 31 46
6 34 38
6 36 41
6 39 50
6 40 44
6 42 48
7 8 18
7 9 11
7 10 33
7 12 26
7 13 42
7 14 40
7 15 39
7 15 43
7 16 50
7 17 36
7 19 44
7 21 32
7 24 28
7 27 41
7 30 38
7 31 37
7 34 51
7 35 52
7 45 48
7 46 47
7 49 53
8 9 12
8 10 21
8 11 33
8 13 16
8 14 44
8 15 28
8 19 39
8 23 48
8 24 45
8 25 41
8 27 37
8 29 46
8 30 40
8 32 38
8 34 42
8 35 49
8 36 51
8 43 47
8 50 52
9 10 27
9 13 37
9 14 47
9 15 48
9 16 49
9 17 31
9 19 34
9 20 40
9 23 51
9 25 33
9 28 43
9 29 50
9 32 45
9 35 42
9 36 44
9 38 46
9 39 53
9 41 52
10 12 19
10 13 45
10 14 50
10 15 29
10 16 39
10 17 48
10 18 24
10 20 25
10 22 40
10 23 41
10 26 47
10 30 32
10 31 52
10 35 53
10 36 38
10 37 47
10 44 49
10 46 51
11 12 37
11 13 30
11 14 23
11 16 46
11 17 32
11 18 22
11 19 38
11 20 50
11 21 45
11 25 28
11 25 39
11 26 43
11 27 49
11 29 42
11 31 48
11 34 41
11 35 47
11 40 53
11 44 52
12 13 38
12 14 18
12 15 51
12 16 36
12 18 46
12 20 45
12 21 40
12 22 47
12 23 32
12 25 29
12 28 53
12 30 41
12 31 39
12 33 35
12 34 50
12 43 48
12 49 52
13 15 20
13 17 47
13 18 28
13 19 23
13 21 33
13 22 34
13 24 40
13 25 48
13 26 49
13 31 53
13 32 46
13 39 43
13 41 50
14 15 46
14 17 30
14 19 20
14 22 36
14 24 26
14 25 43
14 28 51
14 29 35
14 31 41
14 32 52
14 33 45
14 38 42
14 39 49
14 48 53
15 17 44
15 19 26
15 22 32
15 23 33
15 24 50
15 27 36
15 30 31
15 34 45
15 35 38
15 40 49
15 42 53
15 47 52
16 17 34
16 18 30
16 19 35
16 20 42
16 22 45
16 23 40
16 24 31
16 27 47
16 29 53
16 32 39
16 37 41
16 38 48
16 43 52
16 44 51
17 18 52
17 19 22
17 20 22
17 21 43
17 25 40
17 26 42
17 27 28
17 33 38
17 35 51
17 39 45
17 41 46
17 50 53
18 19 21
18 20 38
18 23 34
18 25 51
18 26 48
18 27 40
18 29 41
18 31 44
18 33 42
18 35 39
18 36 50
18 37 53
18 45 47
19 24 37
19 25 32
19 29 48
19 30 51
19 36 49
19 40 42
19 41 45
19 43 46
19 52 53
20 21 29
20 23 53
20 24 46
20 26 35
20 28 40
20 32 47
20 33 36
20 34 49
20 37 52
20 39 44
20 43 51
21 22 31
21 23 35
21 25 49
21 26 44
21 27 39
21 28 47
21 30 36
21 34 46
21 37 50
21 41 42
21 48 51
22 23 46
22 24 38
22 25 35
22 26 27
22 28 42
22 29 44
22 30 48
22 33 52
22 37 43
22 49 50
23 24 29
23 25 37
23 26 28
23 27 42
23 29 49
23 30 39
23 31 47
23 36 45
23 43 44
24 25 53
24 27 51
24 30 33
24 32 48
24 34 47
24 35 44
24 39 41
24 42 52
24 43 49
25 27 46
25 31 34
25 36 52
25 42 44
25 47 50
26 29 30
26 31 38
26 32 37
26 34 40
26 36 46
26 41 53
26 44 50
26 45 52
27 29 52
27 30 38
27 31 33
27 32 53
27 34 48
27 35 50
27 44 45
28 30 50
28 31 36
28 33 41
28 34 37
28 38 39
28 45 49
28 46 52
29 31 43
29 33 40
29 34 39
29 36 47
29 37 45
29 38 51
30 34 44
30 35 49
30 42 47
30 43 53
31 35 40
31 37 49
31 42 50
32 33 44
32 34 35
32 40 50
32 41 49
32 42 51
33 34 43
33 39 47
33 46 53
33 48 49
33 50 51
34 36 53
35 36 37
36 39 42
37 38 44
37 39 51
37 40 48
38 40 47
38 41 52
38 43 50
39 40 52
40 41 43
40 45 46
41 47 48
42 43 45
42 46 49
44 46 48
44 47 53
45 51 53
47 49 51
48 51 52
