0 1 32 33 42 45 49
0 2 4 9 34 41 51
0 3 5 7 11 29 46
0 6 16 17 25 39 47
0 8 10 23 24 28 48
0 12 13 19 21 30 37
0 14 18 29 31 40 44
0 15 26 29 36 43 50
0 20 27 35 38 52 53
0 22 30 38 45 46 51
1 2 12 15 18 22 23
1 3 5 6 38 40 48
1 4 17 19 27 43 47
1 7 10 21 35 41 50
1 8 11 14 25 26 30
1 9 16 31 36 46 53
1 13 17 28 29 51 52
1 20 24 34 37 39 44
2 3 5 8 16 21 27
2 6 14 32 35 36 37
2 7 13 26 38 42 47
2 10 11 17 20 44 45
2 19 28 39 40 46 50
2 24 25 29 45 49 53
2 30 31 33 43 48 52
3 4 18 26 28 37 45
3 5 12 17 32 34 43
3 7 12 33 39 44 53
3 9 23 30 35 39 42
3 10 19 22 36 49 52
3 13 15 20 25 31 41
3 14 24 33 47 50 51
4 5 6 20 30 49 50
4 5 18 26 28 37 53
4 5 21 22 24 31 42
4 7 23 25 32 40 52
4 8 15 17 33 35 46
4 10 12 14 16 29 38
4 11 13 36 39 44 48
5 6 9 10 13 18 33
5 14 15 21 39 45 52
5 18 19 25 35 44 51
5 22 23 36 41 45 47
6 7 8 19 31 34 45
6 11 21 23 43 51 53
6 12 24 26 41 46 52
6 15 27 28 29 42 44
6 17 21 22 25 29 39
7 9 14 20 22 28 43
7 15 16 37 48 49 51
7 17 18 24 27 30 36
8 9 29 37 44 47 52
8 12 20 36 40 42 51
8 13 22 32 44 50 53
8 18 38 39 41 43 49
9 11 15 19 24 32 38
9 12 25 27 45 48 50
9 17 21 26 40 44 49
10 15 30 34 40 47 53
10 25 37 42 43 44 46
10 26 27 31 32 39 51
11 12 28 31 35 47 49
11 16 18 34 42 50 52
11 22 27 33 37 40 41
13 14 23 27 34 46 49
13 16 24 35 40 43 45
14 17 19 41 42 48 53
16 19 20 23 26 29 33
16 22 26 29 34 35 48
16 28 29 30 32 41 44
17 23 31 37 38 44 50
18 20 21 32 46 47 48
21 25 28 33 34 36 38
