0 1 3 5 23
0 1 4 10 19
0 2 12 20 54
0 6 15 39 44
0 7 16 22 41
0 8 13 17 30
0 9 45 46 49
0 11 26 27 52
0 14 21 32 48
0 18 50 51 53
0 24 29 40 46
0 25 33 38 42
0 28 31 36 43
0 34 35 37 47
1 2 27 30 41
1 6 13 25 53
1 7 26 40 47
1 8 20 48 51
1 9 18 32 36
1 10 34 39 50
1 11 24 43 54
1 12 28 35 49
1 14 33 44 46
1 15 22 31 37
1 16 17 42 45
1 21 29 38 52
2 3 19 29 37
2 4 18 24 28
2 5 16 31 32
2 6 26 34 43
2 7 13 14 38
2 8 9 33 52
2 10 44 45 47
2 11 17 36 50
2 15 40 48 53
2 18 25 39 46
2 21 35 42 51
2 22 23 39 49
3 4 28 47 52
3 6 11 18 30
3 7 20 45 53
3 8 12 25 50
3 9 13 42 44
3 10 24 31 42
3 14 16 26 39
3 15 43 46 51
3 17 21 41 49
3 22 27 33 34
3 32 34 48 54
3 35 36 38 40
4 5 7 17 25
4 6 16 29 48
4 8 37 39 53
4 9 20 26 35
4 11 22 38 45
4 12 32 33 49
4 13 27 31 51
4 14 22 42 43
4 15 21 30 54
4 23 34 36 46
4 40 41 44 50
5 6 8 10 28
5 6 9 15 24
5 11 20 44 49
5 12 21 27 46
5 13 18 22 35
5 14 50 51 54
5 19 26 37 53
5 29 34 45 51
5 30 38 43 47
5 33 36 41 48
5 39 40 42 52
6 7 32 35 46
6 12 31 45 52
6 14 23 37 41
6 17 33 40 54
6 19 38 49 51
6 20 27 36 42
6 21 22 47 50
7 8 24 34 42
7 9 23 29 33
7 10 21 36 37
7 11 31 39 48
7 12 18 19 43
7 15 49 50 52
7 23 30 44 51
7 27 28 44 54
8 11 16 23 35
8 14 18 47 49
8 15 29 36 47
8 19 21 31 44
8 22 26 46 54
8 27 32 38 39
8 40 41 43 45
9 10 12 22 30
9 11 21 34 53
9 14 25 31 40
9 16 27 43 50
9 17 37 38 54
9 19 27 47 48
9 28 39 41 51
10 11 13 15 33
10 11 14 20 29
10 16 25 49 54
10 17 26 32 51
10 18 23 27 40
10 35 43 48 52
10 38 41 46 53
11 12 37 40 51
11 19 28 42 46
11 25 32 41 47
12 13 29 39 47
12 14 28 34 38
12 15 26 41 42
12 16 36 44 53
12 17 23 24 48
13 16 21 28 40
13 19 23 52 54
13 20 34 41 52
13 24 26 36 49
13 32 37 43 44
13 45 46 48 50
14 15 17 27 35
14 19 30 36 45
14 24 32 52 53
15 16 18 20 38
15 16 19 25 34
15 23 28 32 45
16 24 33 47 51
16 30 37 46 52
17 18 34 44 52
17 19 33 39 43
17 20 31 46 47
17 22 28 29 53
18 21 26 33 45
18 29 31 41 54
18 37 42 48 49
19 20 22 32 40
19 24 35 41 50
20 21 23 25 43
20 21 24 30 39
20 28 33 37 50
22 24 38 44 48
22 25 36 51 52
23 26 31 38 50
23 42 47 53 54
24 25 27 37 45
25 26 28 30 48
25 26 29 35 44
27 29 43 49 53
29 30 32 42 50
30 31 33 35 53
30 31 34 40 49
35 36 39 45 54
