0 1 24
0 2 3
0 4 49
0 5 54
0 6 38
0 7 17
0 8 27
0 9 22
0 10 33
0 11 55
0 12 39
0 13 53
0 14 21
0 15 35
0 16 34
0 18 26
0 19 22
0 20 31
0 23 46
0 25 30
0 28 32
0 29 40
0 36 45
0 37 42
0 41 44
0 43 52
0 47 50
0 48 51
1 2 5
1 2 32
1 3 19
1 4 22
1 6 49
1 7 8
1 9 53
1 10 31
1 11 41
1 12 18
1 13 52
1 14 46
1 15 26
1 16 36
1 17 45
1 20 51
1 21 42
1 23 27
1 25 43
1 28 29
1 30 37
1 33 50
1 34 54
1 35 38
1 39 44
1 40 55
1 47 48
2 4 31
2 6 33
2 7 24
2 8 42
2 9 29
2 10 27
2 11 40
2 12 38
2 13 46
2 14 30
2 15 34
2 16 28
2 17 43
2 18 49
2 19 25
2 20 26
2 21 54
2 22 50
2 23 47
2 35 52
2 36 41
2 37 55
2 39 53
2 44 48
2 45 51
3 4 55
3 5 42
3 6 25
3 7 43
3 8 31
3 9 52
3 10 40
3 11 37
3 12 24
3 13 18
3 14 39
3 15 51
3 16 47
3 17 35
3 20 36
3 21 50
3 22 34
3 23 28
3 26 41
3 27 32
3 29 44
3 30 49
3 33 34
3 38 45
3 46 53
3 48 54
4 5 35
4 6 16
4 7 14
4 8 47
4 9 44
4 10 23
4 11 32
4 12 43
4 13 15
4 17 33
4 18 37
4 19 54
4 20 24
4 21 29
4 25 36
4 26 48
4 27 29
4 28 46
4 30 45
4 34 52
4 38 53
4 39 40
4 41 51
4 42 50
5 6 36
5 7 30
5 7 51
5 8 26
5 9 20
5 10 17
5 11 49
5 12 27
5 13 31
5 14 50
5 15 41
5 16 37
5 18 24
5 19 28
5 21 23
5 22 48
5 25 40
5 29 53
5 32 43
5 33 39
5 34 38
5 44 46
5 45 52
5 47 55
6 7 10
6 8 32
6 9 13
6 11 12
6 14 22
6 15 45
6 17 19
6 18 40
6 20 28
6 21 43
6 23 31
6 24 44
6 26 39
6 27 54
6 29 43
6 30 51
6 34 53
6 35 46
6 37 52
6 41 50
6 42 47
6 48 55
7 9 26
7 11 52
7 12 40
7 13 47
7 15 55
7 16 35
7 18 38
7 19 37
7 20 33
7 21 53
7 22 44
7 23 50
7 25 34
7 27 41
7 28 48
7 29 31
7 32 36
7 39 46
7 42 45
7 49 54
8 9 50
8 10 12
8 11 36
8 13 28
8 14 53
8 15 22
8 16 45
8 17 46
8 18 34
8 19 41
8 20 25
8 21 55
8 23 37
8 24 54
8 29 48
8 30 40
8 33 52
8 35 44
8 38 51
8 39 49
8 43 44
9 10 16
9 11 42
9 12 14
9 15 54
9 17 39
9 18 55
9 19 32
9 19 47
9 21 33
9 23 51
9 24 37
9 25 46
9 27 48
9 28 38
9 30 35
9 31 41
9 34 36
9 40 45
9 43 49
10 11 38
10 13 51
10 14 44
10 15 20
10 18 28
10 19 36
10 21 45
10 22 46
10 23 41
10 24 47
10 25 26
10 29 34
10 30 53
10 32 37
10 35 42
10 39 50
10 43 48
10 49 52
10 54 55
11 13 29
11 14 31
11 15 24
11 16 22
11 17 47
11 18 27
11 19 23
11 20 50
11 21 34
11 25 44
11 26 54
11 28 53
11 30 43
11 33 41
11 35 48
11 39 51
11 45 46
12 13 44
12 15 21
12 16 33
12 17 23
12 18 19
12 20 54
12 22 36
12 25 51
12 26 50
12 28 42
12 29 37
12 30 52
12 31 55
12 32 46
12 34 35
12 41 53
12 45 47
12 48 49
13 14 29
13 16 20
13 17 41
13 19 43
13 21 49
13 22 30
13 23 48
13 24 25
13 26 45
13 27 42
13 32 35
13 33 40
13 34 55
13 36 54
13 37 39
13 38 50
14 15 19
14 16 27
14 17 42
14 18 51
14 20 55
14 23 24
14 25 48
14 26 38
14 28 34
14 30 33
14 32 41
14 35 54
14 36 47
14 37 49
14 40 52
14 43 45
15 16 30
15 17 29
15 18 53
15 23 32
15 25 37
15 27 52
15 28 39
15 31 43
15 33 49
15 36 42
15 38 44
15 38 47
15 40 50
15 46 48
16 17 32
16 18 54
16 19 51
16 21 31
16 23 44
16 24 49
16 25 41
16 26 43
16 29 39
16 38 55
16 40 48
16 42 53
16 46 50
16 50 52
17 18 50
17 20 48
17 21 30
17 22 26
17 24 28
17 25 27
17 31 40
17 34 51
17 36 55
17 37 38
17 44 49
17 48 52
17 53 54
18 20 22
18 21 47
18 23 29
18 25 33
18 30 41
18 31 36
18 32 42
18 35 43
18 39 48
18 44 45
18 46 52
19 20 39
19 21 26
19 24 55
19 27 33
19 29 50
19 30 48
19 31 45
19 34 46
19 35 49
19 38 52
19 40 42
19 44 53
20 21 52
20 23 35
20 27 45
20 29 30
20 29 32
20 34 42
20 37 41
20 38 43
20 40 44
20 46 49
20 47 53
21 22 41
21 24 38
21 25 47
21 27 35
21 28 44
21 32 40
21 36 46
21 37 48
21 39 51
22 23 49
22 24 52
22 25 35
22 27 38
22 28 51
22 29 55
22 31 37
22 32 33
22 39 42
22 40 47
22 43 54
22 45 53
23 25 53
23 26 55
23 30 34
23 33 45
23 36 39
23 38 40
23 42 43
23 52 54
24 25 29
24 26 33
24 27 51
24 30 32
24 31 42
24 34 39
24 35 53
24 36 48
24 40 43
24 41 46
24 45 50
25 28 52
25 31 38
25 32 55
25 39 45
25 42 49
25 50 54
26 27 36
26 28 49
26 29 51
26 30 46
26 31 52
26 32 47
26 34 40
26 35 45
26 37 53
26 42 44
27 28 55
27 30 47
27 31 46
27 32 39
27 34 37
27 40 49
27 43 53
27 44 50
28 30 50
28 31 54
28 33 43
28 35 47
28 36 37
28 37 45
28 40 41
29 33 35
29 36 49
29 38 46
29 41 42
29 45 54
29 47 52
30 31 44
30 36 38
30 39 54
30 42 55
31 32 51
31 33 53
31 34 48
31 35 39
31 36 50
31 47 49
32 34 45
32 38 49
32 44 54
32 48 50
32 52 53
33 35 36
33 37 54
33 38 48
33 42 46
33 44 55
33 47 51
34 41 43
34 44 47
34 49 50
35 37 40
35 41 55
35 50 51
36 40 53
36 43 51
36 44 52
37 43 50
37 44 51
37 46 47
38 39 41
38 42 54
39 43 47
39 52 55
40 46 51
40 46 54
41 45 48
41 47 54
41 49 52
42 48 53
42 51 52
43 46 55
45 49 55
49 51 53
50 53 55
51 54 55
