0 1 18 30 49
0 2 5 16 26
0 3 11 14 37
0 4 23 36 46
0 6 15 31 44
0 7 22 38 51
0 8 10 24 34
0 9 19 32 42
0 12 17 29 48
0 13 27 43 54
0 13 39 45 50
0 20 35 47 52
0 21 28 41 55
0 25 33 40 53
0 52 53 54 55
1 2 19 31 50
1 3 6 17 27
1 4 12 15 38
1 5 24 37 47
1 7 16 32 45
1 8 23 26 39
1 9 11 25 35
1 10 20 33 43
1 13 34 41 53
1 14 28 44 54
1 14 40 46 51
1 21 36 48 52
1 22 29 42 55
2 3 20 32 51
2 4 7 18 28
2 6 25 38 48
2 8 17 33 46
2 9 24 27 40
2 10 12 13 36
2 11 21 34 44
2 14 35 42 53
2 15 29 45 54
2 15 39 41 47
2 22 37 49 52
2 23 30 43 55
3 4 21 33 39
3 5 8 19 29
3 7 13 26 49
3 9 18 34 47
3 10 25 28 41
3 12 22 35 45
3 15 36 43 53
3 16 30 46 54
3 16 40 42 48
3 23 38 50 52
3 24 31 44 55
4 5 22 34 40
4 6 9 20 30
4 8 14 27 50
4 10 19 35 48
4 11 13 29 42
4 16 37 44 53
4 17 31 47 54
4 17 41 43 49
4 24 26 51 52
4 25 32 45 55
5 6 23 35 41
5 7 10 21 31
5 9 15 28 51
5 11 20 36 49
5 12 14 30 43
5 13 33 46 55
5 17 38 45 53
5 18 32 48 54
5 18 42 44 50
5 25 27 39 52
6 7 24 36 42
6 8 11 22 32
6 10 16 29 39
6 12 21 37 50
6 13 28 40 52
6 14 34 47 55
6 18 26 46 53
6 19 33 49 54
6 19 43 45 51
7 8 25 37 43
7 9 12 23 33
7 11 17 30 40
7 14 29 41 52
7 15 35 48 55
7 19 27 47 53
7 20 34 50 54
7 20 39 44 46
8 9 13 38 44
8 12 18 31 41
8 15 30 42 52
8 16 36 49 55
8 20 28 48 53
8 21 35 51 54
8 21 40 45 47
9 10 14 26 45
9 16 31 43 52
9 17 37 50 55
9 21 29 49 53
9 22 36 39 54
9 22 41 46 48
10 11 15 27 46
10 17 32 44 52
10 18 38 51 55
10 22 30 50 53
10 23 37 40 54
10 23 42 47 49
11 12 16 28 47
11 18 33 45 52
11 19 26 39 55
11 23 31 51 53
11 24 38 41 54
11 24 43 48 50
12 19 34 46 52
12 20 27 40 55
12 24 32 39 53
12 25 26 42 54
12 25 44 49 51
13 14 21 23 32
13 15 18 19 37
13 16 17 24 35
13 20 22 25 31
13 30 47 48 51
14 15 22 24 33
14 16 19 20 38
14 17 18 25 36
14 31 39 48 49
15 16 23 25 34
15 17 20 21 26
15 32 40 49 50
16 18 21 22 27
16 33 41 50 51
17 19 22 23 28
17 34 39 42 51
18 20 23 24 29
18 35 39 40 43
19 21 24 25 30
19 36 40 41 44
20 37 41 42 45
21 38 42 43 46
22 26 43 44 47
23 27 44 45 48
24 28 45 46 49
25 29 46 47 50
26 27 30 32 41
26 28 35 36 50
26 29 31 38 40
26 33 34 37 48
27 28 31 33 42
27 29 36 37 51
27 34 35 38 49
28 29 32 34 43
28 30 37 38 39
29 30 33 35 44
30 31 34 36 45
31 32 35 37 46
32 33 36 38 47
