0 1 2 3 4 45
0 5 11 27 42 46
0 6 10 22 37 51
0 7 26 32 35 54
0 8 18 20 44 52
0 9 14 16 31 49
0 12 17 25 36 52
0 13 24 33 40 46
0 15 34 38 43 53
0 19 23 28 30 50
0 21 29 39 41 47
0 45 47 48 51 55
1 5 10 17 32 48
1 6 12 28 43 47
1 7 11 23 38 46
1 8 27 33 36 50
1 9 19 21 40 55
1 13 18 26 37 49
1 14 20 34 41 52
1 15 24 29 31 51
1 16 30 39 44 53
1 22 25 35 42 48
1 40 49 50 51 54
2 5 15 22 41 49
2 6 11 18 33 48
2 7 13 29 44 47
2 8 12 24 39 53
2 9 28 34 37 54
2 10 21 30 42 46
2 14 19 27 38 51
2 16 20 25 32 50
2 17 31 35 40 55
2 23 26 36 43 52
3 5 29 30 38 52
3 6 16 23 42 49
3 7 12 19 34 48
3 8 14 25 40 47
3 9 13 20 35 51
3 10 15 28 39 55
3 11 22 31 43 50
3 17 21 26 33 53
3 18 32 36 41 46
3 24 27 37 44 54
4 5 14 21 36 51
4 6 25 31 39 46
4 7 17 24 43 49
4 8 13 15 30 54
4 9 10 26 41 50
4 11 16 29 35 52
4 12 23 32 44 51
4 18 22 27 34 55
4 19 33 37 42 52
4 20 28 38 40 48
4 27 36 47 50 53
5 6 7 8 9 45
5 12 16 37 40 50
5 13 23 25 34 55
5 18 24 28 35 53
5 19 26 31 44 47
5 20 33 39 43 54
6 13 17 38 41 50
6 14 24 26 30 48
6 14 42 53 54 55
6 15 27 32 40 52
6 19 20 29 36 49
6 21 34 35 44 50
7 10 20 27 31 53
7 14 18 39 42 50
7 15 21 25 37 52
7 16 28 33 41 51
7 22 30 36 40 55
8 10 19 35 43 46
8 11 21 28 32 49
8 16 22 26 38 55
8 17 29 34 42 51
8 23 31 37 41 48
9 11 15 36 44 48
9 12 22 29 33 55
9 17 23 27 39 54
9 18 25 30 43 51
9 24 32 38 42 47
9 37 46 51 52 53
10 11 12 13 14 45
10 16 24 34 36 54
10 18 22 47 52 54
10 18 23 29 40 53
10 25 33 38 44 49
11 17 20 30 37 47
11 19 24 25 41 54
11 25 41 44 53 55
11 26 34 39 40 51
12 15 20 26 42 46
12 18 21 31 38 54
12 27 30 35 41 49
13 16 21 27 43 48
13 19 22 32 39 53
13 28 31 36 42 52
14 15 23 33 35 47
14 17 22 28 44 46
14 29 32 37 43 55
15 16 17 18 19 45
15 20 24 50 52 55
16 34 46 47 49 55
20 21 22 23 24 45
25 26 27 28 29 45
29 45 46 48 50 54
30 31 32 33 34 45
35 36 37 38 39 45
39 45 48 49 52 53
40 41 42 43 44 45
