0 1 35
0 2 41
0 3 8
0 4 30
0 5 56
0 6 22
0 7 16
0 9 45
0 10 38
0 11 27
0 12 14
0 13 32
0 15 37
0 17 43
0 18 21
0 19 47
0 20 51
0 23 53
0 24 40
0 25 48
0 26 31
0 28 54
0 29 55
0 33 34
0 36 46
0 39 42
0 44 50
0 49 52
1 2 47
1 3 55
1 4 16
1 5 39
1 6 50
1 7 46
1 8 11
1 9 23
1 10 53
1 12 20
1 13 36
1 14 15
1 17 31
1 18 52
1 19 45
1 21 51
1 22 34
1 24 42
1 25 54
1 26 32
1 27 38
1 28 56
1 29 37
1 30 43
1 33 40
1 41 44
1 48 49
2 3 20
2 4 34
2 5 18
2 6 36
2 7 10
2 8 39
2 9 48
2 11 33
2 12 37
2 13 17
2 14 28
2 15 42
2 16 45
2 19 27
2 21 35
2 22 52
2 23 40
2 24 29
2 25 53
2 26 56
2 30 51
2 31 49
2 32 55
2 38 54
2 43 50
2 44 46
3 4 29
3 5 14
3 6 52
3 7 43
3 9 15
3 10 19
3 11 23
3 12 51
3 13 28
3 16 42
3 17 33
3 18 27
3 21 26
3 22 35
3 24 34
3 25 36
3 30 54
3 31 46
3 32 45
3 37 53
3 38 40
3 39 44
3 41 48
3 47 50
3 49 56
4 5 50
4 6 19
4 7 21
4 8 44
4 9 13
4 10 26
4 11 52
4 12 53
4 14 33
4 15 51
4 17 42
4 18 37
4 20 47
4 22 40
4 23 54
4 24 43
4 25 55
4 27 31
4 28 41
4 32 35
4 36 49
4 38 56
4 39 48
4 45 46
5 6 53
5 7 20
5 8 55
5 9 19
5 10 11
5 12 49
5 13 54
5 15 33
5 16 31
5 17 40
5 21 43
5 22 28
5 23 34
5 24 46
5 25 44
5 26 35
5 27 30
5 29 38
5 32 41
5 36 52
5 37 45
5 42 47
5 48 51
6 7 44
6 8 42
6 9 30
6 10 56
6 11 18
6 12 17
6 13 23
6 14 38
6 15 34
6 16 25
6 20 27
6 21 41
6 24 28
6 26 37
6 29 54
6 31 33
6 32 49
6 35 51
6 39 46
6 40 48
6 43 55
6 45 47
7 8 24
7 9 39
7 11 36
7 12 13
7 14 40
7 15 55
7 17 53
7 18 34
7 19 42
7 22 49
7 23 35
7 25 27
7 26 41
7 28 48
7 29 50
7 30 37
7 31 56
7 32 54
7 33 38
7 45 51
7 47 52
8 9 27
8 10 37
8 12 36
8 13 18
8 14 41
8 15 49
8 16 35
8 17 25
8 19 28
8 20 29
8 21 40
8 22 54
8 23 32
8 26 33
8 30 53
8 31 50
8 34 45
8 38 52
8 43 51
8 46 48
8 47 56
9 10 47
9 11 25
9 12 40
9 14 46
9 16 17
9 18 26
9 20 54
9 21 33
9 22 32
9 24 37
9 28 35
9 29 34
9 31 53
9 36 55
9 38 50
9 41 49
9 42 43
9 44 51
9 52 56
10 12 46
10 13 51
10 14 30
10 15 29
10 16 24
10 17 45
10 18 22
10 20 28
10 21 31
10 23 43
10 25 41
10 27 35
10 32 50
10 33 54
10 34 40
10 36 39
10 42 48
10 44 49
10 52 55
11 12 43
11 13 56
11 14 21
11 15 20
11 16 46
11 17 32
11 19 41
11 22 29
11 24 50
11 26 30
11 28 47
11 31 54
11 34 51
11 35 48
11 37 44
11 38 45
11 39 53
11 40 42
11 49 55
12 15 56
12 16 48
12 18 44
12 19 31
12 21 30
12 22 26
12 23 50
12 24 35
12 25 42
12 27 47
12 28 33
12 29 52
12 32 39
12 34 54
12 38 41
12 45 55
13 14 22
13 15 53
13 16 37
13 19 26
13 20 50
13 21 52
13 24 48
13 25 46
13 27 43
13 29 35
13 30 42
13 31 41
13 33 47
13 34 39
13 38 55
13 40 49
13 44 45
14 16 29
14 17 27
14 18 45
14 19 51
14 20 39
14 23 48
14 24 55
14 25 56
14 26 53
14 31 37
14 32 43
14 34 47
14 35 36
14 42 44
14 49 54
14 50 52
15 16 18
15 17 28
15 19 43
15 21 25
15 22 48
15 23 41
15 24 44
15 26 54
15 27 32
15 30 46
15 31 38
15 35 50
15 36 45
15 39 52
15 40 47
16 19 49
16 20 43
16 21 23
16 22 30
16 26 39
16 27 56
16 28 44
16 32 36
16 33 50
16 34 41
16 38 51
16 40 55
16 47 54
16 52 53
17 18 29
17 19 23
17 20 49
17 21 34
17 22 56
17 24 51
17 26 38
17 30 47
17 35 46
17 36 48
17 37 54
17 39 50
17 41 52
17 44 55
18 19 55
18 20 40
18 23 30
18 24 49
18 25 33
18 28 42
18 31 48
18 32 38
18 35 53
18 36 47
18 39 51
18 41 54
18 43 56
18 46 50
19 20 22
19 21 38
19 24 56
19 25 50
19 29 53
19 30 52
19 32 33
19 34 35
19 36 37
19 39 40
19 44 48
19 46 54
20 21 53
20 23 37
20 24 32
20 25 26
20 30 45
20 31 55
20 33 36
20 34 42
20 35 56
20 38 48
20 41 46
20 44 52
21 22 36
21 24 47
21 27 55
21 28 49
21 29 44
21 32 46
21 37 39
21 42 56
21 45 50
21 48 54
22 23 46
22 24 38
22 25 51
22 27 44
22 31 47
22 33 55
22 37 50
22 39 43
22 41 53
22 42 45
23 24 26
23 25 28
23 27 51
23 29 49
23 31 39
23 33 44
23 36 56
23 38 42
23 45 52
23 47 55
24 25 52
24 27 41
24 30 31
24 33 39
24 36 53
24 45 54
25 29 31
25 30 35
25 32 40
25 34 37
25 38 39
25 43 45
25 47 49
26 27 34
26 28 55
26 29 40
26 36 42
26 43 44
26 45 49
26 46 47
26 48 50
26 51 52
27 28 45
27 29 36
27 33 48
27 37 46
27 39 54
27 40 50
27 42 52
27 49 53
28 29 32
28 30 39
28 31 34
28 36 38
28 37 43
28 40 51
28 46 52
28 50 53
29 30 33
29 39 45
29 41 43
29 42 51
29 46 56
29 47 48
30 32 56
30 34 36
30 38 44
30 40 41
30 48 55
30 49 50
31 32 44
31 35 42
31 36 51
31 40 45
31 43 52
32 34 52
32 37 42
32 47 51
32 48 53
33 35 52
33 37 56
33 41 42
33 43 49
33 45 53
33 46 51
34 38 49
34 43 48
34 44 53
34 46 55
34 50 56
35 37 40
35 38 43
35 39 49
35 41 45
35 44 47
35 54 55
36 40 44
36 41 50
36 43 54
37 38 47
37 41 55
37 48 52
37 49 51
38 46 53
39 41 47
39 55 56
40 43 46
40 52 54
40 53 56
41 51 56
42 46 49
42 50 54
42 53 55
43 47 53
44 54 56
45 48 56
50 51 55
51 53 54
