0 1 3 7 25 45
0 2 6 24 44 56
0 4 22 42 54 55
0 5 16 26 34 43
0 8 17 31 36 47
0 9 23 28 39 49
0 10 18 27 41 46
0 11 21 29 38 52
0 12 13 15 19 37
0 14 19 30 40 48
0 18 38 50 51 53
0 20 32 33 35 39
1 2 4 8 26 46
1 5 23 43 55 56
1 6 17 27 35 44
1 9 18 32 37 48
1 10 24 29 40 50
1 11 19 28 42 47
1 12 22 30 39 53
1 13 14 16 20 38
1 15 20 31 41 49
1 19 39 51 52 54
1 21 33 34 36 40
2 3 5 9 27 47
2 7 18 28 36 45
2 10 19 33 38 49
2 11 25 30 41 51
2 12 20 29 43 48
2 13 23 31 40 54
2 14 15 17 21 39
2 16 21 32 42 50
2 20 40 52 53 55
2 22 34 35 37 41
3 4 6 10 28 48
3 8 19 29 37 46
3 11 20 34 39 50
3 12 26 31 42 52
3 13 21 30 44 49
3 14 24 32 41 55
3 15 16 18 22 40
3 17 22 33 43 51
3 21 41 53 54 56
3 23 35 36 38 42
4 5 7 11 29 49
4 9 20 30 38 47
4 12 21 35 40 51
4 13 27 32 43 53
4 14 22 31 45 50
4 15 25 33 42 56
4 16 17 19 23 41
4 18 23 34 44 52
4 24 36 37 39 43
5 6 8 12 30 50
5 10 21 31 39 48
5 13 22 36 41 52
5 14 28 33 44 54
5 15 23 32 46 51
5 17 18 20 24 42
5 19 24 35 45 53
5 25 37 38 40 44
6 7 9 13 31 51
6 11 22 32 40 49
6 14 23 37 42 53
6 15 29 34 45 55
6 16 24 33 47 52
6 18 19 21 25 43
6 20 25 36 46 54
6 26 38 39 41 45
7 8 10 14 32 52
7 12 23 33 41 50
7 15 24 38 43 54
7 16 30 35 46 56
7 17 25 34 48 53
7 19 20 22 26 44
7 21 26 37 47 55
7 27 39 40 42 46
8 9 11 15 33 53
8 13 24 34 42 51
8 16 25 39 44 55
8 18 26 35 49 54
8 20 21 23 27 45
8 22 27 38 48 56
8 28 40 41 43 47
9 10 12 16 34 54
9 14 25 35 43 52
9 17 26 40 45 56
9 19 27 36 50 55
9 21 22 24 28 46
9 29 41 42 44 48
10 11 13 17 35 55
10 15 26 36 44 53
10 20 28 37 51 56
10 22 23 25 29 47
10 30 42 43 45 49
11 12 14 18 36 56
11 16 27 37 45 54
11 23 24 26 30 48
11 31 43 44 46 50
12 17 28 38 46 55
12 24 25 27 31 49
12 32 44 45 47 51
13 18 29 39 47 56
13 25 26 28 32 50
13 33 45 46 48 52
14 26 27 29 33 51
14 34 46 47 49 53
15 27 28 30 34 52
15 35 47 48 50 54
16 28 29 31 35 53
16 36 48 49 51 55
17 29 30 32 36 54
17 37 49 50 52 56
18 30 31 33 37 55
19 31 32 34 38 56
