0 1 2 3 4 5 6 10 54
0 7 14 21 28 35 42 49 56
0 8 16 24 32 40 48 50 57
0 9 18 27 29 38 47 51 58
0 10 20 23 33 36 46 52 59
0 11 15 26 30 41 45 53 60
0 12 17 22 34 39 44 54 61
0 13 19 25 31 37 43 55 62
1 7 20 26 32 38 44 49 62
1 8 15 22 29 36 43 50 56
1 9 17 25 33 41 42 51 57
1 10 19 21 30 39 48 52 58
1 11 14 24 34 37 47 53 59
1 12 16 27 31 35 46 54 60
1 13 18 23 28 40 45 55 61
2 7 19 24 29 41 46 49 61
2 8 14 27 33 39 45 50 62
2 9 16 23 30 37 44 51 56
2 10 18 26 34 35 43 52 57
2 11 20 22 31 40 42 53 58
2 12 15 25 28 38 48 54 59
2 13 17 21 32 36 47 55 60
3 7 18 22 33 37 48 49 60
3 8 20 25 30 35 47 50 61
3 9 15 21 34 40 46 51 62
3 10 17 24 31 38 45 52 56
3 11 19 27 28 36 44 53 57
3 12 14 23 32 41 43 54 58
3 13 16 26 29 39 42 55 59
4 7 17 27 30 40 43 49 59
4 8 19 23 34 38 42 50 60
4 9 14 26 31 36 48 51 61
4 10 16 22 28 41 47 52 62
4 11 18 25 32 39 46 53 56
4 12 20 21 29 37 45 54 57
4 13 15 24 33 35 44 55 58
4 14 42 43 44 45 46 47 48
5 7 16 25 34 36 45 49 58
5 8 18 21 31 41 44 50 59
5 9 20 24 28 39 43 51 60
5 10 15 27 32 37 42 52 61
5 11 17 23 29 35 48 53 62
5 12 19 26 33 40 47 54 56
5 13 14 22 30 38 46 55 57
6 7 15 23 31 39 47 49 57
6 8 17 26 28 37 46 50 58
6 9 19 22 32 35 45 51 59
6 10 14 25 29 40 44 52 60
6 11 16 21 33 38 43 53 61
6 12 18 24 30 36 42 54 62
6 13 20 27 34 41 48 55 56
7 8 9 10 12 49 50 52 53
7 8 9 11 13 51 53 54 55
10 11 12 13 49 50 51 52 55
14 15 16 17 18 19 20 29 53
16 32 35 36 37 38 39 40 41
21 22 23 24 25 26 27 52 54
28 29 30 31 32 33 34 50 54
49 54 56 57 58 59 60 61 62
