0 1 2
0 3 58
0 4 14
0 5 56
0 6 49
0 7 63
0 8 35
0 9 15
0 10 30
0 11 16
0 12 46
0 13 24
0 17 61
0 18 54
0 19 51
0 20 39
0 21 55
0 22 45
0 23 34
0 25 32
0 26 37
0 27 40
0 28 59
0 29 62
0 31 50
0 33 52
0 36 53
0 38 42
0 41 57
0 43 60
0 44 64
0 47 48
1 3 26
1 4 10
1 5 52
1 6 43
1 7 22
1 8 29
1 9 21
1 11 27
1 12 17
1 13 47
1 14 63
1 15 55
1 16 20
1 18 39
1 19 38
1 23 49
1 24 58
1 25 62
1 28 45
1 30 44
1 31 41
1 32 57
1 33 56
1 34 46
1 35 59
1 36 42
1 37 50
1 40 54
1 48 51
1 53 61
1 60 64
2 3 27
2 4 9
2 5 39
2 6 38
2 7 62
2 8 52
2 10 54
2 11 47
2 12 19
2 13 40
2 14 50
2 15 24
2 16 46
2 17 26
2 18 59
2 20 56
2 21 22
2 23 36
2 25 63
2 28 51
2 29 60
2 30 48
2 31 35
2 32 45
2 33 57
2 34 37
2 41 42
2 43 49
2 44 53
2 55 61
2 58 64
3 4 31
3 5 40
3 6 29
3 7 28
3 8 38
3 9 61
3 10 55
3 11 13
3 12 52
3 14 60
3 15 34
3 16 33
3 17 35
3 18 57
3 19 36
3 20 44
3 21 41
3 22 63
3 23 59
3 24 56
3 25 39
3 30 42
3 32 48
3 37 47
3 43 46
3 45 50
3 49 53
3 51 62
3 54 64
4 5 60
4 6 13
4 7 15
4 8 59
4 11 51
4 12 37
4 16 54
4 17 20
4 18 21
4 19 48
4 22 42
4 23 32
4 24 43
4 25 53
4 26 52
4 27 45
4 28 56
4 29 47
4 30 49
4 33 39
4 34 64
4 35 63
4 36 41
4 38 61
4 40 57
4 44 55
4 46 62
4 50 58
5 6 34
5 7 54
5 8 63
5 9 30
5 10 22
5 11 41
5 12 62
5 13 51
5 14 59
5 15 32
5 16 24
5 17 18
5 19 31
5 20 37
5 21 35
5 23 46
5 25 44
5 26 27
5 28 33
5 29 48
5 36 55
5 38 57
5 42 53
5 43 50
5 45 47
5 49 58
5 61 64
6 7 23
6 8 16
6 9 63
6 10 52
6 11 54
6 12 30
6 14 45
6 15 26
6 17 62
6 18 28
6 19 21
6 20 50
6 22 44
6 24 27
6 25 47
6 31 32
6 33 53
6 35 40
6 36 48
6 37 59
6 39 56
6 41 61
6 42 46
6 51 58
6 55 64
6 57 60
7 8 13
7 9 39
7 10 56
7 11 64
7 12 60
7 14 30
7 16 47
7 17 34
7 18 33
7 19 24
7 20 36
7 21 48
7 25 46
7 26 35
7 27 50
7 29 53
7 31 37
7 32 49
7 38 59
7 40 61
7 41 44
7 42 43
7 45 58
7 51 52
7 55 57
8 9 45
8 10 46
8 11 26
8 12 55
8 14 41
8 15 43
8 17 36
8 18 31
8 19 60
8 20 27
8 21 57
8 22 62
8 23 33
8 24 42
8 25 51
8 28 44
8 30 54
8 32 50
8 34 61
8 37 39
8 40 53
8 47 64
8 48 58
8 49 56
9 10 53
9 11 25
9 12 48
9 13 36
9 14 46
9 16 62
9 17 43
9 18 32
9 19 44
9 20 31
9 22 47
9 23 34
9 24 49
9 26 51
9 27 58
9 28 54
9 29 59
9 33 40
9 35 37
9 38 41
9 42 57
9 50 56
9 52 64
9 55 60
10 11 23
10 12 18
10 13 62
10 14 35
10 15 20
10 16 29
10 17 50
10 19 49
10 21 34
10 24 41
10 25 40
10 26 44
10 27 63
10 28 48
10 31 47
10 32 37
10 33 43
10 36 59
10 38 45
10 39 42
10 51 61
10 57 64
10 58 60
11 12 57
11 14 29
11 15 61
11 17 58
11 18 48
11 19 45
11 20 49
11 21 60
11 22 35
11 24 63
11 28 46
11 30 40
11 31 53
11 32 39
11 33 62
11 34 50
11 36 44
11 37 52
11 38 55
11 42 56
11 43 59
12 13 50
12 14 42
12 15 39
12 16 53
12 20 54
12 21 40
12 22 41
12 23 26
12 24 44
12 25 58
12 27 59
12 28 49
12 29 38
12 31 63
12 32 34
12 33 36
12 35 61
12 43 64
12 45 56
12 47 51
13 14 15
13 16 48
13 17 56
13 18 42
13 19 22
13 20 58
13 21 45
13 23 43
13 25 30
13 26 32
13 27 64
13 28 52
13 29 41
13 31 49
13 33 35
13 34 39
13 37 54
13 38 60
13 44 46
13 53 55
13 57 61
13 59 63
14 16 32
14 17 23
14 18 24
14 19 47
14 20 48
14 21 44
14 22 49
14 25 55
14 26 33
14 27 43
14 28 57
14 31 61
14 34 54
14 36 64
14 37 51
14 38 52
14 39 53
14 40 56
14 58 62
15 16 49
15 17 44
15 18 37
15 19 42
15 21 36
15 22 33
15 23 38
15 25 45
15 27 48
15 28 63
15 29 35
15 30 31
15 40 50
15 41 56
15 46 64
15 47 52
15 51 57
15 53 59
15 54 58
15 60 62
16 17 42
16 18 41
16 19 40
16 21 61
16 22 25
16 23 44
16 26 36
16 27 57
16 28 60
16 30 34
16 31 64
16 35 56
16 37 43
16 38 50
16 39 52
16 45 63
16 51 55
16 58 59
17 19 39
17 21 59
17 22 55
17 24 37
17 25 52
17 27 32
17 28 47
17 29 46
17 30 51
17 31 33
17 38 54
17 40 48
17 41 49
17 45 60
17 53 57
17 63 64
18 19 62
18 20 40
18 22 38
18 23 58
18 25 61
18 26 34
18 27 47
18 29 43
18 30 52
18 35 53
18 36 46
18 44 63
18 45 51
18 49 64
18 50 60
18 55 56
19 20 29
19 23 56
19 25 54
19 26 64
19 27 35
19 28 30
19 32 61
19 33 63
19 34 58
19 37 55
19 41 46
19 43 53
19 50 57
19 52 59
20 21 53
20 22 46
20 23 63
20 24 38
20 25 26
20 28 61
20 30 41
20 32 64
20 33 60
20 34 59
20 35 47
20 42 51
20 43 52
20 45 55
20 57 62
21 23 52
21 24 32
21 25 27
21 26 62
21 28 31
21 29 58
21 30 39
21 33 51
21 37 56
21 38 49
21 42 64
21 43 54
21 46 47
21 50 63
22 23 31
22 24 50
22 26 28
22 27 34
22 29 37
22 30 32
22 36 52
22 39 58
22 40 64
22 43 48
22 51 56
22 53 60
22 54 61
22 57 59
23 24 40
23 25 57
23 27 55
23 28 29
23 30 53
23 34 45
23 35 50
23 37 64
23 39 41
23 42 54
23 47 61
23 48 62
23 51 60
24 25 29
24 26 53
24 28 34
24 30 33
24 31 39
24 35 51
24 36 57
24 45 61
24 46 55
24 47 59
24 48 60
24 52 54
24 62 64
25 28 43
25 31 34
25 33 42
25 35 60
25 36 49
25 37 38
25 41 50
25 48 56
25 59 64
26 29 42
26 30 38
26 31 40
26 39 45
26 41 43
26 46 50
26 47 58
26 48 61
26 49 55
26 54 59
26 56 57
26 60 63
27 28 37
27 29 33
27 30 56
27 31 62
27 36 39
27 38 53
27 41 52
27 42 44
27 46 51
27 49 54
27 60 61
28 32 38
28 35 55
28 36 62
28 39 40
28 41 64
28 42 58
28 50 53
29 30 64
29 31 55
29 32 40
29 34 63
29 36 61
29 39 51
29 44 56
29 45 49
29 50 54
29 52 57
30 35 36
30 37 46
30 43 55
30 45 57
30 47 60
30 50 59
30 58 61
30 62 63
31 36 54
31 38 43
31 42 48
31 44 60
31 45 46
31 51 59
31 52 56
31 57 58
32 33 41
32 35 42
32 36 60
32 43 47
32 44 51
32 46 59
32 52 63
32 53 56
32 54 62
32 55 58
33 34 55
33 37 49
33 38 58
33 44 47
33 45 54
33 46 61
33 48 59
33 50 64
34 35 52
34 36 56
34 38 44
34 40 60
34 41 51
34 42 47
34 43 57
34 48 49
34 53 62
35 38 48
35 39 64
35 41 58
35 43 45
35 44 54
35 46 57
35 49 62
36 37 45
36 38 51
36 40 58
36 43 63
36 47 50
37 40 44
37 41 48
37 42 60
37 53 58
37 57 63
37 61 62
38 39 47
38 40 62
38 46 63
38 56 64
39 43 62
39 44 57
39 46 60
39 48 50
39 49 59
39 54 55
39 61 63
40 41 59
40 42 45
40 43 51
40 46 49
40 47 63
40 52 55
41 45 62
41 47 55
41 53 63
41 54 60
42 49 63
42 50 55
42 52 62
42 59 61
43 44 58
43 56 61
44 45 59
44 48 52
44 49 61
44 50 62
45 48 64
45 52 53
46 48 53
46 52 58
46 54 56
47 49 57
47 53 54
47 56 62
48 54 57
48 55 63
49 50 51
49 52 60
50 52 61
51 53 64
51 54 63
55 59 62
56 58 63
56 59 60
