0 1 2 3 4 6
0 5 24 25 39 57
0 6 27 38 44 55
0 7 26 33 49 56
0 8 21 43 50 61
0 9 29 31 41 46
0 10 16 37 48 54
0 11 15 23 36 58
0 12 17 35 53 63
0 13 22 51 59 62
0 14 32 40 45 64
0 18 28 30 42 47
0 19 20 34 52 60
0 55 56 57 58 59
1 5 13 26 48 55
1 6 25 34 54 56
1 7 14 19 27 57
1 8 24 31 40 47
1 9 12 15 28 37
1 10 17 36 43 59
1 11 16 35 44 64
1 18 21 52 58 62
1 20 29 49 51 61
1 22 33 39 50 60
1 23 30 41 45 53
1 30 31 32 33 34
1 32 38 42 46 63
2 5 18 27 56 64
2 6 23 26 57 63
2 7 25 43 53 55
2 8 12 16 33 36
2 9 14 22 52 61
2 10 15 34 35 49
2 11 17 24 29 37
2 13 19 30 40 46
2 20 38 48 50 62
2 21 28 44 51 60
2 31 39 42 45 58
2 32 41 47 54 59
3 5 17 22 40 58
3 6 37 43 47 51
3 7 11 28 31 62
3 8 29 39 53 64
3 9 20 30 36 57
3 10 21 25 33 46
3 12 41 49 52 55
3 13 15 27 32 50
3 14 18 23 44 54
3 16 38 45 56 60
3 19 26 35 42 61
3 24 34 48 59 63
4 5 19 37 45 50
4 6 16 21 40 49
4 7 10 23 32 61
4 8 13 34 44 58
4 9 17 47 56 62
4 11 20 27 46 53
4 12 42 51 57 64
4 14 28 39 43 48
4 15 25 31 52 63
4 18 29 33 38 59
4 22 30 35 54 55
4 24 26 36 41 60
5 6 7 8 9 32
5 10 29 30 44 62
5 11 32 43 49 60
5 12 31 38 54 61
5 14 34 36 46 51
5 15 21 42 53 59
5 16 20 28 41 63
5 23 33 35 47 52
6 10 18 31 53 60
6 11 30 39 59 61
6 12 19 24 32 62
6 13 29 36 45 52
6 14 17 20 33 42
6 15 22 41 48 64
6 28 35 46 50 58
7 12 30 48 58 60
7 13 17 21 38 41
7 15 20 39 40 54
7 16 22 29 34 42
7 18 24 35 45 51
7 36 44 47 50 63
7 37 46 52 59 64
8 10 22 27 45 63
8 11 42 48 52 56
8 14 25 35 41 62
8 15 26 30 38 51
8 17 46 54 57 60
8 18 20 32 37 55
8 19 23 28 49 59
8 45 46 47 48 49
9 10 24 42 50 55
9 11 21 26 45 54
9 13 18 39 49 63
9 16 25 32 51 58
9 19 33 44 48 53
9 23 34 38 43 64
9 27 35 40 59 60
10 11 12 13 14 62
10 19 39 41 51 56
10 20 26 47 58 64
10 28 38 40 52 57
10 60 61 62 63 64
11 18 34 41 50 57
11 19 22 25 38 47
11 33 40 51 55 63
12 18 22 26 43 46
12 20 25 44 45 59
12 21 27 34 39 47
12 23 29 40 50 56
13 16 47 53 57 61
13 20 31 35 43 56
13 23 25 37 42 60
13 24 28 33 54 64
14 15 29 47 55 60
14 16 26 31 50 59
14 21 30 37 56 63
14 24 38 49 53 58
15 16 17 18 19 55
15 24 44 46 56 61
15 33 43 45 57 62
16 23 39 46 55 62
16 24 27 30 43 52
17 23 27 31 48 51
17 25 30 49 50 64
17 26 32 39 44 52
17 28 34 45 55 61
18 25 36 40 48 61
19 21 31 36 55 64
19 29 43 54 58 63
20 21 22 23 24 51
21 29 32 35 48 57
22 28 32 36 53 56
22 31 37 44 49 57
25 26 27 28 29 59
26 34 37 40 53 62
27 33 37 41 58 61
27 36 42 49 54 62
33 35 36 37 38 39
35 40 41 42 43 44
48 50 51 52 53 54
