0 1 3 7 21
0 2 6 14 20
0 4 12 13 18
0 5 31 32 57
0 8 9 11 29
0 10 41 42 52
0 15 30 45 60
0 16 24 25 27
0 17 34 38 40
0 19 43 55 61
0 21 39 50 65
0 22 35 59 63
0 23 37 58 64
0 24 44 48 66
0 26 36 54 62
0 28 47 51 53
0 33 46 49 56
0 63 64 65 66
1 2 4 8 22
1 5 13 14 19
1 6 32 33 58
1 9 10 12 15
1 11 42 43 53
1 16 31 46 60
1 17 25 26 28
1 18 35 39 41
1 20 44 56 61
1 22 40 51 65
1 23 36 45 63
1 24 38 59 64
1 25 30 49 66
1 27 37 55 62
1 29 48 52 54
1 34 47 50 57
2 3 5 9 23
2 7 33 34 59
2 10 11 13 16
2 12 43 44 54
2 15 49 53 55
2 17 32 47 60
2 18 26 27 29
2 19 36 40 42
2 21 30 57 61
2 23 41 52 65
2 24 37 46 63
2 25 39 45 64
2 26 31 50 66
2 28 38 56 62
2 35 48 51 58
3 4 6 10 24
3 8 34 35 45
3 11 12 14 17
3 13 30 44 55
3 15 19 27 28
3 16 50 54 56
3 18 33 48 60
3 20 37 41 43
3 22 31 58 61
3 24 42 53 65
3 25 38 47 63
3 26 40 46 64
3 27 32 51 66
3 29 39 57 62
3 36 49 52 59
4 5 7 11 25
4 9 35 36 46
4 14 30 31 56
4 15 40 58 62
4 16 20 28 29
4 17 51 55 57
4 19 34 49 60
4 21 38 42 44
4 23 32 59 61
4 25 43 54 65
4 26 39 48 63
4 27 41 47 64
4 28 33 52 66
4 37 45 50 53
5 6 8 12 26
5 10 36 37 47
5 15 17 21 29
5 16 41 59 62
5 18 52 56 58
5 20 35 50 60
5 22 30 39 43
5 24 33 45 61
5 26 44 55 65
5 27 40 49 63
5 28 42 48 64
5 29 34 53 66
5 38 46 51 54
6 7 9 13 27
6 11 37 38 48
6 15 16 18 22
6 15 35 54 66
6 17 42 45 62
6 19 53 57 59
6 21 36 51 60
6 23 31 40 44
6 25 34 46 61
6 27 30 56 65
6 28 41 50 63
6 29 43 49 64
6 39 47 52 55
7 8 10 14 28
7 12 38 39 49
7 15 44 50 64
7 16 17 19 23
7 16 36 55 66
7 18 43 46 62
7 20 45 54 58
7 22 37 52 60
7 24 30 32 41
7 26 35 47 61
7 28 31 57 65
7 29 42 51 63
7 40 48 53 56
8 13 39 40 50
8 15 43 52 63
8 16 30 51 64
8 17 18 20 24
8 17 37 56 66
8 19 44 47 62
8 21 46 55 59
8 23 38 53 60
8 25 31 33 42
8 27 36 48 61
8 29 32 58 65
8 41 49 54 57
9 14 40 41 51
9 15 33 59 65
9 16 44 53 63
9 17 31 52 64
9 18 19 21 25
9 18 38 57 66
9 20 30 48 62
9 22 45 47 56
9 24 39 54 60
9 26 32 34 43
9 28 37 49 61
9 42 50 55 58
10 16 34 45 65
10 17 30 54 63
10 18 32 53 64
10 19 20 22 26
10 19 39 58 66
10 21 31 49 62
10 23 46 48 57
10 25 40 55 60
10 27 33 35 44
10 29 38 50 61
10 43 51 56 59
11 15 39 51 61
11 17 35 46 65
11 18 31 55 63
11 19 33 54 64
11 20 21 23 27
11 20 40 59 66
11 22 32 50 62
11 24 47 49 58
11 26 41 56 60
11 28 30 34 36
11 44 45 52 57
12 16 40 52 61
12 18 36 47 65
12 19 32 56 63
12 20 34 55 64
12 21 22 24 28
12 21 41 45 66
12 23 33 51 62
12 25 48 50 59
12 27 42 57 60
12 29 31 35 37
12 30 46 53 58
13 15 32 36 38
13 17 41 53 61
13 19 37 48 65
13 20 33 57 63
13 21 35 56 64
13 22 23 25 29
13 22 42 46 66
13 24 34 52 62
13 26 45 49 51
13 28 43 58 60
13 31 47 54 59
14 15 23 24 26
14 16 33 37 39
14 18 42 54 61
14 20 38 49 65
14 21 34 58 63
14 22 36 57 64
14 23 43 47 66
14 25 35 53 62
14 27 46 50 52
14 29 44 59 60
14 32 45 48 55
15 20 42 46 47
15 25 37 56 57
15 31 34 41 48
16 21 43 47 48
16 26 38 57 58
16 32 35 42 49
17 22 44 48 49
17 27 39 58 59
17 33 36 43 50
18 23 30 49 50
18 28 40 45 59
18 34 37 44 51
19 24 31 50 51
19 29 41 45 46
19 30 35 38 52
20 25 32 51 52
20 31 36 39 53
21 26 33 52 53
21 32 37 40 54
22 27 34 53 54
22 33 38 41 55
23 28 35 54 55
23 34 39 42 56
24 29 36 55 56
24 35 40 43 57
25 36 41 44 58
26 30 37 42 59
27 31 38 43 45
28 32 39 44 46
29 30 33 40 47
60 61 62 63 64
60 61 62 65 66
