0 1 36
0 2 34
0 3 35
0 4 39
0 5 37
0 6 38
0 7 42
0 8 40
0 9 41
0 10 45
0 11 43
0 12 44
0 13 48
0 14 46
0 15 47
0 16 51
0 17 49
0 18 50
0 19 54
0 20 52
0 21 53
0 22 57
0 23 55
0 24 56
0 25 60
0 26 58
0 27 59
0 28 63
0 29 61
0 30 62
0 31 66
0 32 64
0 33 65
1 2 3
1 4 35
1 5 7
1 6 66
1 8 13
1 9 63
1 10 38
1 11 19
1 12 60
1 14 25
1 15 57
1 16 41
1 17 31
1 18 54
1 20 37
1 21 51
1 22 44
1 23 43
1 24 48
1 26 49
1 27 45
1 28 47
1 29 55
1 30 42
1 32 61
1 33 39
1 34 50
1 40 53
1 46 56
1 52 59
1 58 62
1 64 65
2 4 64
2 5 36
2 6 8
2 7 61
2 9 14
2 10 58
2 11 39
2 12 20
2 13 55
2 15 26
2 16 52
2 17 42
2 18 32
2 19 49
2 21 38
2 22 46
2 23 45
2 24 44
2 25 43
2 27 50
2 28 40
2 29 48
2 30 56
2 31 37
2 33 62
2 35 51
2 41 54
2 47 57
2 53 60
2 59 63
2 65 66
3 4 9
3 5 65
3 6 34
3 7 15
3 8 62
3 10 21
3 11 59
3 12 37
3 13 27
3 14 56
3 16 33
3 17 53
3 18 40
3 19 39
3 20 50
3 22 45
3 23 47
3 24 43
3 25 51
3 26 44
3 28 57
3 29 41
3 30 46
3 31 63
3 32 38
3 36 49
3 42 52
3 48 55
3 54 58
3 60 61
3 64 66
4 5 6
4 7 38
4 8 10
4 11 16
4 12 66
4 13 41
4 14 22
4 15 63
4 17 28
4 18 60
4 19 44
4 20 34
4 21 57
4 23 40
4 24 54
4 25 47
4 26 46
4 27 51
4 29 52
4 30 48
4 31 50
4 32 58
4 33 45
4 36 42
4 37 53
4 43 56
4 49 59
4 55 62
4 61 65
5 8 39
5 9 11
5 10 64
5 12 17
5 13 61
5 14 42
5 15 23
5 16 58
5 18 29
5 19 55
5 20 45
5 21 35
5 22 52
5 24 41
5 25 49
5 26 48
5 27 47
5 28 46
5 30 53
5 31 43
5 32 51
5 33 59
5 34 40
5 38 54
5 44 57
5 50 60
5 56 63
5 62 66
6 7 12
6 9 37
6 10 18
6 11 65
6 13 24
6 14 62
6 15 40
6 16 30
6 17 59
6 19 36
6 20 56
6 21 43
6 22 42
6 23 53
6 25 48
6 26 50
6 27 46
6 28 54
6 29 47
6 31 60
6 32 44
6 33 49
6 35 41
6 39 52
6 45 55
6 51 58
6 57 61
6 63 64
7 8 9
7 10 41
7 11 13
7 14 19
7 16 44
7 17 25
7 18 66
7 20 31
7 21 63
7 22 47
7 23 37
7 24 60
7 26 43
7 27 57
7 28 50
7 29 49
7 30 54
7 32 55
7 33 51
7 34 53
7 35 64
7 36 48
7 39 45
7 40 56
7 46 59
7 52 62
7 58 65
8 11 42
8 12 14
8 15 20
8 16 64
8 17 45
8 18 26
8 19 61
8 21 32
8 22 58
8 23 48
8 24 38
8 25 55
8 27 44
8 28 52
8 29 51
8 30 50
8 31 49
8 33 56
8 34 46
8 35 54
8 36 65
8 37 43
8 41 57
8 47 60
8 53 63
8 59 66
9 10 15
9 12 40
9 13 21
9 16 27
9 17 65
9 18 43
9 19 33
9 20 62
9 22 39
9 23 59
9 24 46
9 25 45
9 26 56
9 28 51
9 29 53
9 30 49
9 31 57
9 32 50
9 34 66
9 35 47
9 36 52
9 38 44
9 42 55
9 48 58
9 54 61
9 60 64
10 11 12
10 13 44
10 14 16
10 17 22
10 19 47
10 20 28
10 23 34
10 24 66
10 25 50
10 26 40
10 27 63
10 29 46
10 30 60
10 31 53
10 32 52
10 33 57
10 35 61
10 36 54
10 37 56
10 39 51
10 42 48
10 43 59
10 49 62
10 55 65
11 14 45
11 15 17
11 18 23
11 20 48
11 21 29
11 22 64
11 24 35
11 25 61
11 26 51
11 27 41
11 28 58
11 30 47
11 31 55
11 32 54
11 33 53
11 34 52
11 36 62
11 37 49
11 38 57
11 40 46
11 44 60
11 50 63
11 56 66
12 13 18
12 15 43
12 16 24
12 19 30
12 21 46
12 22 36
12 23 65
12 25 42
12 26 62
12 27 49
12 28 48
12 29 59
12 31 54
12 32 56
12 33 52
12 34 63
12 35 53
12 38 50
12 39 55
12 41 47
12 45 58
12 51 61
12 57 64
13 14 15
13 16 47
13 17 19
13 20 25
13 22 50
13 23 31
13 26 37
13 28 53
13 29 43
13 30 66
13 32 49
13 33 63
13 34 56
13 35 58
13 36 60
13 38 64
13 39 57
13 40 59
13 42 54
13 45 51
13 46 62
13 52 65
14 17 48
14 18 20
14 21 26
14 23 51
14 24 32
14 27 38
14 28 64
14 29 54
14 30 44
14 31 61
14 33 50
14 34 58
14 35 57
14 36 59
14 37 55
14 39 65
14 40 52
14 41 60
14 43 49
14 47 63
14 53 66
15 16 21
15 18 46
15 19 27
15 22 33
15 24 49
15 25 39
15 28 45
15 29 65
15 30 52
15 31 51
15 32 62
15 34 60
15 35 59
15 36 55
15 37 66
15 38 56
15 41 53
15 42 58
15 44 50
15 48 61
15 54 64
16 17 18
16 19 50
16 20 22
16 23 28
16 25 53
16 26 34
16 29 40
16 31 56
16 32 46
16 35 55
16 36 66
16 37 59
16 38 61
16 39 63
16 42 60
16 43 62
16 45 57
16 48 54
16 49 65
17 20 51
17 21 23
17 24 29
17 26 54
17 27 35
17 30 41
17 32 57
17 33 47
17 34 64
17 36 56
17 37 61
17 38 60
17 39 62
17 40 58
17 43 55
17 44 63
17 46 52
17 50 66
18 19 24
18 21 49
18 22 30
18 25 36
18 27 52
18 28 42
18 31 48
18 33 55
18 34 57
18 35 65
18 37 63
18 38 62
18 39 58
18 41 59
18 44 56
18 45 61
18 47 53
18 51 64
19 20 21
19 22 53
19 23 25
19 26 31
19 28 56
19 29 37
19 32 43
19 34 59
19 35 52
19 38 58
19 40 62
19 41 64
19 42 66
19 45 63
19 46 65
19 48 60
19 51 57
20 23 54
20 24 26
20 27 32
20 29 57
20 30 38
20 33 44
20 35 60
20 36 53
20 39 59
20 40 64
20 41 63
20 42 65
20 43 61
20 46 58
20 47 66
20 49 55
21 22 27
21 24 52
21 25 33
21 28 39
21 30 55
21 31 45
21 34 54
21 36 58
21 37 60
21 40 66
21 41 65
21 42 61
21 44 62
21 47 59
21 48 64
21 50 56
22 23 24
22 25 56
22 26 28
22 29 34
22 31 59
22 32 40
22 35 49
22 37 62
22 38 55
22 41 61
22 43 65
22 48 66
22 51 63
22 54 60
23 26 57
23 27 29
23 30 35
23 32 60
23 33 41
23 36 50
23 38 63
23 39 56
23 42 62
23 44 66
23 46 64
23 49 61
23 52 58
24 25 30
24 27 55
24 28 36
24 31 42
24 33 58
24 34 51
24 37 57
24 39 61
24 40 63
24 45 64
24 47 65
24 50 62
24 53 59
25 26 27
25 28 59
25 29 31
25 32 37
25 34 62
25 35 46
25 38 52
25 40 65
25 41 58
25 44 64
25 54 66
25 57 63
26 29 60
26 30 32
26 33 38
26 35 63
26 36 47
26 39 53
26 41 66
26 42 59
26 45 65
26 52 64
26 55 61
27 28 33
27 30 58
27 31 39
27 34 48
27 36 61
27 37 54
27 40 60
27 42 64
27 43 66
27 53 65
27 56 62
28 29 30
28 31 62
28 32 34
28 35 43
28 37 65
28 38 49
28 41 55
28 44 61
28 60 66
29 32 63
29 33 35
29 36 44
29 38 66
29 39 50
29 42 56
29 45 62
29 58 64
30 31 36
30 33 61
30 34 45
30 37 51
30 39 64
30 40 57
30 43 63
30 59 65
31 32 33
31 34 65
31 35 40
31 38 46
31 41 52
31 44 58
31 47 64
32 35 66
32 36 41
32 39 47
32 42 53
32 45 59
32 48 65
33 34 42
33 36 64
33 37 48
33 40 54
33 43 60
33 46 66
34 35 37
34 36 39
34 38 43
34 41 49
34 44 55
34 47 61
35 36 38
35 39 44
35 42 50
35 45 56
35 48 62
36 37 45
36 40 51
36 43 57
36 46 63
37 38 40
37 39 42
37 41 46
37 44 52
37 47 58
37 50 64
38 39 41
38 42 47
38 45 53
38 48 59
38 51 65
39 40 48
39 43 54
39 46 60
39 49 66
40 41 43
40 42 45
40 44 49
40 47 55
40 50 61
41 42 44
41 45 50
41 48 56
41 51 62
42 43 51
42 46 57
42 49 63
43 44 46
43 45 48
43 47 52
43 50 58
43 53 64
44 45 47
44 48 53
44 51 59
44 54 65
45 46 54
45 49 60
45 52 66
46 47 49
46 48 51
46 50 55
46 53 61
47 48 50
47 51 56
47 54 62
48 49 57
48 52 63
49 50 52
49 51 54
49 53 58
49 56 64
50 51 53
50 54 59
50 57 65
51 52 60
51 55 66
52 53 55
52 54 57
52 56 61
53 54 56
53 57 62
54 55 63
55 56 58
55 57 60
55 59 64
56 57 59
56 60 65
57 58 66
58 59 61
58 60 63
59 60 62
61 62 64
61 63 66
62 63 65
