0 1 2 3 10 15 59 64 67
0 1 2 4 16 24 53 56 60
0 1 2 5 6 9 22 23 61
0 1 2 7 25 27 32 62 66
0 1 2 8 12 38 41 58 63
0 1 2 11 29 40 44 45 49
0 1 2 12 13 33 54 55 57
0 1 2 14 19 21 26 34 43
0 1 2 17 20 30 31 50 51
0 1 2 18 28 42 47 48 52
0 1 2 35 36 37 39 46 65
3 4 5 6 7 8 9 10 11
3 4 12 13 15 17 56 57 60
3 4 19 20 21 22 23 24 25
3 4 26 27 28 29 30 31 32
3 4 33 34 35 36 37 38 39
3 4 40 41 42 43 44 45 46
3 4 47 48 49 50 51 52 53
3 4 61 62 63 64 65 66 67
3 14 15 16 17 18 54 55 58
4 14 18 54 55 56 58 59 60
5 12 13 14 16 18 57 58 59
5 12 19 26 33 40 47 54 61
5 13 21 29 37 45 53 55 62
5 14 23 32 34 43 52 56 63
5 15 25 28 38 41 51 57 64
5 16 20 31 35 46 50 58 65
5 17 22 27 39 44 49 59 66
5 18 24 30 36 42 48 60 67
6 12 25 31 37 43 49 54 67
6 13 20 27 34 41 48 55 61
6 14 22 30 38 46 47 56 62
6 15 24 26 35 44 53 57 63
6 16 19 29 39 42 52 58 64
6 17 21 32 36 40 51 59 65
6 18 23 28 33 45 50 60 66
7 12 24 29 34 46 51 54 66
7 13 19 32 38 44 50 55 67
7 14 21 28 35 42 49 56 61
7 15 23 31 39 40 48 57 62
7 16 25 27 36 45 47 58 63
7 17 20 30 33 43 53 59 64
7 18 22 26 37 41 52 60 65
8 12 23 27 38 42 53 54 65
8 13 25 30 35 40 52 55 66
8 14 20 26 39 45 51 56 67
8 15 22 29 36 43 50 57 61
8 16 24 32 33 41 49 58 62
8 17 19 28 37 46 48 59 63
8 18 21 31 34 44 47 60 64
9 12 22 32 35 45 48 54 64
9 13 24 28 39 43 47 55 65
9 14 19 31 36 41 53 56 66
9 15 21 27 33 46 52 57 67
9 16 23 30 37 44 51 58 61
9 17 25 26 34 42 50 59 62
9 18 20 29 38 40 49 60 63
10 12 21 30 39 41 50 54 63
10 13 23 26 36 46 49 55 64
10 14 25 29 33 44 48 56 65
10 15 20 32 37 42 47 57 66
10 16 22 28 34 40 53 58 67
10 17 24 31 38 45 52 59 61
10 18 19 27 35 43 51 60 62
11 12 20 28 36 44 52 54 62
11 13 22 31 33 42 51 55 63
11 14 24 27 37 40 50 56 64
11 15 19 30 34 45 49 57 65
11 16 21 26 38 43 48 58 66
11 17 23 29 35 41 47 59 67
11 18 25 32 39 46 53 60 61
