0 1 2 4 5 6 7 8
0 3 14 31 40 42 47 64
0 9 17 22 29 43 48 55
0 9 18 27 36 45 54 63
0 10 20 25 30 50 57 60
0 11 19 33 44 49 52 68
0 12 24 34 37 49 59 62
0 13 26 28 41 51 56 66
0 15 21 32 38 53 61 67
0 16 23 35 39 46 58 65
1 3 13 35 38 49 50 57
1 9 20 42 53 58 62 66
1 10 19 28 37 46 55 64
1 11 18 31 34 41 48 61
1 12 26 32 43 45 60 65
1 14 24 29 39 52 54 67
1 15 23 25 27 44 49 56
1 16 22 30 36 40 51 68
1 17 21 33 35 47 59 63
2 3 12 27 53 55 57 68
2 9 19 32 39 40 46 49
2 10 18 35 43 51 59 67
2 11 20 29 38 47 56 65
2 13 24 30 44 46 61 63
2 14 25 26 33 36 48 58
2 15 22 41 45 57 62 64
2 16 21 28 34 42 50 54
2 17 23 31 37 52 60 66
3 4 13 22 31 49 58 67
3 5 11 26 35 46 54 62
3 6 15 24 33 42 51 60
3 7 9 23 29 34 51 57
3 7 16 25 43 52 61 62
3 8 10 21 27 41 52 58
3 11 32 37 51 57 58 63
3 12 21 30 39 48 57 66
3 15 18 28 35 40 52 65
3 16 20 31 35 44 45 59
3 17 19 36 50 56 62 67
4 9 26 30 38 52 59 64
4 10 33 34 39 45 49 56
4 11 24 27 40 43 50 66
4 12 23 28 35 36 47 61
4 14 21 44 51 55 62 65
4 15 20 37 48 49 54 68
4 16 19 29 41 53 60 63
4 17 18 25 32 42 46 57
5 9 28 44 48 57 60 67
5 10 24 31 36 53 57 65
5 12 22 42 52 56 57 63
5 13 21 25 29 37 40 45
5 14 23 32 41 50 59 68
5 15 19 30 34 43 47 58
5 16 18 33 38 49 55 66
5 17 20 27 39 51 61 64
6 9 21 31 43 46 56 68
6 10 23 38 40 48 62 63
6 11 17 30 41 49 54 65
6 11 22 25 28 39 53 59
6 12 18 29 44 50 58 64
6 13 20 32 34 36 52 55
6 14 19 35 45 57 61 66
6 16 26 27 37 47 57 67
7 10 22 32 44 47 54 66
7 11 21 36 49 53 60 64
7 12 20 33 40 41 46 67
7 13 19 27 42 48 59 65
7 14 18 30 35 37 53 56
7 15 26 31 39 50 55 63
7 17 24 28 38 45 58 68
8 9 22 33 37 50 61 65
8 10 12 13 14 15 16 17
8 11 23 30 42 45 55 67
8 12 19 25 31 38 51 54
8 13 18 39 47 60 62 68
8 14 20 28 43 49 51 63
8 15 29 36 46 57 59 66
8 16 24 32 35 48 56 64
8 17 26 34 40 44 53 57
9 10 11 12 13 14 15 16
9 24 25 35 41 47 49 55
10 26 29 35 42 49 61 68
13 23 33 43 53 54 57 64
14 22 27 34 35 38 46 60
18 19 20 21 22 23 24 26
25 34 63 64 65 66 67 68
27 28 29 30 31 32 33 62
36 37 38 39 41 42 43 44
40 54 55 56 58 59 60 61
45 46 47 48 50 51 52 53
