0 1 3 12 25 33 35
0 1 7 20 31 44 47
0 2 5 14 18 30 56
0 2 5 24 40 57 60
0 3 6 11 39 41 59
0 3 6 22 37 38 58
0 3 13 42 43 66 69
0 3 15 16 17 36 69
0 4 6 10 34 63 68
0 4 6 21 64 65 67
0 6 9 26 27 28 69
0 6 19 29 61 62 69
0 8 51 52 54 55 69
0 23 32 50 51 53 69
0 45 46 47 48 49 70
1 2 3 27 28 29 62
1 2 6 17 36 43 66
1 3 5 47 48 51 57
1 4 5 37 41 58 59
1 5 6 8 23 50 55
1 9 15 38 47 54 56
1 10 21 63 64 69 70
1 11 13 30 45 53 61
1 14 18 24 25 60 69
1 16 22 25 26 46 52
1 19 32 39 40 42 49
1 34 65 67 68 69 70
2 3 4 8 32 53 55
2 3 4 23 50 52 54
2 3 5 10 63 65 67
2 3 5 21 34 64 68
2 3 6 7 20 45 46
2 3 6 31 44 48 49
2 3 9 19 26 61 70
2 4 5 6 25 35 51
2 4 6 12 33 47 69
2 6 13 15 16 42 70
2 11 35 37 39 58 69
2 22 35 38 41 59 69
3 4 6 14 18 40 57
3 4 6 24 30 56 60
4 5 7 20 48 49 69
4 5 9 26 29 33 62
4 5 11 22 38 39 70
4 5 12 13 17 36 42
4 5 12 15 16 43 66
4 5 19 27 28 33 61
4 5 31 44 45 46 69
5 6 32 52 53 54 70
7 8 9 10 12 22 24
7 11 15 26 40 51 63
7 13 32 38 60 62 67
7 14 28 36 55 59 70
7 16 23 34 57 58 61
7 17 25 29 39 50 68
7 18 27 37 42 52 65
7 19 30 35 43 54 64
7 21 33 41 53 56 66
8 11 18 29 36 47 67
8 13 25 33 49 58 64
8 14 15 34 39 48 62
8 16 19 41 45 60 65
8 17 21 38 40 46 61
8 20 26 30 42 59 68
8 27 35 44 57 66 70
8 28 31 37 43 56 63
9 11 23 31 42 60 64
9 13 18 41 46 55 68
9 14 16 35 49 51 67
9 17 30 48 52 58 63
9 20 36 39 53 57 65
9 21 25 32 43 44 59
9 34 37 40 45 50 66
10 11 20 25 54 62 66
10 13 14 23 26 37 44
10 15 27 30 41 49 50
10 16 29 31 40 53 59
10 17 18 28 32 35 45
10 19 36 46 51 56 58
10 33 38 42 48 55 57
10 39 43 47 52 60 61
11 12 21 28 49 52 57
11 14 33 43 46 50 65
11 16 27 32 48 56 68
11 17 19 24 34 44 55
12 14 20 32 41 61 63
12 18 31 50 58 62 70
12 19 25 37 48 53 67
12 23 33 35 40 47 68
12 26 39 45 55 56 64
12 27 34 46 54 59 60
12 29 30 38 44 51 65
13 19 47 50 57 59 63
13 20 29 34 35 52 56
13 21 24 27 31 39 51
13 22 28 40 48 54 65
14 17 22 27 47 53 64
14 19 31 38 52 66 68
14 21 29 42 45 54 58
15 18 19 20 21 22 23
15 24 33 45 52 59 67
15 25 31 35 55 61 65
15 28 44 53 58 60 68
15 29 32 37 46 57 64
16 18 33 39 44 54 63
16 20 24 28 38 50 64
16 21 30 37 47 55 62
17 20 33 37 51 60 70
17 23 49 56 59 62 65
17 26 31 41 54 57 67
18 26 34 38 43 49 53
18 48 51 59 61 64 66
20 27 40 43 55 58 67
21 26 35 36 48 50 60
22 29 49 55 60 63 66
22 30 31 32 33 34 36
22 42 44 50 56 61 67
22 43 45 51 57 62 68
23 24 29 41 43 48 70
23 25 27 36 38 45 63
23 28 30 39 46 66 67
24 26 32 47 58 65 66
24 35 42 46 53 62 63
24 36 37 49 54 61 68
25 28 34 41 42 47 51
25 30 40 56 57 69 70
36 40 41 44 52 62 64
