0 1 18
0 1 71
0 2 19
0 3 69
0 4 67
0 5 57
0 6 14
0 7 46
0 8 24
0 9 10
0 11 13
0 12 51
0 15 26
0 16 21
0 17 52
0 20 45
0 22 28
0 23 35
0 25 38
0 27 58
0 29 42
0 30 41
0 31 32
0 33 68
0 34 49
0 36 62
0 37 39
0 40 64
0 43 61
0 44 50
0 47 48
0 53 54
0 55 56
0 59 70
0 60 63
0 65 66
1 2 50
1 3 61
1 4 29
1 5 30
1 6 34
1 7 26
1 8 10
1 9 41
1 11 63
1 12 24
1 13 49
1 14 60
1 15 67
1 16 58
1 17 44
1 19 56
1 20 22
1 21 64
1 23 25
1 27 69
1 28 54
1 31 57
1 32 43
1 33 62
1 35 68
1 36 52
1 37 46
1 38 70
1 39 45
1 40 42
1 47 51
1 48 53
1 55 66
1 59 65
2 3 6
2 3 71
2 4 5
2 7 18
2 8 66
2 9 27
2 10 32
2 11 17
2 12 13
2 14 51
2 15 64
2 16 29
2 20 38
2 21 42
2 22 30
2 23 26
2 24 25
2 28 45
2 31 54
2 33 63
2 34 65
2 35 48
2 36 37
2 39 61
2 40 46
2 41 49
2 43 60
2 44 55
2 47 53
2 52 70
2 56 57
2 58 67
2 59 62
2 68 69
3 4 49
3 5 9
3 7 55
3 8 53
3 10 14
3 11 39
3 12 63
3 13 31
3 15 19
3 16 41
3 17 22
3 18 65
3 20 26
3 21 33
3 23 66
3 24 59
3 25 29
3 27 34
3 28 47
3 30 67
3 32 56
3 35 70
3 36 60
3 37 62
3 38 50
3 40 44
3 42 46
3 43 45
3 48 51
3 52 54
3 57 58
3 64 68
4 5 71
4 6 61
4 7 39
4 8 35
4 9 68
4 10 54
4 11 43
4 12 44
4 13 36
4 14 66
4 15 20
4 16 17
4 18 32
4 19 48
4 21 40
4 22 70
4 23 28
4 24 27
4 25 30
4 26 37
4 31 55
4 33 38
4 34 64
4 41 46
4 42 45
4 47 52
4 50 62
4 51 63
4 53 56
4 57 59
4 58 60
4 65 69
5 6 17
5 7 22
5 8 62
5 10 12
5 11 46
5 13 33
5 14 24
5 15 21
5 16 34
5 18 20
5 19 69
5 23 29
5 25 41
5 26 28
5 27 53
5 31 37
5 32 70
5 35 42
5 36 39
5 38 43
5 40 45
5 44 56
5 47 58
5 48 54
5 49 51
5 50 64
5 52 59
5 55 60
5 61 63
5 65 67
5 66 68
6 7 31
6 7 71
6 8 59
6 9 12
6 10 11
6 13 19
6 15 22
6 16 25
6 18 48
6 20 27
6 21 68
6 23 32
6 24 29
6 26 39
6 28 36
6 30 70
6 33 45
6 35 62
6 37 51
6 38 67
6 40 41
6 42 43
6 44 57
6 46 63
6 47 54
6 49 66
6 50 58
6 52 65
6 53 55
6 56 60
6 64 69
7 8 65
7 9 49
7 10 30
7 11 36
7 12 27
7 13 59
7 14 37
7 15 41
7 16 53
7 17 54
7 19 38
7 20 48
7 21 34
7 23 68
7 24 45
7 25 50
7 28 66
7 29 64
7 32 40
7 33 43
7 35 63
7 42 47
7 44 61
7 51 56
7 52 60
7 57 62
7 58 69
7 67 70
8 9 67
8 9 71
8 11 41
8 12 69
8 13 46
8 14 21
8 15 57
8 16 70
8 17 26
8 18 25
8 19 61
8 20 39
8 22 29
8 23 58
8 27 52
8 28 44
8 30 64
8 31 40
8 32 34
8 33 42
8 36 43
8 37 60
8 38 68
8 45 49
8 47 56
8 48 55
8 50 63
8 51 54
9 11 40
9 13 28
9 14 57
9 15 51
9 16 36
9 17 32
9 18 26
9 19 63
9 20 30
9 21 59
9 22 60
9 23 48
9 24 43
9 25 47
9 29 38
9 31 65
9 33 37
9 34 58
9 35 45
9 39 70
9 42 61
9 44 53
9 46 52
9 50 56
9 54 55
9 62 69
9 64 66
10 11 71
10 13 63
10 15 45
10 16 39
10 17 64
10 18 23
10 19 24
10 20 59
10 21 51
10 22 52
10 25 66
10 26 58
10 27 65
10 28 61
10 29 69
10 31 38
10 33 40
10 34 41
10 35 44
10 36 47
10 37 67
10 42 57
10 43 48
10 46 68
10 49 56
10 50 55
10 53 60
10 62 70
11 12 65
11 14 64
11 15 55
11 16 51
11 18 56
11 19 23
11 20 31
11 21 25
11 22 33
11 24 26
11 27 42
11 28 50
11 29 67
11 30 66
11 32 44
11 34 37
11 35 38
11 45 47
11 48 60
11 49 68
11 52 69
11 53 62
11 54 58
11 57 70
11 59 61
12 13 71
12 14 18
12 15 36
12 16 38
12 17 30
12 19 43
12 20 23
12 21 26
12 22 50
12 25 68
12 28 53
12 29 54
12 31 64
12 32 60
12 33 35
12 34 45
12 37 42
12 39 58
12 40 52
12 41 66
12 46 70
12 47 57
12 48 67
12 49 62
12 55 61
12 56 59
13 14 54
13 15 29
13 16 37
13 17 27
13 18 68
13 20 42
13 21 23
13 22 65
13 24 51
13 25 44
13 26 34
13 30 48
13 32 62
13 35 58
13 38 40
13 39 43
13 41 70
13 45 57
13 47 61
13 50 52
13 53 67
13 55 64
13 56 69
13 60 66
14 15 30
14 15 71
14 16 69
14 17 33
14 19 44
14 20 25
14 22 31
14 23 56
14 26 35
14 27 68
14 28 46
14 29 59
14 32 45
14 34 61
14 36 41
14 38 52
14 39 63
14 40 48
14 42 50
14 43 53
14 47 62
14 49 67
14 55 65
14 58 70
15 16 63
15 17 70
15 18 43
15 23 33
15 24 49
15 25 39
15 27 56
15 28 69
15 31 47
15 32 65
15 34 52
15 35 46
15 37 53
15 38 54
15 40 61
15 42 58
15 44 62
15 48 68
15 50 60
15 59 66
16 17 71
16 18 28
16 19 67
16 20 65
16 22 43
16 23 64
16 24 52
16 26 55
16 27 40
16 30 35
16 31 68
16 32 47
16 33 57
16 42 66
16 44 59
16 45 62
16 46 61
16 48 56
16 49 60
16 50 54
17 18 66
17 19 31
17 20 57
17 21 61
17 23 49
17 24 67
17 25 35
17 28 42
17 29 39
17 34 48
17 36 40
17 37 65
17 38 45
17 41 58
17 43 69
17 46 60
17 47 55
17 50 59
17 51 62
17 53 68
17 56 63
18 19 30
18 19 71
18 21 49
18 22 51
18 24 64
18 27 63
18 29 31
18 33 52
18 34 47
18 35 40
18 36 70
18 37 61
18 38 57
18 39 69
18 41 44
18 42 62
18 45 59
18 46 55
18 50 67
18 53 58
18 54 60
19 20 28
19 21 29
19 22 27
19 25 40
19 26 66
19 32 52
19 33 53
19 34 54
19 35 47
19 36 42
19 37 49
19 39 59
19 41 64
19 45 70
19 46 58
19 50 68
19 51 65
19 55 57
19 60 62
20 21 52
20 21 71
20 24 44
20 29 50
20 32 51
20 33 67
20 34 53
20 35 66
20 36 46
20 37 64
20 40 63
20 41 62
20 43 56
20 47 60
20 49 58
20 54 61
20 55 68
20 69 70
21 22 69
21 24 30
21 27 39
21 28 35
21 31 43
21 32 54
21 36 50
21 37 47
21 38 48
21 41 63
21 44 58
21 45 55
21 46 56
21 53 65
21 57 60
21 62 67
21 66 70
22 23 34
22 23 71
22 24 38
22 25 54
22 26 44
22 32 53
22 35 61
22 36 67
22 37 48
22 39 57
22 40 49
22 41 55
22 42 59
22 45 56
22 46 64
22 47 66
22 58 68
22 62 63
23 24 37
23 27 38
23 30 55
23 31 41
23 36 53
23 39 47
23 40 70
23 42 54
23 43 51
23 44 52
23 45 63
23 46 62
23 50 61
23 57 65
23 59 67
23 60 69
24 25 71
24 28 40
24 31 61
24 32 55
24 33 70
24 34 57
24 35 60
24 36 54
24 39 41
24 42 65
24 46 53
24 47 50
24 48 63
24 56 68
24 58 62
24 66 69
25 26 67
25 27 60
25 28 57
25 31 34
25 32 58
25 33 55
25 36 69
25 37 45
25 42 48
25 43 59
25 46 65
25 49 53
25 51 61
25 52 56
25 62 64
25 63 70
26 27 32
26 27 71
26 29 65
26 30 57
26 31 42
26 33 56
26 36 61
26 38 63
26 40 50
26 41 48
26 43 70
26 45 52
26 46 51
26 47 49
26 53 69
26 54 59
26 60 64
26 62 68
27 28 67
27 29 45
27 30 33
27 31 59
27 35 41
27 36 57
27 37 44
27 43 47
27 46 50
27 48 70
27 49 55
27 51 66
27 54 64
27 61 62
28 29 33
28 29 71
28 30 38
28 31 60
28 32 59
28 34 56
28 37 58
28 39 64
28 41 52
28 43 65
28 48 62
28 49 63
28 51 55
28 68 70
29 30 68
29 32 37
29 34 60
29 35 57
29 36 58
29 40 55
29 41 51
29 43 49
29 44 63
29 46 48
29 47 70
29 52 66
29 53 61
29 56 62
30 31 62
30 31 71
30 32 61
30 34 59
30 36 51
30 37 56
30 39 60
30 40 53
30 42 52
30 43 50
30 44 65
30 45 54
30 46 47
30 49 69
30 58 63
31 33 46
31 35 69
31 36 49
31 39 70
31 44 48
31 45 53
31 50 51
31 52 58
31 56 67
31 63 66
32 33 48
32 33 71
32 35 50
32 36 63
32 38 66
32 39 68
32 41 67
32 42 49
32 46 69
32 57 64
33 34 69
33 36 64
33 39 50
33 41 59
33 44 47
33 49 54
33 51 60
33 58 66
33 61 65
34 35 51
34 35 71
34 36 44
34 38 46
34 39 66
34 40 68
34 42 67
34 43 63
34 50 70
34 55 62
35 36 65
35 37 54
35 39 49
35 43 55
35 52 67
35 53 59
35 56 64
36 37 71
36 38 56
36 45 68
36 48 66
36 55 59
37 38 59
37 40 69
37 41 43
37 50 66
37 52 63
37 55 70
37 57 68
38 39 53
38 40 71
38 41 47
38 42 60
38 44 49
38 51 64
38 55 58
38 61 69
38 62 65
39 40 62
39 42 56
39 44 67
39 46 54
39 48 65
39 51 71
39 52 55
40 43 58
40 47 65
40 51 57
40 54 67
40 56 66
40 59 60
41 42 69
41 42 71
41 45 60
41 50 53
41 54 56
41 57 61
41 65 68
42 44 64
42 51 68
42 53 70
42 55 63
43 44 66
43 44 71
43 46 57
43 52 62
43 54 68
43 64 67
44 45 46
44 51 69
44 54 70
44 60 68
45 46 71
45 48 58
45 50 69
45 51 67
45 61 66
45 64 65
46 49 59
46 66 67
47 48 71
47 59 64
47 63 69
47 67 68
48 49 61
48 50 57
48 52 64
48 59 69
49 50 65
49 50 71
49 52 57
49 64 70
51 52 53
51 58 59
51 70 71
52 53 71
52 61 68
53 57 66
53 63 64
54 55 71
54 57 69
54 62 66
54 63 65
55 67 69
56 57 71
56 58 65
56 61 70
57 63 67
58 59 71
58 61 64
59 63 68
60 61 67
60 61 71
60 65 70
62 63 71
64 65 71
66 67 71
68 69 71
