0 1 5 6 7 8 9 75
0 2 3 4 46 67 73 75
0 10 11 12 13 14 16 18
0 11 12 13 15 16 17 74
0 19 20 23 24 25 26 27
0 21 22 24 25 26 27 74
0 28 30 32 33 34 35 36
0 29 31 32 33 34 35 74
0 37 39 42 43 44 45 74
0 38 40 41 43 44 45 74
0 46 47 49 50 52 53 74
0 46 48 50 51 52 53 54
0 55 57 58 61 62 63 74
0 56 57 59 60 61 63 74
0 64 65 66 67 68 70 74
0 64 66 67 68 69 71 72
1 2 3 4 5 9 73 74
1 10 19 28 37 46 55 64
1 11 20 29 38 47 56 65
1 12 21 30 39 48 57 66
1 13 22 31 40 49 58 67
1 14 23 32 41 50 59 68
1 15 24 33 42 51 60 69
1 16 25 34 43 52 61 70
1 17 26 35 44 53 62 71
1 18 27 36 45 54 63 72
2 3 4 6 7 8 73 74
2 10 21 29 43 54 62 67
2 11 19 30 44 52 63 68
2 12 20 28 45 53 61 69
2 13 24 32 37 48 56 70
2 14 22 33 38 46 57 71
2 15 23 31 39 47 55 72
2 16 27 35 40 51 59 64
2 17 25 36 41 49 60 65
2 18 26 34 42 50 58 66
3 10 20 30 40 50 60 70
3 11 21 28 41 51 58 71
3 12 19 29 42 49 59 72
3 13 23 33 43 53 63 64
3 14 24 31 44 54 61 65
3 15 22 32 45 52 62 66
3 16 26 36 37 47 57 67
3 17 27 34 38 48 55 68
3 18 25 35 39 46 56 69
4 10 25 31 42 48 63 71
4 11 26 32 40 46 61 72
4 12 27 33 41 47 62 70
4 13 19 34 45 51 57 65
4 14 20 35 43 49 55 66
4 15 21 36 44 50 56 64
4 16 22 28 39 54 60 68
4 17 23 29 37 52 58 69
4 18 24 30 38 53 59 67
5 10 27 32 39 53 58 65
5 11 25 33 37 54 59 66
5 12 26 31 38 52 60 64
5 13 21 35 42 47 61 68
5 14 19 36 40 48 62 69
5 15 20 34 41 46 63 67
5 16 24 29 45 50 55 71
5 17 22 30 43 51 56 72
5 18 23 28 44 49 57 70
6 10 26 33 45 49 56 68
6 11 27 31 43 50 57 69
6 12 25 32 44 51 55 67
6 13 20 36 39 52 59 71
6 14 21 34 37 53 60 72
6 15 19 35 38 54 58 70
6 16 23 30 42 46 62 65
6 17 24 28 40 47 63 66
6 18 22 29 41 48 61 64
7 10 22 34 44 47 59 69
7 11 23 35 45 48 60 67
7 12 24 36 43 46 58 68
7 13 25 28 38 50 62 72
7 14 26 29 39 51 63 70
7 15 27 30 37 49 61 71
7 16 19 31 41 53 56 66
7 17 20 32 42 54 57 64
7 18 21 33 40 52 55 65
8 10 24 35 41 52 57 72
8 11 22 36 42 53 55 70
8 12 23 34 40 54 56 71
8 13 27 29 44 46 60 66
8 14 25 30 45 47 58 64
8 15 26 28 43 48 59 65
8 16 21 32 38 49 63 69
8 17 19 33 39 50 61 67
8 18 20 31 37 51 62 68
9 10 23 36 38 51 61 66
9 11 24 34 39 49 62 64
9 12 22 35 37 50 63 65
9 13 26 30 41 54 55 69
9 14 27 28 42 52 56 67
9 15 25 29 40 53 57 68
9 16 20 33 44 48 58 72
9 17 21 31 45 46 59 70
9 18 19 32 43 47 60 71
10 14 15 17 18 73 74 75
11 24 25 45 66 68 73 75
12 26 27 43 63 64 73 75
13 16 32 33 52 61 73 75
19 20 21 22 23 73 74 75
28 29 30 31 36 73 74 75
34 35 44 50 53 57 73 75
37 38 39 40 41 42 73 75
47 48 49 51 54 73 74 75
55 56 58 59 60 62 73 75
65 69 70 71 72 73 74 75
