0 1 2 3 4 5 6 7 81
0 1 2 80 81 82 83 84 85
0 2 5 7 8 82 83 84 85
0 9 18 27 36 45 54 63 72
0 10 19 28 37 46 55 64 73
0 11 20 29 38 47 56 65 74
0 12 21 30 39 48 57 66 75
0 13 22 31 40 49 58 67 76
0 14 23 32 41 50 59 68 77
0 15 24 33 42 51 60 69 78
0 16 25 34 43 52 61 70 79
0 17 26 35 44 53 62 71 80
1 3 4 6 8 82 83 84 85
1 9 20 28 42 53 61 66 77
1 10 18 29 43 51 62 67 75
1 11 19 27 44 52 60 68 76
1 12 23 31 36 47 55 69 80
1 13 21 32 37 45 56 70 78
1 14 22 30 38 46 54 71 79
1 15 26 34 39 50 58 63 74
1 16 24 35 40 48 59 64 72
1 17 25 33 41 49 57 65 73
2 9 19 29 39 49 59 69 79
2 10 20 27 40 50 57 70 80
2 11 18 28 41 48 58 71 78
2 12 22 32 42 52 62 63 73
2 13 23 30 43 53 60 64 74
2 14 21 31 44 51 61 65 72
2 15 25 35 36 46 56 66 76
2 16 26 33 37 47 54 67 77
2 17 24 34 38 45 55 68 75
3 9 24 30 41 47 62 70 76
3 10 25 31 39 45 60 71 77
3 11 26 32 40 46 61 69 75
3 12 18 33 44 50 56 64 79
3 13 19 34 42 48 54 65 80
3 14 20 35 43 49 55 63 78
3 15 21 27 38 53 59 67 73
3 16 22 28 36 51 57 68 74
3 17 23 29 37 52 58 66 72
4 9 26 31 38 52 57 64 78
4 10 24 32 36 53 58 65 79
4 11 25 30 37 51 59 63 80
4 12 20 34 41 46 60 67 72
4 13 18 35 39 47 61 68 73
4 14 19 33 40 45 62 66 74
4 15 23 28 44 49 54 70 75
4 16 21 29 42 50 55 71 76
4 17 22 27 43 48 56 69 77
5 9 25 32 44 48 55 67 74
5 10 26 30 42 49 56 68 72
5 11 24 31 43 50 54 66 73
5 12 19 35 38 51 58 70 77
5 13 20 33 36 52 59 71 75
5 14 18 34 37 53 57 69 76
5 15 22 29 41 45 61 64 80
5 16 23 27 39 46 62 65 78
5 17 21 28 40 47 60 63 79
6 9 21 33 43 46 58 68 80
6 10 22 34 44 47 59 66 78
6 11 23 35 42 45 57 67 79
6 12 24 27 37 49 61 71 74
6 13 25 28 38 50 62 69 72
6 14 26 29 36 48 60 70 73
6 15 18 30 40 52 55 65 77
6 16 19 31 41 53 56 63 75
6 17 20 32 39 51 54 64 76
7 9 23 34 40 51 56 71 73
7 10 21 35 41 52 54 69 74
7 11 22 33 39 53 55 70 72
7 12 26 28 43 45 59 65 76
7 13 24 29 44 46 57 63 77
7 14 25 27 42 47 58 64 75
7 15 20 31 37 48 62 68 79
7 16 18 32 38 49 60 66 80
7 17 19 30 36 50 61 67 78
8 9 22 35 37 50 60 65 75
8 10 23 33 38 48 61 63 76
8 11 21 34 36 49 62 64 77
8 12 25 29 40 53 54 68 78
8 13 26 27 41 51 55 66 79
8 14 24 28 39 52 56 67 80
8 15 19 32 43 47 57 71 72
8 16 20 30 44 45 58 69 73
8 17 18 31 42 46 59 70 74
8 17 26 35 44 53 62 71 81
9 10 11 12 13 14 15 16 81
9 11 14 16 17 82 83 84 85
10 12 13 15 17 82 83 84 85
18 19 20 21 22 23 24 25 81
18 20 23 25 26 82 83 84 85
19 21 22 24 26 82 83 84 85
27 28 29 30 31 32 33 34 81
27 29 32 34 35 82 83 84 85
28 30 31 33 35 82 83 84 85
36 37 38 39 40 41 42 43 81
36 38 41 43 44 82 83 84 85
37 39 40 42 44 82 83 84 85
45 46 47 48 49 50 51 52 81
45 47 50 52 53 82 83 84 85
46 48 49 51 53 82 83 84 85
54 55 56 57 58 59 60 61 81
54 56 59 61 62 82 83 84 85
55 57 58 60 62 82 83 84 85
63 64 65 66 67 68 69 70 81
63 65 68 70 71 82 83 84 85
64 66 67 69 71 82 83 84 85
72 73 74 75 76 77 78 79 81
72 74 77 79 80 82 83 84 85
73 75 76 78 80 82 83 84 85
