0 1 5 11 23 37
0 2 9 29 44 68
0 3 16 33 41 56
0 4 10 22 36 86
0 6 18 32 82 83
0 7 27 42 66 85
0 8 23 54 57 70
0 12 26 76 77 81
0 13 30 38 53 84
0 14 64 65 69 75
0 15 39 58 60 67
0 15 46 49 62 79
0 17 25 40 71 74
0 19 21 28 48 63
0 20 35 59 78 80
0 24 43 45 52 72
0 31 34 47 64 72
0 50 51 55 61 73
1 2 6 12 24 38
1 3 10 30 45 69
1 4 17 34 42 57
1 7 19 33 83 84
1 8 28 43 67 86
1 9 24 55 58 71
1 13 27 77 78 82
1 14 31 39 54 85
1 15 65 66 70 76
1 16 40 59 61 68
1 16 47 50 63 80
1 18 26 41 72 75
1 20 22 29 49 64
1 21 36 60 79 81
1 25 44 46 53 73
1 32 35 48 65 73
1 51 52 56 62 74
2 3 7 13 25 39
2 4 11 31 46 70
2 5 18 35 43 58
2 8 20 34 84 85
2 10 25 56 59 72
2 14 28 78 79 83
2 15 32 40 55 86
2 16 66 67 71 77
2 17 41 60 62 69
2 17 48 51 64 81
2 19 27 42 73 76
2 21 23 30 50 65
2 22 37 61 80 82
2 26 45 47 54 74
2 33 36 49 66 74
2 52 53 57 63 75
3 4 8 14 26 40
3 5 12 32 47 71
3 6 19 36 44 59
3 9 21 35 85 86
3 11 26 57 60 73
3 15 29 79 80 84
3 17 67 68 72 78
3 18 42 61 63 70
3 18 49 52 65 82
3 20 28 43 74 77
3 22 24 31 51 66
3 23 38 62 81 83
3 27 46 48 55 75
3 34 37 50 67 75
3 53 54 58 64 76
4 5 9 15 27 41
4 6 13 33 48 72
4 7 20 37 45 60
4 12 27 58 61 74
4 16 30 80 81 85
4 18 68 69 73 79
4 19 43 62 64 71
4 19 50 53 66 83
4 21 29 44 75 78
4 23 25 32 52 67
4 24 39 63 82 84
4 28 47 49 56 76
4 35 38 51 68 76
4 54 55 59 65 77
5 6 10 16 28 42
5 7 14 34 49 73
5 8 21 38 46 61
5 13 28 59 62 75
5 17 31 81 82 86
5 19 69 70 74 80
5 20 44 63 65 72
5 20 51 54 67 84
5 22 30 45 76 79
5 24 26 33 53 68
5 25 40 64 83 85
5 29 48 50 57 77
5 36 39 52 69 77
5 55 56 60 66 78
6 7 11 17 29 43
6 8 15 35 50 74
6 9 22 39 47 62
6 14 29 60 63 76
6 20 70 71 75 81
6 21 45 64 66 73
6 21 52 55 68 85
6 23 31 46 77 80
6 25 27 34 54 69
6 26 41 65 84 86
6 30 49 51 58 78
6 37 40 53 70 78
6 56 57 61 67 79
7 8 12 18 30 44
7 9 16 36 51 75
7 10 23 40 48 63
7 15 30 61 64 77
7 21 71 72 76 82
7 22 46 65 67 74
7 22 53 56 69 86
7 24 32 47 78 81
7 26 28 35 55 70
7 31 50 52 59 79
7 38 41 54 71 79
7 57 58 62 68 80
8 9 13 19 31 45
8 10 17 37 52 76
8 11 24 41 49 64
8 16 31 62 65 78
8 22 72 73 77 83
8 23 47 66 68 75
8 25 33 48 79 82
8 27 29 36 56 71
8 32 51 53 60 80
8 39 42 55 72 80
8 58 59 63 69 81
9 10 14 20 32 46
9 11 18 38 53 77
9 12 25 42 50 65
9 17 32 63 66 79
9 23 73 74 78 84
9 24 48 67 69 76
9 26 34 49 80 83
9 28 30 37 57 72
9 33 52 54 61 81
9 40 43 56 73 81
9 59 60 64 70 82
10 11 15 21 33 47
10 12 19 39 54 78
10 13 26 43 51 66
10 18 33 64 67 80
10 24 74 75 79 85
10 25 49 68 70 77
10 27 35 50 81 84
10 29 31 38 58 73
10 34 53 55 62 82
10 41 44 57 74 82
10 60 61 65 71 83
11 12 16 22 34 48
11 13 20 40 55 79
11 14 27 44 52 67
11 19 34 65 68 81
11 25 75 76 80 86
11 26 50 69 71 78
11 28 36 51 82 85
11 30 32 39 59 74
11 35 54 56 63 83
11 42 45 58 75 83
11 61 62 66 72 84
12 13 17 23 35 49
12 14 21 41 56 80
12 15 28 45 53 68
12 20 35 66 69 82
12 27 51 70 72 79
12 29 37 52 83 86
12 31 33 40 60 75
12 36 55 57 64 84
12 43 46 59 76 84
12 62 63 67 73 85
13 14 18 24 36 50
13 15 22 42 57 81
13 16 29 46 54 69
13 21 36 67 70 83
13 28 52 71 73 80
13 32 34 41 61 76
13 37 56 58 65 85
13 44 47 60 77 85
13 63 64 68 74 86
14 15 19 25 37 51
14 16 23 43 58 82
14 17 30 47 55 70
14 22 37 68 71 84
14 29 53 72 74 81
14 33 35 42 62 77
14 38 57 59 66 86
14 45 48 61 78 86
15 16 20 26 38 52
15 17 24 44 59 83
15 18 31 48 56 71
15 23 38 69 72 85
15 30 54 73 75 82
15 34 36 43 63 78
16 17 21 27 39 53
16 18 25 45 60 84
16 19 32 49 57 72
16 24 39 70 73 86
16 31 55 74 76 83
16 35 37 44 64 79
17 18 22 28 40 54
17 19 26 46 61 85
17 20 33 50 58 73
17 32 56 75 77 84
17 36 38 45 65 80
18 19 23 29 41 55
18 20 27 47 62 86
18 21 34 51 59 74
18 33 57 76 78 85
18 37 39 46 66 81
19 20 24 30 42 56
19 22 35 52 60 75
19 34 58 77 79 86
19 38 40 47 67 82
20 21 25 31 43 57
20 23 36 53 61 76
20 39 41 48 68 83
21 22 26 32 44 58
21 24 37 54 62 77
21 40 42 49 69 84
22 23 27 33 45 59
22 25 38 55 63 78
22 41 43 50 70 85
23 24 28 34 46 60
23 26 39 56 64 79
23 42 44 51 71 86
24 25 29 35 47 61
24 27 40 57 65 80
25 26 30 36 48 62
25 28 41 58 66 81
26 27 31 37 49 63
26 29 42 59 67 82
27 28 32 38 50 64
27 30 43 60 68 83
28 29 33 39 51 65
28 31 44 61 69 84
29 30 34 40 52 66
29 32 45 62 70 85
30 31 35 41 53 67
30 33 46 63 71 86
31 32 36 42 54 68
32 33 37 43 55 69
33 34 38 44 56 70
34 35 39 45 57 71
35 36 40 46 58 72
36 37 41 47 59 73
37 38 42 48 60 74
38 39 43 49 61 75
39 40 44 50 62 76
40 41 45 51 63 77
41 42 46 52 64 78
42 43 47 53 65 79
43 44 48 54 66 80
44 45 49 55 67 81
45 46 50 56 68 82
46 47 51 57 69 83
47 48 52 58 70 84
48 49 53 59 71 85
49 50 54 60 72 86
