0 1 3 7
0 2 6 86
0 4 84 85
0 5 13 22
0 8 17 82
0 9 74 79
0 10 34 61
0 11 39 55
0 12 37 57
0 14 35 54
0 15 38 56
0 16 48 59
0 18 49 64
0 19 52 66
0 20 50 62
0 21 40 73
0 23 41 72
0 24 51 77
0 25 45 75
0 26 36 60
0 27 53 63
0 28 44 76
0 29 58 87
0 30 42 67
0 31 46 69
0 32 43 71
0 33 47 68
0 65 70 78
0 80 81 83
1 2 4 8
1 5 85 86
1 6 14 23
1 9 18 83
1 10 75 80
1 11 35 62
1 12 40 56
1 13 38 58
1 15 36 55
1 16 39 57
1 17 49 60
1 19 50 65
1 20 53 67
1 21 51 63
1 22 41 74
1 24 42 73
1 25 52 78
1 26 46 76
1 27 37 61
1 28 54 64
1 29 45 77
1 30 59 87
1 31 43 68
1 32 47 70
1 33 44 72
1 34 48 69
1 66 71 79
1 81 82 84
2 3 5 9
2 7 15 24
2 10 19 84
2 11 76 81
2 12 36 63
2 13 41 57
2 14 39 59
2 16 37 56
2 17 40 58
2 18 50 61
2 20 51 66
2 21 54 68
2 22 52 64
2 23 42 75
2 25 43 74
2 26 53 79
2 27 47 77
2 28 38 62
2 29 55 65
2 30 46 78
2 31 60 87
2 32 44 69
2 33 48 71
2 34 45 73
2 35 49 70
2 67 72 80
2 82 83 85
3 4 6 10
3 8 16 25
3 11 20 85
3 12 77 82
3 13 37 64
3 14 42 58
3 15 40 60
3 17 38 57
3 18 41 59
3 19 51 62
3 21 52 67
3 22 55 69
3 23 53 65
3 24 43 76
3 26 44 75
3 27 54 80
3 28 48 78
3 29 39 63
3 30 56 66
3 31 47 79
3 32 61 87
3 33 45 70
3 34 49 72
3 35 46 74
3 36 50 71
3 68 73 81
3 83 84 86
4 5 7 11
4 9 17 26
4 12 21 86
4 13 78 83
4 14 38 65
4 15 43 59
4 16 41 61
4 18 39 58
4 19 42 60
4 20 52 63
4 22 53 68
4 23 56 70
4 24 54 66
4 25 44 77
4 27 45 76
4 28 55 81
4 29 49 79
4 30 40 64
4 31 57 67
4 32 48 80
4 33 62 87
4 34 46 71
4 35 50 73
4 36 47 75
4 37 51 72
4 69 74 82
5 6 8 12
5 10 18 27
5 14 79 84
5 15 39 66
5 16 44 60
5 17 42 62
5 19 40 59
5 20 43 61
5 21 53 64
5 23 54 69
5 24 57 71
5 25 55 67
5 26 45 78
5 28 46 77
5 29 56 82
5 30 50 80
5 31 41 65
5 32 58 68
5 33 49 81
5 34 63 87
5 35 47 72
5 36 51 74
5 37 48 76
5 38 52 73
5 70 75 83
6 7 9 13
6 11 19 28
6 15 80 85
6 16 40 67
6 17 45 61
6 18 43 63
6 20 41 60
6 21 44 62
6 22 54 65
6 24 55 70
6 25 58 72
6 26 56 68
6 27 46 79
6 29 47 78
6 30 57 83
6 31 51 81
6 32 42 66
6 33 59 69
6 34 50 82
6 35 64 87
6 36 48 73
6 37 52 75
6 38 49 77
6 39 53 74
6 71 76 84
7 8 10 14
7 12 20 29
7 16 81 86
7 17 41 68
7 18 46 62
7 19 44 64
7 21 42 61
7 22 45 63
7 23 55 66
7 25 56 71
7 26 59 73
7 27 57 69
7 28 47 80
7 30 48 79
7 31 58 84
7 32 52 82
7 33 43 67
7 34 60 70
7 35 51 83
7 36 65 87
7 37 49 74
7 38 53 76
7 39 50 78
7 40 54 75
7 72 77 85
8 9 11 15
8 13 21 30
8 18 42 69
8 19 47 63
8 20 45 65
8 22 43 62
8 23 46 64
8 24 56 67
8 26 57 72
8 27 60 74
8 28 58 70
8 29 48 81
8 31 49 80
8 32 59 85
8 33 53 83
8 34 44 68
8 35 61 71
8 36 52 84
8 37 66 87
8 38 50 75
8 39 54 77
8 40 51 79
8 41 55 76
8 73 78 86
9 10 12 16
9 14 22 31
9 19 43 70
9 20 48 64
9 21 46 66
9 23 44 63
9 24 47 65
9 25 57 68
9 27 58 73
9 28 61 75
9 29 59 71
9 30 49 82
9 32 50 81
9 33 60 86
9 34 54 84
9 35 45 69
9 36 62 72
9 37 53 85
9 38 67 87
9 39 51 76
9 40 55 78
9 41 52 80
9 42 56 77
10 11 13 17
10 15 23 32
10 20 44 71
10 21 49 65
10 22 47 67
10 24 45 64
10 25 48 66
10 26 58 69
10 28 59 74
10 29 62 76
10 30 60 72
10 31 50 83
10 33 51 82
10 35 55 85
10 36 46 70
10 37 63 73
10 38 54 86
10 39 68 87
10 40 52 77
10 41 56 79
10 42 53 81
10 43 57 78
11 12 14 18
11 16 24 33
11 21 45 72
11 22 50 66
11 23 48 68
11 25 46 65
11 26 49 67
11 27 59 70
11 29 60 75
11 30 63 77
11 31 61 73
11 32 51 84
11 34 52 83
11 36 56 86
11 37 47 71
11 38 64 74
11 40 69 87
11 41 53 78
11 42 57 80
11 43 54 82
11 44 58 79
12 13 15 19
12 17 25 34
12 22 46 73
12 23 51 67
12 24 49 69
12 26 47 66
12 27 50 68
12 28 60 71
12 30 61 76
12 31 64 78
12 32 62 74
12 33 52 85
12 35 53 84
12 38 48 72
12 39 65 75
12 41 70 87
12 42 54 79
12 43 58 81
12 44 55 83
12 45 59 80
13 14 16 20
13 18 26 35
13 23 47 74
13 24 52 68
13 25 50 70
13 27 48 67
13 28 51 69
13 29 61 72
13 31 62 77
13 32 65 79
13 33 63 75
13 34 53 86
13 36 54 85
13 39 49 73
13 40 66 76
13 42 71 87
13 43 55 80
13 44 59 82
13 45 56 84
13 46 60 81
14 15 17 21
14 19 27 36
14 24 48 75
14 25 53 69
14 26 51 71
14 28 49 68
14 29 52 70
14 30 62 73
14 32 63 78
14 33 66 80
14 34 64 76
14 37 55 86
14 40 50 74
14 41 67 77
14 43 72 87
14 44 56 81
14 45 60 83
14 46 57 85
14 47 61 82
15 16 18 22
15 20 28 37
15 25 49 76
15 26 54 70
15 27 52 72
15 29 50 69
15 30 53 71
15 31 63 74
15 33 64 79
15 34 67 81
15 35 65 77
15 41 51 75
15 42 68 78
15 44 73 87
15 45 57 82
15 46 61 84
15 47 58 86
15 48 62 83
16 17 19 23
16 21 29 38
16 26 50 77
16 27 55 71
16 28 53 73
16 30 51 70
16 31 54 72
16 32 64 75
16 34 65 80
16 35 68 82
16 36 66 78
16 42 52 76
16 43 69 79
16 45 74 87
16 46 58 83
16 47 62 85
16 49 63 84
17 18 20 24
17 22 30 39
17 27 51 78
17 28 56 72
17 29 54 74
17 31 52 71
17 32 55 73
17 33 65 76
17 35 66 81
17 36 69 83
17 37 67 79
17 43 53 77
17 44 70 80
17 46 75 87
17 47 59 84
17 48 63 86
17 50 64 85
18 19 21 25
18 23 31 40
18 28 52 79
18 29 57 73
18 30 55 75
18 32 53 72
18 33 56 74
18 34 66 77
18 36 67 82
18 37 70 84
18 38 68 80
18 44 54 78
18 45 71 81
18 47 76 87
18 48 60 85
18 51 65 86
19 20 22 26
19 24 32 41
19 29 53 80
19 30 58 74
19 31 56 76
19 33 54 73
19 34 57 75
19 35 67 78
19 37 68 83
19 38 71 85
19 39 69 81
19 45 55 79
19 46 72 82
19 48 77 87
19 49 61 86
20 21 23 27
20 25 33 42
20 30 54 81
20 31 59 75
20 32 57 77
20 34 55 74
20 35 58 76
20 36 68 79
20 38 69 84
20 39 72 86
20 40 70 82
20 46 56 80
20 47 73 83
20 49 78 87
21 22 24 28
21 26 34 43
21 31 55 82
21 32 60 76
21 33 58 78
21 35 56 75
21 36 59 77
21 37 69 80
21 39 70 85
21 41 71 83
21 47 57 81
21 48 74 84
21 50 79 87
22 23 25 29
22 27 35 44
22 32 56 83
22 33 61 77
22 34 59 79
22 36 57 76
22 37 60 78
22 38 70 81
22 40 71 86
22 42 72 84
22 48 58 82
22 49 75 85
22 51 80 87
23 24 26 30
23 28 36 45
23 33 57 84
23 34 62 78
23 35 60 80
23 37 58 77
23 38 61 79
23 39 71 82
23 43 73 85
23 49 59 83
23 50 76 86
23 52 81 87
24 25 27 31
24 29 37 46
24 34 58 85
24 35 63 79
24 36 61 81
24 38 59 78
24 39 62 80
24 40 72 83
24 44 74 86
24 50 60 84
24 53 82 87
25 26 28 32
25 30 38 47
25 35 59 86
25 36 64 80
25 37 62 82
25 39 60 79
25 40 63 81
25 41 73 84
25 51 61 85
25 54 83 87
26 27 29 33
26 31 39 48
26 37 65 81
26 38 63 83
26 40 61 80
26 41 64 82
26 42 74 85
26 52 62 86
26 55 84 87
27 28 30 34
27 32 40 49
27 38 66 82
27 39 64 84
27 41 62 81
27 42 65 83
27 43 75 86
27 56 85 87
28 29 31 35
28 33 41 50
28 39 67 83
28 40 65 85
28 42 63 82
28 43 66 84
28 57 86 87
29 30 32 36
29 34 42 51
29 40 68 84
29 41 66 86
29 43 64 83
29 44 67 85
30 31 33 37
30 35 43 52
30 41 69 85
30 44 65 84
30 45 68 86
31 32 34 38
31 36 44 53
31 42 70 86
31 45 66 85
32 33 35 39
32 37 45 54
32 46 67 86
33 34 36 40
33 38 46 55
34 35 37 41
34 39 47 56
35 36 38 42
35 40 48 57
36 37 39 43
36 41 49 58
37 38 40 44
37 42 50 59
38 39 41 45
38 43 51 60
39 40 42 46
39 44 52 61
40 41 43 47
40 45 53 62
41 42 44 48
41 46 54 63
42 43 45 49
42 47 55 64
43 44 46 50
43 48 56 65
44 45 47 51
44 49 57 66
45 46 48 52
45 50 58 67
46 47 49 53
46 51 59 68
47 48 50 54
47 52 60 69
48 49 51 55
48 53 61 70
49 50 52 56
49 54 62 71
50 51 53 57
50 55 63 72
51 52 54 58
51 56 64 73
52 53 55 59
52 57 65 74
53 54 56 60
53 58 66 75
54 55 57 61
54 59 67 76
55 56 58 62
55 60 68 77
56 57 59 63
56 61 69 78
57 58 60 64
57 62 70 79
58 59 61 65
58 63 71 80
59 60 62 66
59 64 72 81
60 61 63 67
60 65 73 82
61 62 64 68
61 66 74 83
62 63 65 69
62 67 75 84
63 64 66 70
63 68 76 85
64 65 67 71
64 69 77 86
65 66 68 72
66 67 69 73
67 68 70 74
68 69 71 75
69 70 72 76
70 71 73 77
71 72 74 78
72 73 75 79
73 74 76 80
74 75 77 81
75 76 78 82
76 77 79 83
77 78 80 84
78 79 81 85
79 80 82 86
