0 1 26
0 1 89
0 2 69
0 3 24
0 4 21
0 5 63
0 6 66
0 7 68
0 8 71
0 9 75
0 10 22
0 11 76
0 12 44
0 13 34
0 14 17
0 15 74
0 16 70
0 18 20
0 19 65
0 23 47
0 25 49
0 27 31
0 28 42
0 29 40
0 30 78
0 32 79
0 33 82
0 35 73
0 36 88
0 37 39
0 38 62
0 41 77
0 43 48
0 45 87
0 46 84
0 50 67
0 51 83
0 52 86
0 53 54
0 55 58
0 56 85
0 57 64
0 59 60
0 61 80
0 72 81
1 2 38
1 3 14
1 4 45
1 5 83
1 6 42
1 7 56
1 8 31
1 9 69
1 10 25
1 11 49
1 12 40
1 13 61
1 15 43
1 16 74
1 17 46
1 18 87
1 19 21
1 20 28
1 22 86
1 23 29
1 24 81
1 27 57
1 30 76
1 32 62
1 33 58
1 34 71
1 35 85
1 36 48
1 37 64
1 39 82
1 41 67
1 44 84
1 47 59
1 50 66
1 51 75
1 52 54
1 53 88
1 55 77
1 60 79
1 63 78
1 65 72
1 68 70
1 73 80
2 3 42
2 3 89
2 4 19
2 5 23
2 6 32
2 7 76
2 8 37
2 9 41
2 10 30
2 11 47
2 12 34
2 13 20
2 14 74
2 15 81
2 16 43
2 17 82
2 18 84
2 21 57
2 22 33
2 24 61
2 25 63
2 26 46
2 27 83
2 28 54
2 29 56
2 31 75
2 35 68
2 36 66
2 39 72
2 40 77
2 44 78
2 45 88
2 48 49
2 50 53
2 51 80
2 52 60
2 55 73
2 58 85
2 59 70
2 62 65
2 64 71
2 67 86
2 79 87
3 4 87
3 5 48
3 6 82
3 7 25
3 8 12
3 9 76
3 10 47
3 11 32
3 13 65
3 15 72
3 16 63
3 17 67
3 18 68
3 19 59
3 20 46
3 21 81
3 22 37
3 23 27
3 26 29
3 28 84
3 30 88
3 31 35
3 33 36
3 34 38
3 39 55
3 40 73
3 41 80
3 43 61
3 44 86
3 45 51
3 49 69
3 50 54
3 52 85
3 53 64
3 56 60
3 57 62
3 58 74
3 66 78
3 70 77
3 71 75
3 79 83
4 5 11
4 6 64
4 7 54
4 8 51
4 9 86
4 10 13
4 12 31
4 14 36
4 15 89
4 16 84
4 17 22
4 18 52
4 20 42
4 23 26
4 24 27
4 25 30
4 28 56
4 29 46
4 32 35
4 33 85
4 34 88
4 37 48
4 38 70
4 39 44
4 40 82
4 41 63
4 43 60
4 47 69
4 49 67
4 50 79
4 53 55
4 57 65
4 58 73
4 59 71
4 61 68
4 62 89
4 66 75
4 72 76
4 74 77
4 78 81
4 80 83
5 6 60
5 6 89
5 7 57
5 8 56
5 9 46
5 10 29
5 12 22
5 13 88
5 14 76
5 15 16
5 17 52
5 18 26
5 19 74
5 20 71
5 21 53
5 24 37
5 25 65
5 27 77
5 28 79
5 30 40
5 31 85
5 32 61
5 33 43
5 34 36
5 35 62
5 38 55
5 39 80
5 41 70
5 42 47
5 44 75
5 45 69
5 49 51
5 50 64
5 54 81
5 58 87
5 59 73
5 66 67
5 68 86
5 72 78
5 82 84
6 7 79
6 8 13
6 9 51
6 10 86
6 11 77
6 12 29
6 14 73
6 15 53
6 16 21
6 17 20
6 18 61
6 19 57
6 22 84
6 23 80
6 24 59
6 25 28
6 26 27
6 30 38
6 31 36
6 33 46
6 34 49
6 35 52
6 37 50
6 39 47
6 40 68
6 41 45
6 43 56
6 44 70
6 48 63
6 54 74
6 55 62
6 58 72
6 65 76
6 67 83
6 69 75
6 71 78
6 81 87
6 85 88
7 8 65
7 8 89
7 9 10
7 11 70
7 12 19
7 13 22
7 14 21
7 15 35
7 16 32
7 17 40
7 18 78
7 20 33
7 23 36
7 24 72
7 26 64
7 27 51
7 28 31
7 29 69
7 30 41
7 34 83
7 37 74
7 38 53
7 39 73
7 42 84
7 43 49
7 44 59
7 45 85
7 46 87
7 47 61
7 48 71
7 50 80
7 52 55
7 58 66
7 60 62
7 63 88
7 67 75
7 77 81
7 82 86
8 9 28
8 10 82
8 11 29
8 14 50
8 15 44
8 16 76
8 17 25
8 18 22
8 19 41
8 20 21
8 23 73
8 24 85
8 26 48
8 27 67
8 30 55
8 32 59
8 33 42
8 34 79
8 35 78
8 36 74
8 38 57
8 39 49
8 40 46
8 43 66
8 45 77
8 47 84
8 52 88
8 53 83
8 54 61
8 58 64
8 60 68
8 62 81
8 63 86
8 69 70
8 72 75
8 80 87
9 10 89
9 11 14
9 12 65
9 13 58
9 15 56
9 16 26
9 17 43
9 18 81
9 19 29
9 20 35
9 21 23
9 22 74
9 24 88
9 25 50
9 27 68
9 30 85
9 31 54
9 32 87
9 33 39
9 34 40
9 36 45
9 37 70
9 38 61
9 42 83
9 44 63
9 47 72
9 48 67
9 49 60
9 52 64
9 53 84
9 55 59
9 57 79
9 62 78
9 66 80
9 71 82
9 73 77
10 11 34
10 12 85
10 14 48
10 15 67
10 16 87
10 17 24
10 18 23
10 19 39
10 20 78
10 21 59
10 26 37
10 27 45
10 28 66
10 31 42
10 32 41
10 33 40
10 35 36
10 38 43
10 44 83
10 46 76
10 49 56
10 50 65
10 51 84
10 52 61
10 53 60
10 54 71
10 55 69
10 57 73
10 58 80
10 62 64
10 63 74
10 68 77
10 70 75
10 72 79
10 81 88
11 12 79
11 12 89
11 13 39
11 15 24
11 16 66
11 17 81
11 18 65
11 19 23
11 20 56
11 21 67
11 22 68
11 25 57
11 26 43
11 27 80
11 28 78
11 30 37
11 31 82
11 33 84
11 35 58
11 36 44
11 38 42
11 40 88
11 41 73
11 45 50
11 46 53
11 48 72
11 51 63
11 52 83
11 54 62
11 55 85
11 59 61
11 60 75
11 64 74
11 69 87
11 71 86
12 13 81
12 14 78
12 15 28
12 16 27
12 17 38
12 18 37
12 20 23
12 21 33
12 24 86
12 25 84
12 26 49
12 30 74
12 32 43
12 35 59
12 36 39
12 41 76
12 42 63
12 45 73
12 46 52
12 47 62
12 48 58
12 50 70
12 51 56
12 53 68
12 54 83
12 55 67
12 57 69
12 60 80
12 61 71
12 64 75
12 66 77
12 72 88
12 82 87
13 14 46
13 14 89
13 15 25
13 16 80
13 17 37
13 18 28
13 19 49
13 21 43
13 23 79
13 24 82
13 26 57
13 27 87
13 29 86
13 30 72
13 31 33
13 32 51
13 35 40
13 36 38
13 41 47
13 42 67
13 44 45
13 48 84
13 50 56
13 52 66
13 53 70
13 54 63
13 55 83
13 59 74
13 60 85
13 62 76
13 64 78
13 68 71
13 69 77
13 73 75
14 15 47
14 16 59
14 18 85
14 19 84
14 20 66
14 22 56
14 23 39
14 24 44
14 25 62
14 26 52
14 27 64
14 28 35
14 29 30
14 31 60
14 32 80
14 33 88
14 34 65
14 37 40
14 38 51
14 41 75
14 42 87
14 43 82
14 45 72
14 49 63
14 53 79
14 54 86
14 55 68
14 57 67
14 58 70
14 61 77
14 69 83
14 71 81
15 17 23
15 18 32
15 19 79
15 20 88
15 21 45
15 22 26
15 27 59
15 29 41
15 30 64
15 31 37
15 33 54
15 34 50
15 36 75
15 38 77
15 39 61
15 40 62
15 42 58
15 46 78
15 48 70
15 49 57
15 51 62
15 52 76
15 55 86
15 60 83
15 63 73
15 65 80
15 66 82
15 68 85
15 69 84
15 71 87
16 17 85
16 17 89
16 18 29
16 19 34
16 20 24
16 22 42
16 23 57
16 25 48
16 28 68
16 30 86
16 31 41
16 33 50
16 35 81
16 36 51
16 37 54
16 38 47
16 39 56
16 40 83
16 44 53
16 45 58
16 46 61
16 49 88
16 52 78
16 55 65
16 60 64
16 62 72
16 67 71
16 69 73
16 75 77
16 79 82
17 18 77
17 19 44
17 21 41
17 26 84
17 27 63
17 28 65
17 29 51
17 30 58
17 31 62
17 32 50
17 33 66
17 34 57
17 35 80
17 36 64
17 39 48
17 42 53
17 45 59
17 47 78
17 49 74
17 54 56
17 55 87
17 60 76
17 61 69
17 68 88
17 70 72
17 71 73
17 75 83
17 79 86
18 19 86
18 19 89
18 21 76
18 24 39
18 25 46
18 27 30
18 31 53
18 33 48
18 34 47
18 35 54
18 36 41
18 38 56
18 40 43
18 42 74
18 44 57
18 45 60
18 49 72
18 50 55
18 51 67
18 58 75
18 59 82
18 62 66
18 63 69
18 64 80
18 70 83
18 71 79
18 73 88
19 20 52
19 22 78
19 24 55
19 25 54
19 26 58
19 27 76
19 28 43
19 30 68
19 31 51
19 32 48
19 33 35
19 36 61
19 37 80
19 38 50
19 40 64
19 42 60
19 45 71
19 46 77
19 47 87
19 53 75
19 56 88
19 62 67
19 63 83
19 66 85
19 69 72
19 70 82
19 73 81
20 21 89
20 22 54
20 25 27
20 26 51
20 29 61
20 30 43
20 31 76
20 32 57
20 34 53
20 36 69
20 37 68
20 38 49
20 39 64
20 40 59
20 41 58
20 44 55
20 45 79
20 47 77
20 48 86
20 50 62
20 60 87
20 63 65
20 67 80
20 70 81
20 72 74
20 73 85
20 75 84
20 82 83
21 22 75
21 24 52
21 25 85
21 26 47
21 27 73
21 28 83
21 29 65
21 30 61
21 31 39
21 32 68
21 34 37
21 35 49
21 36 71
21 38 80
21 40 60
21 42 50
21 44 46
21 48 55
21 51 82
21 54 72
21 56 79
21 58 69
21 62 63
21 64 77
21 66 84
21 70 74
21 78 88
21 86 87
22 23 28
22 23 89
22 24 50
22 25 69
22 27 71
22 29 58
22 30 87
22 31 80
22 32 55
22 34 46
22 35 70
22 36 49
22 38 81
22 39 52
22 40 47
22 41 60
22 43 67
22 44 65
22 45 76
22 48 62
22 51 72
22 53 77
22 57 59
22 61 73
22 63 79
22 64 85
22 66 83
22 82 88
23 24 70
23 25 35
23 30 53
23 31 55
23 32 83
23 33 65
23 34 58
23 37 56
23 38 85
23 40 61
23 41 49
23 42 69
23 43 74
23 44 71
23 45 81
23 46 62
23 48 88
23 50 60
23 51 52
23 54 78
23 59 66
23 63 75
23 64 87
23 67 77
23 68 84
23 72 82
23 76 86
24 25 77
24 25 89
24 26 67
24 28 30
24 29 33
24 31 57
24 32 75
24 34 80
24 35 84
24 36 60
24 38 76
24 40 42
24 41 71
24 43 45
24 46 74
24 47 58
24 48 87
24 49 65
24 51 53
24 54 68
24 56 66
24 62 83
24 63 64
24 69 78
24 73 79
25 26 82
25 29 42
25 31 87
25 32 73
25 33 78
25 34 60
25 36 67
25 37 81
25 38 45
25 39 86
25 40 75
25 41 52
25 43 53
25 44 76
25 47 79
25 51 68
25 55 74
25 56 71
25 58 59
25 61 70
25 64 83
25 66 88
25 72 80
26 27 89
26 28 32
26 30 45
26 31 59
26 33 53
26 34 55
26 35 72
26 36 62
26 38 60
26 39 50
26 40 66
26 41 42
26 44 77
26 54 87
26 56 68
26 61 85
26 63 71
26 65 73
26 69 76
26 70 88
26 74 81
26 75 79
26 78 83
26 80 86
27 28 50
27 29 37
27 32 66
27 33 61
27 34 62
27 35 69
27 36 56
27 38 65
27 39 74
27 40 86
27 41 53
27 42 54
27 43 79
27 44 48
27 46 47
27 49 75
27 52 70
27 55 81
27 58 60
27 72 85
27 78 82
27 84 88
28 29 48
28 29 89
28 33 74
28 34 61
28 36 57
28 37 60
28 38 39
28 40 51
28 41 81
28 44 47
28 45 52
28 46 59
28 49 76
28 53 58
28 55 71
28 62 85
28 63 77
28 64 72
28 67 88
28 69 82
28 70 87
28 73 86
28 75 80
29 31 44
29 32 54
29 34 87
29 35 60
29 36 43
29 38 84
29 39 53
29 45 55
29 47 70
29 49 64
29 50 88
29 52 63
29 57 68
29 59 75
29 62 77
29 66 72
29 67 76
29 71 74
29 73 83
29 78 80
29 79 81
29 82 85
30 31 34
30 31 89
30 32 67
30 33 77
30 35 51
30 36 81
30 39 66
30 42 57
30 44 49
30 46 82
30 47 80
30 48 65
30 50 69
30 52 79
30 54 73
30 56 75
30 59 62
30 60 63
30 70 84
30 71 83
31 32 52
31 38 78
31 40 72
31 43 64
31 45 83
31 46 88
31 47 56
31 48 79
31 49 61
31 50 63
31 58 67
31 65 84
31 66 81
31 68 69
31 70 86
31 71 77
31 73 74
32 33 38
32 33 89
32 34 77
32 36 86
32 37 44
32 39 71
32 40 84
32 42 65
32 45 64
32 46 56
32 47 74
32 49 81
32 53 72
32 58 78
32 60 82
32 63 76
32 69 88
32 70 85
33 34 70
33 37 63
33 41 62
33 44 72
33 45 57
33 47 55
33 49 86
33 51 87
33 52 80
33 56 59
33 60 71
33 64 73
33 67 68
33 69 79
33 75 81
33 76 83
34 35 48
34 35 89
34 39 45
34 41 85
34 42 72
34 43 76
34 44 56
34 51 78
34 52 75
34 54 64
34 59 81
34 63 68
34 66 69
34 67 74
34 73 82
34 84 86
35 37 65
35 38 75
35 39 67
35 41 74
35 42 44
35 43 55
35 45 63
35 46 50
35 47 71
35 53 87
35 56 64
35 57 61
35 66 86
35 76 82
35 77 79
35 83 88
36 37 82
36 37 89
36 40 78
36 42 77
36 46 68
36 47 52
36 50 73
36 53 65
36 54 84
36 55 63
36 58 79
36 59 83
36 70 80
36 72 87
36 76 85
37 38 67
37 41 43
37 42 62
37 45 46
37 47 85
37 49 52
37 51 69
37 53 66
37 55 79
37 57 88
37 58 71
37 59 72
37 61 83
37 73 84
37 75 87
37 76 77
37 78 86
38 39 89
38 40 52
38 41 87
38 44 73
38 46 83
38 48 82
38 54 79
38 58 68
38 59 64
38 63 66
38 69 86
38 71 72
38 74 88
39 40 76
39 41 68
39 42 85
39 43 84
39 46 57
39 51 58
39 54 59
39 60 78
39 62 69
39 63 81
39 65 75
39 70 79
39 77 88
39 83 87
40 41 55
40 41 89
40 44 54
40 45 80
40 48 85
40 49 87
40 50 74
40 53 71
40 56 81
40 57 70
40 58 63
40 65 69
40 67 79
41 44 79
41 46 86
41 48 78
41 50 83
41 51 65
41 54 69
41 56 72
41 57 66
41 59 88
41 61 82
41 64 84
42 43 59
42 43 89
42 45 66
42 46 49
42 48 64
42 51 81
42 52 71
42 55 76
42 56 73
42 61 79
42 68 75
42 70 78
42 80 82
42 86 88
43 44 62
43 46 72
43 47 63
43 50 87
43 51 88
43 52 73
43 54 65
43 57 81
43 58 83
43 68 78
43 69 80
43 70 71
43 75 85
43 77 86
44 45 89
44 50 82
44 51 74
44 52 58
44 60 81
44 61 87
44 64 69
44 66 68
44 67 85
44 80 88
45 47 48
45 49 54
45 53 74
45 56 86
45 61 65
45 62 70
45 67 84
45 68 82
45 75 78
46 47 89
46 48 73
46 51 60
46 54 85
46 55 75
46 58 65
46 63 70
46 64 67
46 66 79
46 69 71
46 80 81
47 49 66
47 50 68
47 51 73
47 53 76
47 54 67
47 57 75
47 60 88
47 64 82
47 65 86
47 81 83
48 49 89
48 50 59
48 51 77
48 52 53
48 54 66
48 56 83
48 57 60
48 61 75
48 68 80
48 69 81
48 74 76
49 50 71
49 53 78
49 55 70
49 58 82
49 59 84
49 62 79
49 68 73
49 77 80
49 83 85
50 51 61
50 51 89
50 52 57
50 58 86
50 72 77
50 75 76
50 78 84
50 81 85
51 54 55
51 57 71
51 59 76
51 64 86
51 66 70
51 79 85
52 53 89
52 56 77
52 59 69
52 62 82
52 65 81
52 67 87
52 68 74
52 72 84
53 56 57
53 59 80
53 61 67
53 62 73
53 63 82
53 69 85
53 81 86
54 55 89
54 57 80
54 58 76
54 60 70
54 75 88
54 77 82
55 56 78
55 57 82
55 60 72
55 61 66
55 64 88
55 80 84
56 57 89
56 58 62
56 61 76
56 63 80
56 65 82
56 67 70
56 69 74
56 84 87
57 58 77
57 63 87
57 72 86
57 74 85
57 76 78
57 83 84
58 59 89
58 61 88
58 81 84
59 63 67
59 65 68
59 77 87
59 78 79
59 85 86
60 61 86
60 61 89
60 65 74
60 66 73
60 67 69
60 77 84
61 62 84
61 63 72
61 64 81
61 74 78
62 68 87
62 71 88
62 74 80
62 75 86
63 64 89
63 84 85
64 65 70
64 66 76
64 68 79
65 66 71
65 66 89
65 67 78
65 77 83
65 79 88
65 85 87
66 74 87
67 68 89
67 72 73
67 81 82
68 72 83
68 76 81
69 70 89
70 73 76
71 72 89
71 76 84
71 80 85
73 74 89
73 78 87
74 75 82
74 79 84
74 83 86
75 76 89
76 79 80
76 87 88
77 78 85
77 78 89
79 80 89
81 82 89
83 84 89
85 86 89
87 88 89
