0 1 53 85
0 2 44 74
0 3 21 69
0 4 36 68
0 5 25 86
0 6 47 67
0 7 42 80
0 8 35 88
0 9 56 61
0 10 20 81
0 11 32 64
0 12 18 66
0 13 42 72
0 14 52 84
0 15 30 73
0 16 45 60
0 17 41 89
0 19 28 65
0 22 23 77
0 24 58 87
0 26 38 75
0 27 49 79
0 29 59 70
0 31 46 71
0 33 40 83
0 34 51 78
0 37 48 82
0 39 43 62
0 50 55 76
0 54 57 63
1 2 54 86
1 3 30 60
1 4 22 70
1 5 37 69
1 6 26 87
1 7 48 68
1 8 43 81
1 9 36 89
1 10 57 62
1 11 21 82
1 12 33 65
1 13 19 67
1 14 43 73
1 15 45 71
1 16 31 74
1 17 46 61
1 18 42 75
1 20 29 66
1 23 24 78
1 25 59 88
1 27 39 76
1 28 50 80
1 32 47 72
1 34 41 84
1 35 52 79
1 38 49 83
1 40 44 63
1 51 56 77
1 55 58 64
2 3 55 87
2 4 31 61
2 5 23 71
2 6 38 70
2 7 27 88
2 8 49 69
2 9 44 82
2 10 37 75
2 11 58 63
2 12 22 83
2 13 34 66
2 14 20 68
2 15 21 67
2 16 46 72
2 17 32 60
2 18 47 62
2 19 43 76
2 24 25 79
2 26 45 89
2 28 40 77
2 29 51 81
2 30 41 64
2 33 48 73
2 35 42 85
2 36 53 80
2 39 50 84
2 52 57 78
2 56 59 65
3 4 56 88
3 5 32 62
3 6 24 72
3 7 39 71
3 8 28 89
3 9 50 70
3 10 30 83
3 11 38 76
3 12 59 64
3 13 23 84
3 14 35 67
3 15 52 82
3 16 22 68
3 17 47 73
3 18 33 61
3 19 48 63
3 20 44 77
3 25 26 80
3 27 46 75
3 29 41 78
3 31 42 65
3 34 49 74
3 36 43 86
3 37 54 81
3 40 51 85
3 45 57 66
3 53 58 79
4 5 57 89
4 6 33 63
4 7 25 73
4 8 40 72
4 9 29 75
4 10 51 71
4 11 31 84
4 12 39 77
4 13 45 65
4 14 24 85
4 15 42 79
4 16 53 83
4 17 23 69
4 18 48 74
4 19 34 62
4 20 49 64
4 21 30 78
4 26 27 81
4 28 47 76
4 32 43 66
4 35 50 60
4 37 44 87
4 38 55 82
4 41 52 86
4 46 58 67
4 54 59 80
5 6 58 75
5 7 34 64
5 8 26 74
5 9 41 73
5 10 15 76
5 11 52 72
5 12 32 85
5 13 40 78
5 14 46 66
5 16 43 80
5 17 54 84
5 18 24 70
5 19 49 60
5 20 35 63
5 21 50 65
5 22 31 79
5 27 28 82
5 29 48 77
5 30 38 88
5 33 44 67
5 36 51 61
5 39 56 83
5 42 53 87
5 45 55 81
5 47 59 68
6 7 59 76
6 8 35 65
6 9 27 60
6 10 42 74
6 11 16 77
6 12 53 73
6 13 33 86
6 14 41 79
6 15 49 78
6 17 44 81
6 18 55 85
6 19 25 71
6 20 50 61
6 21 36 64
6 22 51 66
6 23 32 80
6 28 29 83
6 30 34 68
6 31 39 89
6 37 52 62
6 40 57 84
6 43 54 88
6 45 48 69
6 46 56 82
7 8 45 77
7 9 36 66
7 10 28 61
7 11 43 60
7 12 17 78
7 13 54 74
7 14 34 87
7 15 29 84
7 16 50 79
7 18 30 82
7 19 56 86
7 20 26 72
7 21 51 62
7 22 37 65
7 23 52 67
7 24 33 81
7 31 35 69
7 32 40 75
7 38 53 63
7 41 58 85
7 44 55 89
7 46 49 70
7 47 57 83
8 9 46 78
8 10 37 67
8 11 29 62
8 12 44 61
8 13 18 79
8 14 55 60
8 15 16 85
8 17 51 80
8 19 31 83
8 20 57 87
8 21 27 73
8 22 52 63
8 23 38 66
8 24 53 68
8 25 34 82
8 30 56 75
8 32 36 70
8 33 41 76
8 39 54 64
8 42 59 86
8 47 50 71
8 48 58 84
9 10 47 79
9 11 38 68
9 12 15 63
9 13 30 62
9 14 19 80
9 16 17 86
9 18 52 81
9 20 32 84
9 21 58 88
9 22 28 74
9 23 53 64
9 24 39 67
9 25 54 69
9 26 35 83
9 31 57 76
9 33 37 71
9 34 42 77
9 40 55 65
9 43 45 87
9 48 51 72
9 49 59 85
10 11 48 80
10 12 39 69
10 13 16 64
10 14 31 63
10 17 18 87
10 19 53 82
10 21 33 85
10 22 59 89
10 23 29 60
10 24 54 65
10 25 40 68
10 26 55 70
10 27 36 84
10 32 58 77
10 34 38 72
10 35 43 78
10 41 56 66
10 44 46 88
10 45 50 86
10 49 52 73
11 12 49 81
11 13 40 70
11 14 17 65
11 15 24 61
11 18 19 88
11 20 54 83
11 22 34 86
11 23 45 75
11 25 55 66
11 26 41 69
11 27 56 71
11 28 37 85
11 30 47 89
11 33 59 78
11 35 39 73
11 36 44 79
11 42 57 67
11 46 51 87
11 50 53 74
12 13 50 82
12 14 41 71
12 16 25 62
12 19 20 89
12 21 55 84
12 23 35 87
12 24 46 76
12 26 56 67
12 27 42 70
12 28 57 72
12 29 38 86
12 30 37 80
12 31 48 75
12 34 45 79
12 36 40 74
12 43 58 68
12 47 52 88
12 51 54 60
13 14 51 83
13 15 39 87
13 17 26 63
13 20 21 75
13 22 56 85
13 24 36 88
13 25 47 77
13 27 57 68
13 28 43 71
13 29 58 73
13 31 38 81
13 32 49 76
13 35 46 80
13 37 41 60
13 44 59 69
13 48 53 89
13 52 55 61
14 15 59 74
14 16 40 88
14 18 27 64
14 21 22 76
14 23 57 86
14 25 37 89
14 26 48 78
14 28 58 69
14 29 44 72
14 30 45 70
14 32 39 82
14 33 50 77
14 36 47 81
14 38 42 61
14 49 54 75
14 53 56 62
15 17 31 72
15 18 36 69
15 19 51 68
15 20 40 86
15 22 57 80
15 23 50 88
15 25 35 81
15 26 47 64
15 27 33 66
15 28 44 70
15 32 56 89
15 34 43 65
15 37 38 77
15 41 53 75
15 46 48 60
15 48 55 83
15 54 58 62
16 18 32 73
16 19 37 70
16 20 52 69
16 21 41 87
16 23 58 81
16 24 51 89
16 26 36 82
16 27 48 65
16 28 34 67
16 29 30 71
16 33 57 75
16 35 44 66
16 38 39 78
16 42 54 76
16 47 49 61
16 49 56 84
16 55 59 63
17 19 33 74
17 20 38 71
17 21 53 70
17 22 42 88
17 24 59 82
17 25 52 75
17 27 37 83
17 28 49 66
17 29 35 68
17 30 36 67
17 34 58 76
17 39 40 79
17 43 55 77
17 45 56 64
17 48 50 62
17 50 57 85
18 20 34 60
18 21 39 72
18 22 54 71
18 23 43 89
18 25 45 83
18 26 53 76
18 28 38 84
18 29 50 67
18 31 37 68
18 35 59 77
18 40 41 80
18 44 56 78
18 46 57 65
18 49 51 63
18 51 58 86
19 21 35 61
19 22 40 73
19 23 55 72
19 24 44 75
19 26 46 84
19 27 54 77
19 29 39 85
19 30 57 79
19 32 38 69
19 36 45 78
19 41 42 81
19 47 58 66
19 50 52 64
19 52 59 87
20 22 36 62
20 23 41 74
20 24 56 73
20 25 30 76
20 27 47 85
20 28 55 78
20 31 58 80
20 33 39 70
20 37 46 79
20 42 43 82
20 45 53 88
20 48 59 67
20 51 53 65
21 23 37 63
21 24 42 60
21 25 57 74
21 26 31 77
21 28 48 86
21 29 56 79
21 32 59 81
21 34 40 71
21 38 47 80
21 43 44 83
21 45 49 68
21 46 54 89
21 52 54 66
22 24 38 64
22 25 43 61
22 26 58 60
22 27 32 78
22 29 49 87
22 30 44 84
22 33 45 82
22 35 41 72
22 39 48 81
22 46 50 69
22 47 55 75
22 53 55 67
23 25 39 65
23 26 44 62
23 27 59 61
23 28 33 79
23 30 31 85
23 34 46 83
23 36 42 73
23 40 49 82
23 47 51 70
23 48 56 76
23 54 56 68
24 26 40 66
24 27 30 63
24 28 45 62
24 29 34 80
24 31 32 86
24 35 47 84
24 37 43 74
24 41 50 83
24 48 52 71
24 49 57 77
24 55 57 69
25 27 41 67
25 28 31 64
25 29 46 63
25 32 33 87
25 36 48 85
25 38 44 60
25 42 51 84
25 49 53 72
25 50 58 78
25 56 58 70
26 28 42 68
26 29 32 65
26 30 39 61
26 33 34 88
26 37 49 86
26 43 52 85
26 50 54 73
26 51 59 79
26 57 59 71
27 29 43 69
27 31 40 62
27 34 35 89
27 38 50 87
27 44 53 86
27 45 52 80
27 45 58 72
27 51 55 74
28 30 54 87
28 32 41 63
28 35 36 75
28 39 51 88
28 46 53 81
28 46 59 73
28 52 56 60
29 31 55 88
29 33 42 64
29 36 37 76
29 40 52 89
29 45 47 74
29 47 54 82
29 53 57 61
30 32 46 74
30 33 51 69
30 35 55 86
30 40 50 81
30 42 48 66
30 43 59 72
30 49 58 65
30 52 53 77
31 33 47 60
31 34 52 70
31 36 56 87
31 41 51 82
31 43 49 67
31 44 45 73
31 50 59 66
31 53 54 78
32 34 48 61
32 35 53 71
32 37 57 88
32 42 52 83
32 44 50 68
32 45 51 67
32 54 55 79
33 35 49 62
33 36 54 72
33 38 58 89
33 43 53 84
33 46 52 68
33 55 56 80
34 36 50 63
34 37 55 73
34 39 59 75
34 44 54 85
34 47 53 69
34 56 57 81
35 37 51 64
35 38 56 74
35 40 45 76
35 48 54 70
35 57 58 82
36 38 52 65
36 39 57 60
36 41 46 77
36 49 55 71
36 58 59 83
37 39 53 66
37 40 58 61
37 42 47 78
37 45 59 84
37 50 56 72
38 40 54 67
38 41 59 62
38 43 48 79
38 45 46 85
38 51 57 73
39 41 55 68
39 42 45 63
39 44 49 80
39 46 47 86
39 52 58 74
40 42 56 69
40 43 46 64
40 47 48 87
40 53 59 60
41 43 57 70
41 44 47 65
41 45 54 61
41 48 49 88
42 44 58 71
42 46 55 62
42 49 50 89
43 47 56 63
43 50 51 75
44 48 57 64
44 51 52 76
60 61 64 70
60 62 74 79
60 63 69 89
60 65 76 78
60 66 86 87
60 67 75 82
60 68 75 83
60 71 73 85
60 72 77 88
60 80 81 84
61 62 65 71
61 63 75 80
61 66 77 79
61 67 87 88
61 68 76 83
61 69 76 84
61 72 74 86
61 73 78 89
61 81 82 85
62 63 66 72
62 64 76 81
62 67 78 80
62 68 88 89
62 69 77 84
62 70 77 85
62 73 75 87
62 82 83 86
63 64 67 73
63 65 77 82
63 68 79 81
63 70 78 85
63 71 78 86
63 74 76 88
63 83 84 87
64 65 68 74
64 66 78 83
64 69 80 82
64 71 79 86
64 72 79 87
64 75 77 89
64 84 85 88
65 66 69 75
65 67 79 84
65 70 81 83
65 72 80 87
65 73 80 88
65 85 86 89
66 67 70 76
66 68 80 85
66 71 82 84
66 73 81 88
66 74 81 89
67 68 71 77
67 69 81 86
67 72 83 85
67 74 82 89
68 69 72 78
68 70 82 87
68 73 84 86
69 70 73 79
69 71 83 88
69 74 85 87
70 71 74 80
70 72 84 89
70 75 86 88
71 72 75 81
71 76 87 89
72 73 76 82
73 74 77 83
74 75 78 84
75 76 79 85
76 77 80 86
77 78 81 87
78 79 82 88
79 80 83 89
