# E_gamma(MeV)   IFA_secondary_masked(MeV^-1 s^-1)
5.145440e-01 6.372830e+20
5.413360e-01 9.755485e+20
5.695230e-01 1.349066e+21
5.991770e-01 1.610139e+21
6.303750e-01 1.800419e+21
6.631980e-01 1.924612e+21
6.977300e-01 1.994919e+21
7.340600e-01 2.023688e+21
7.722810e-01 2.021256e+21
8.124930e-01 1.995757e+21
8.547980e-01 1.953466e+21
8.993070e-01 1.899187e+21
9.461320e-01 1.836595e+21
9.953960e-01 1.768506e+21
1.047230e+00 1.697065e+21
1.101750e+00 1.623909e+21
1.159120e+00 1.550271e+21
1.219470e+00 1.477083e+21
1.282970e+00 1.405033e+21
1.349770e+00 1.334632e+21
1.420050e+00 1.266244e+21
1.493990e+00 1.200127e+21
1.571780e+00 1.136447e+21
1.653620e+00 1.075309e+21
1.739730e+00 1.016766e+21
1.830310e+00 9.608296e+20
1.925610e+00 9.074834e+20
2.025880e+00 8.566872e+20
2.131360e+00 8.083811e+20
2.242340e+00 7.624954e+20
2.359100e+00 7.189508e+20
2.481930e+00 6.776600e+20
2.611160e+00 6.385342e+20
2.747120e+00 6.014817e+20
2.890160e+00 5.664102e+20
3.040650e+00 5.332287e+20
3.198970e+00 5.018471e+20
3.365530e+00 4.721772e+20
3.540770e+00 4.441342e+20
3.725140e+00 4.176351e+20
3.919100e+00 3.926000e+20
4.123160e+00 3.689530e+20
4.337850e+00 3.466215e+20
4.563720e+00 3.255351e+20
4.801340e+00 3.056272e+20
5.051340e+00 2.868345e+20
5.314360e+00 2.690971e+20
5.591070e+00 2.523573e+20
5.882190e+00 2.365614e+20
6.188470e+00 2.216582e+20
6.510690e+00 2.075994e+20
6.849700e+00 1.943391e+20
7.206350e+00 1.818344e+20
7.581580e+00 1.700443e+20
7.976340e+00 1.589304e+20
8.391660e+00 1.484563e+20
8.828600e+00 1.385878e+20
9.288290e+00 1.292925e+20
9.771920e+00 1.205399e+20
1.028070e+01 1.123010e+20
1.081600e+01 1.045486e+20
1.137920e+01 9.725684e+19
1.197170e+01 9.040140e+19
1.259510e+01 8.395932e+19
1.325090e+01 7.790860e+19
1.394080e+01 7.222876e+19
1.466670e+01 6.690027e+19
1.543040e+01 6.190436e+19
1.623380e+01 5.722342e+19
1.707910e+01 5.284094e+19
1.796840e+01 4.874087e+19
1.890400e+01 4.490812e+19
1.988830e+01 4.132838e+19
2.092380e+01 3.798791e+19
2.201330e+01 3.487367e+19
2.315950e+01 3.197225e+19
2.436540e+01 2.927381e+19
2.563410e+01 2.676614e+19
2.696880e+01 2.443843e+19
2.837300e+01 2.228044e+19
2.985040e+01 2.028333e+19
3.140470e+01 1.843560e+19
3.303990e+01 1.672945e+19
3.476020e+01 1.515620e+19
3.657010e+01 1.370762e+19
3.847430e+01 1.237587e+19
4.047760e+01 1.115357e+19
4.258520e+01 1.003335e+19
4.480250e+01 9.008492e+18
4.713530e+01 8.072514e+18
4.958960e+01 7.219218e+18
5.217170e+01 6.442697e+18
5.488820e+01 5.737463e+18
5.774620e+01 5.098244e+18
6.075290e+01 4.519992e+18
6.391620e+01 3.998000e+18
6.724430e+01 3.527834e+18
7.074560e+01 3.105251e+18
7.442920e+01 2.726328e+18
7.830470e+01 2.387401e+18
8.238190e+01 2.084952e+18
8.667140e+01 1.815715e+18
9.118430e+01 1.576724e+18
9.593210e+01 1.365140e+18
1.009270e+02 1.178303e+18
1.061820e+02 1.013806e+18
1.117110e+02 8.694505e+17
1.175280e+02 7.431201e+17
1.236470e+02 6.329078e+17
1.300850e+02 5.371046e+17
1.368590e+02 4.541181e+17
1.439850e+02 3.824591e+17
1.514820e+02 3.208163e+17
1.593690e+02 2.679920e+17
1.676680e+02 2.229068e+17
1.763980e+02 1.845932e+17
1.855830e+02 1.521692e+17
1.952460e+02 1.248390e+17
2.054120e+02 1.019091e+17
2.161070e+02 8.277236e+16
2.273600e+02 6.686568e+16
2.391980e+02 5.371724e+16
2.516530e+02 4.291445e+16
2.647560e+02 3.408858e+16
2.785410e+02 2.690778e+16
2.930450e+02 2.110335e+16
3.083030e+02 1.644295e+16
3.243560e+02 1.272413e+16
3.412450e+02 9.776188e+15
3.590130e+02 7.457875e+15
3.777060e+02 5.648464e+15
3.973730e+02 4.243942e+15
4.180640e+02 3.162322e+15
4.398320e+02 2.335752e+15
4.627330e+02 1.710951e+15
4.868270e+02 1.241332e+15
5.121760e+02 8.926477e+14
5.388440e+02 6.352125e+14
5.669010e+02 4.466609e+14
5.964180e+02 3.101709e+14
6.274730e+02 2.126449e+14
6.601450e+02 1.438984e+14
6.945180e+02 9.605449e+13
7.306800e+02 6.331449e+13
7.687260e+02 4.113808e+13
8.087520e+02 2.634579e+13
8.508630e+02 1.657479e+13
8.951660e+02 1.025374e+13
9.417770e+02 6.271793e+12
9.908140e+02 3.797501e+12
1.042400e+03 2.262109e+12
1.096680e+03 1.320683e+12
1.153780e+03 7.228999e+11
1.213860e+03 3.673834e+11
1.277060e+03 1.728262e+11
1.343560e+03 6.928895e+10
