# # E_gamma (MeV)  Final State Radiation (MeV^-1 s^-1)
5.145440e-01 1.276870e+18
5.413360e-01 1.207809e+18
5.695230e-01 1.142228e+18
5.991770e-01 1.079895e+18
6.303750e-01 1.020715e+18
6.631980e-01 9.644637e+17
6.977300e-01 9.110722e+17
7.340600e-01 8.603230e+17
7.722810e-01 8.121196e+17
8.124930e-01 7.663976e+17
8.547980e-01 7.229292e+17
8.993070e-01 6.817144e+17
9.461320e-01 6.425320e+17
9.953960e-01 6.053294e+17
1.047230e+00 5.700915e+17
1.101750e+00 5.365863e+17
1.159120e+00 5.047792e+17
1.219470e+00 4.747016e+17
1.282970e+00 4.460784e+17
1.349770e+00 4.189259e+17
1.420050e+00 3.931681e+17
1.493990e+00 3.688888e+17
1.571780e+00 3.457476e+17
1.653620e+00 3.238088e+17
1.739730e+00 3.030109e+17
1.830310e+00 2.835103e+17
1.925610e+00 2.648692e+17
2.025880e+00 2.472112e+17
2.131360e+00 2.304903e+17
2.242340e+00 2.146562e+17
2.359100e+00 1.999834e+17
2.481930e+00 1.858440e+17
2.611160e+00 1.724680e+17
2.747120e+00 1.598161e+17
2.890160e+00 1.478503e+17
3.040650e+00 1.365338e+17
3.198970e+00 1.263551e+17
3.365530e+00 1.163096e+17
3.540770e+00 1.068189e+17
3.725140e+00 9.785212e+16
3.919100e+00 8.937990e+16
4.123160e+00 8.137316e+16
4.337850e+00 7.380478e+16
4.563720e+00 6.664949e+16
4.801340e+00 6.086627e+16
5.051340e+00 5.458558e+16
5.314360e+00 4.866225e+16
5.591070e+00 4.308118e+16
5.882190e+00 3.783275e+16
6.188470e+00 3.291206e+16
6.510690e+00 2.832091e+16
6.849700e+00 2.406935e+16
7.206350e+00 2.017096e+16
7.581580e+00 1.664549e+16
7.976340e+00 1.351096e+16
8.391660e+00 1.077868e+16
8.828600e+00 8.451852e+15
9.288290e+00 6.517170e+15
9.771920e+00 4.948415e+15
1.028070e+01 4.318131e+15
1.081600e+01 3.232366e+15
1.137920e+01 2.393010e+15
1.197170e+01 1.755210e+15
1.259510e+01 1.277263e+15
1.325090e+01 9.232838e+14
1.394080e+01 6.606299e+14
1.466670e+01 4.661258e+14
1.543040e+01 3.219384e+14
1.623380e+01 2.154814e+14
1.707910e+01 1.388848e+14
1.796840e+01 8.594122e+13
1.890400e+01 5.125081e+13
1.988830e+01 2.984905e+13
2.092380e+01 1.702185e+13
2.201330e+01 9.599823e+12
2.315950e+01 5.343816e+12
2.436540e+01 2.864912e+12
2.563410e+01 1.457629e+12
2.696880e+01 6.951876e+11
2.837300e+01 3.147627e+11
2.985040e+01 1.413973e+11
3.140470e+01 6.151211e+10
3.303990e+01 2.576309e+10
3.476020e+01 1.005950e+10
3.657010e+01 3.580642e+09
3.847430e+01 1.254273e+09
4.047760e+01 4.236693e+08
4.258520e+01 1.305867e+08
4.480250e+01 3.845502e+07
4.713530e+01 1.025173e+07
4.958960e+01 2.657318e+06
5.217170e+01 6.401160e+05
5.488820e+01 1.317120e+05
5.774620e+01 2.806784e+04
6.075290e+01 5.116530e+03
6.391620e+01 7.874339e+02
6.724430e+01 1.369789e+02
7.074560e+01 1.761304e+01
7.442920e+01 2.182503e+00
7.830470e+01 2.605261e-01
8.238190e+01 2.321987e-02
8.667140e+01 2.235763e-03
9.118430e+01 1.702594e-04
9.593210e+01 8.939351e-06
1.009270e+02 7.126005e-07
1.061820e+02 3.113992e-08
1.117110e+02 1.538644e-09
1.175280e+02 5.786925e-11
1.236470e+02 1.685372e-12
1.300850e+02 4.670996e-14
1.368590e+02 1.168784e-15
1.439850e+02 2.015979e-17
1.514820e+02 2.787346e-19
1.593690e+02 3.799623e-21
1.676680e+02 3.499154e-23
1.763980e+02 2.404727e-25
1.855830e+02 1.609171e-27
1.952460e+02 6.335446e-30
2.054120e+02 2.240262e-32
2.161070e+02 5.615739e-35
2.273600e+02 9.673809e-38
2.391980e+02 1.363250e-40
2.516530e+02 1.171199e-43
2.647560e+02 7.903244e-47
2.785410e+02 3.472057e-50
2.930450e+02 9.406057e-54
3.083030e+02 2.063099e-57
3.243560e+02 2.260797e-61
3.412450e+02 1.695420e-65
3.590130e+02 8.892463e-70
3.777060e+02 2.461034e-74
3.973730e+02 3.635965e-79
4.180640e+02 3.139312e-84
4.398320e+02 1.553143e-89
4.627330e+02 4.112557e-95
4.868270e+02 5.507695e-101
5.121760e+02 3.592630e-107
5.388440e+02 1.123136e-113
5.669010e+02 1.696407e-120
5.964180e+02 1.183606e-127
6.274730e+02 3.064148e-135
6.601450e+02 2.971729e-143
6.945180e+02 1.433209e-151
7.306800e+02 1.877860e-160
7.687260e+02 1.150670e-169
8.087520e+02 1.773223e-179
8.508630e+02 9.294467e-190
8.951660e+02 1.566954e-200
9.417770e+02 6.957166e-212
9.908140e+02 7.555366e-224
1.042400e+03 1.857609e-236
1.096680e+03 1.023468e-249
1.153780e+03 1.388111e-263
1.213860e+03 2.733953e-278
1.277060e+03 1.199686e-293
1.343560e+03 0.000000e+00
