# Sampled masses (g)
2.434069195635e+15
5.299093892733e+15
3.097269357000e+15
4.171653618412e+15
3.420026768865e+15
4.061120258185e+15
4.573995049640e+15
3.411184100047e+15
4.264501641003e+15
2.579973231135e+15
4.494411030277e+15
2.173210465498e+15
3.689728167820e+15
3.751626849547e+15
3.004421334409e+15
1.947722410634e+15
2.809882620409e+15
2.783354613954e+15
3.044213344091e+15
2.332378504226e+15
9.750288406311e+14
2.177631799907e+15
1.832767715997e+15
2.509231880590e+15
2.862938633318e+15
2.062677105270e+15
3.075162684955e+15
2.018463761179e+15
3.291808071001e+15
1.938879741815e+15
5.157611191642e+15
3.455397444138e+15
1.775290368679e+15
1.947722410634e+15
4.481147027049e+15
2.257215819271e+15
3.349285418319e+15
1.881402394497e+15
8.998661556764e+14
4.525360371140e+15
4.277765644231e+15
1.204938229904e+15
1.700127683724e+15
3.610144148456e+15
2.571130562317e+15
3.937322894730e+15
4.388299004458e+15
3.048634678500e+15
4.074384261412e+15
2.089205111725e+15
1.792975706315e+15
1.925615738588e+15
2.442911864453e+15
3.349285418319e+15
4.008064245275e+15
2.619765240817e+15
4.242394968958e+15
1.523274307360e+15
3.464240112956e+15
3.747205515138e+15
3.132640032273e+15
2.442911864453e+15
3.327178746274e+15
1.496746300905e+15
2.274901156907e+15
5.029392493778e+15
2.022885095588e+15
2.345642507453e+15
3.450976109728e+15
3.154746704319e+15
3.300650739819e+15
3.446554775319e+15
1.744341027815e+15
2.602079903181e+15
3.061898681727e+15
1.173988889041e+15
4.286608313049e+15
3.605722814047e+15
2.938101318273e+15
3.229909389273e+15
3.101690691409e+15
2.924837315045e+15
2.734719935454e+15
1.129775544950e+15
3.194538714001e+15
3.548245466729e+15
2.080362442907e+15
4.087648264639e+15
1.094404869677e+15
1.664757008451e+15
3.760469518366e+15
2.062677105270e+15
2.566709227908e+15
3.371392090365e+15
3.424448103274e+15
2.743562604272e+15
3.101690691409e+15
2.283743825725e+15
3.782576190411e+15
3.305072074228e+15
2.071519774089e+15
9.440794997674e+14
3.327178746274e+15
3.800261528048e+15
1.443690287996e+15
4.967493812051e+15
2.394277185953e+15
1.868138391270e+15
4.954229808823e+15
7.141701104941e+14
3.725098843093e+15
1.894666397724e+15
1.567487651451e+15
3.362549421546e+15
3.623408151683e+15
3.618986817274e+15
1.120932876132e+15
3.835632203320e+15
3.919637557093e+15
3.985957573230e+15
1.461375625632e+15
4.507675033504e+15
3.442133440910e+15
3.238752058092e+15
3.252016061319e+15
4.061120258185e+15
3.707413505456e+15
2.407541189180e+15
3.473082781774e+15
1.876981060088e+15
3.318336077455e+15
5.250459214233e+15
3.278544067773e+15
3.459818778547e+15
5.153189857233e+15
3.026528006455e+15
3.623408151683e+15
1.611700995542e+15
1.647071670815e+15
4.423669679731e+15
3.229909389273e+15
3.928480225911e+15
2.447333198862e+15
2.730298601045e+15
4.547467043186e+15
3.725098843093e+15
3.716256174275e+15
1.532116976178e+15
3.941744229139e+15
2.504810546181e+15
2.429647861226e+15
3.331600080683e+15
3.154746704319e+15
3.044213344091e+15
3.296229405410e+15
2.133418455816e+15
4.613787059322e+15
2.672821253726e+15
2.655135916090e+15
3.282965402183e+15
4.074384261412e+15
3.738362846320e+15
1.275679580450e+15
2.579973231135e+15
1.510010304133e+15
2.341221173044e+15
3.756048183956e+15
2.712613263408e+15
2.995578665591e+15
4.207024293685e+15
3.181274710773e+15
5.135504519596e+15
3.397920096819e+15
1.563066317042e+15
3.963850901184e+15
2.345642507453e+15
3.729520177502e+15
3.738362846320e+15
2.602079903181e+15
1.616122329951e+15
4.030170917321e+15
2.814303954818e+15
3.764890852775e+15
2.690506591363e+15
3.534981463501e+15
3.782576190411e+15
5.856182028280e+15
3.349285418319e+15
3.269701398955e+15
2.765669276318e+15
1.059034194404e+15
3.857738875366e+15
1.784133037497e+15
3.592458810820e+15
2.606501237590e+15
2.199738471952e+15
3.092848022591e+15
2.836410626863e+15
2.858517298909e+15
2.946943987091e+15
1.717813021360e+15
3.517296125865e+15
1.430426284769e+15
4.711056416323e+15
4.260080306594e+15
2.115733118180e+15
2.862938633318e+15
1.576330320269e+15
2.447333198862e+15
2.770090610727e+15
2.615343906408e+15
3.539402797910e+15
3.159168038728e+15
1.664757008451e+15
2.557866559090e+15
1.744341027815e+15
1.143039548177e+15
4.587259052868e+15
4.105333602276e+15
2.915994646227e+15
3.269701398955e+15
4.237973634549e+15
1.965407748270e+15
3.742784180729e+15
1.629386333178e+15
2.584394565544e+15
3.490768119410e+15
3.225488054864e+15
3.826789534502e+15
2.699349260181e+15
3.225488054864e+15
2.823146623636e+15
5.055920500233e+15
2.058255770861e+15
1.854874388042e+15
2.615343906408e+15
2.487125208544e+15
3.804682862457e+15
3.729520177502e+15
3.044213344091e+15
3.128218697864e+15
5.024971159369e+15
4.237973634549e+15
3.092848022591e+15
3.459818778547e+15
2.204159806362e+15
4.423669679731e+15
2.531338552635e+15
3.574773473183e+15
2.663978584908e+15
3.601301479638e+15
3.384656093592e+15
2.756826607499e+15
2.986735996773e+15
2.522495883817e+15
4.047856254957e+15
3.035370675273e+15
4.494411030277e+15
3.207802717228e+15
2.778933279545e+15
2.889466639772e+15
4.428091014140e+15
2.248373150453e+15
2.204159806362e+15
3.154746704319e+15
2.049413102043e+15
4.313136319503e+15
3.994800242048e+15
3.813525531275e+15
3.641093489320e+15
2.557866559090e+15
1.527695641769e+15
2.818725289227e+15
3.450976109728e+15
3.282965402183e+15
3.795840193638e+15
2.553445224681e+15
1.492324966496e+15
1.792975706315e+15
4.065541592594e+15
2.456175867680e+15
2.403119854771e+15
2.960207990318e+15
3.322757411864e+15
3.397920096819e+15
2.602079903181e+15
3.817946865684e+15
2.818725289227e+15
3.963850901184e+15
2.951365321500e+15
2.305850497771e+15
3.579194807592e+15
3.764890852775e+15
4.640315065777e+15
3.265280064546e+15
2.624186575226e+15
5.400784584143e+15
2.204159806362e+15
4.375035001231e+15
2.969050659136e+15
5.595323298143e+15
2.747983938681e+15
2.668399919317e+15
2.177631799907e+15
4.286608313049e+15
2.213002475180e+15
3.866581544184e+15
5.661643314280e+15
2.650714581681e+15
4.604944390504e+15
7.495407857669e+14
1.854874388042e+15
4.728741753959e+15
1.452532956814e+15
3.265280064546e+15
1.912351735361e+15
4.565152380822e+15
3.013264003227e+15
2.195317137543e+15
2.977893327954e+15
3.327178746274e+15
2.717034597817e+15
3.296229405410e+15
5.166453860460e+15
3.000000000000e+15
1.585172989087e+15
3.707413505456e+15
3.128218697864e+15
3.344864083910e+15
3.282965402183e+15
2.111311783770e+15
2.902730643000e+15
2.062677105270e+15
2.730298601045e+15
1.156303551404e+15
3.282965402183e+15
3.101690691409e+15
2.770090610727e+15
2.111311783770e+15
3.075162684955e+15
2.969050659136e+15
2.898309308591e+15
3.287386736592e+15
7.053274416759e+14
2.518074549408e+15
1.452532956814e+15
2.871781302136e+15
3.336021415092e+15
3.924058891502e+15
3.168010707546e+15
1.456954291223e+15
3.822368200093e+15
2.951365321500e+15
3.185696045182e+15
2.783354613954e+15
2.504810546181e+15
1.788554371906e+15
2.871781302136e+15
2.248373150453e+15
4.419248345322e+15
4.375035001231e+15
2.823146623636e+15
2.451754533271e+15
1.532116976178e+15
2.164367796680e+15
4.622629728141e+15
3.008842668818e+15
3.769312187184e+15
4.375035001231e+15
2.690506591363e+15
4.697792413095e+15
4.344085660367e+15
2.991157331182e+15
1.510010304133e+15
3.645514823729e+15
2.778933279545e+15
3.309493408637e+15
1.863717056861e+15
1.403898278314e+15
2.274901156907e+15
2.615343906408e+15
3.097269357000e+15
4.963072477641e+15
2.823146623636e+15
4.264501641003e+15
8.998661556764e+14
3.030949340864e+15
3.061898681727e+15
4.843696448596e+15
3.269701398955e+15
3.565930804365e+15
2.730298601045e+15
3.185696045182e+15
1.868138391270e+15
3.521717460274e+15
2.053834436452e+15
4.003642910866e+15
2.120154452589e+15
4.176074952821e+15
1.872559725679e+15
2.876202636545e+15
4.149546946367e+15
2.487125208544e+15
4.065541592594e+15
2.840831961272e+15
3.636672154911e+15
4.489989695867e+15
2.067098439679e+15
2.668399919317e+15
1.638229001996e+15
4.428091014140e+15
2.836410626863e+15
2.487125208544e+15
2.447333198862e+15
2.036149098816e+15
2.854095964500e+15
4.936544471187e+15
2.712613263408e+15
3.747205515138e+15
3.225488054864e+15
1.952143745043e+15
2.526917218226e+15
3.252016061319e+15
1.125354210541e+15
3.154746704319e+15
1.160724885813e+15
1.346420930996e+15
2.774511945136e+15
3.601301479638e+15
3.053056012909e+15
3.225488054864e+15
3.473082781774e+15
2.301429163362e+15
2.354485176271e+15
1.713391686951e+15
2.005199757952e+15
3.260858730137e+15
3.654357492547e+15
3.216645386046e+15
3.163589373137e+15
3.026528006455e+15
3.521717460274e+15
2.376591848317e+15
2.120154452589e+15
2.898309308591e+15
4.304293650685e+15
3.747205515138e+15
2.345642507453e+15
2.093626446134e+15
3.831210868911e+15
1.841610384815e+15
2.770090610727e+15
2.376591848317e+15
2.911573311818e+15
2.000778423543e+15
3.879845547411e+15
2.429647861226e+15
3.389077428001e+15
4.061120258185e+15
3.305072074228e+15
3.742784180729e+15
1.770869034270e+15
3.079584019364e+15
1.810661043951e+15
1.377370271859e+15
2.239530481634e+15
4.618208393731e+15
2.327957169816e+15
3.318336077455e+15
2.518074549408e+15
3.791418859229e+15
3.658778826956e+15
4.450197686186e+15
4.737584422777e+15
1.899087732134e+15
5.038235162596e+15
3.919637557093e+15
3.424448103274e+15
3.229909389273e+15
3.583616142002e+15
3.645514823729e+15
3.658778826956e+15
3.203381382819e+15
4.560731046413e+15
3.649936158138e+15
1.907930400952e+15
2.151103793452e+15
3.676464164593e+15
1.770869034270e+15
2.248373150453e+15
3.344864083910e+15
2.650714581681e+15
3.672042830184e+15
1.682442346088e+15
3.291808071001e+15
3.185696045182e+15
2.765669276318e+15
3.114954694637e+15
2.500389211771e+15
3.424448103274e+15
2.491546542953e+15
3.932901560321e+15
3.433290772092e+15
3.495189453819e+15
2.765669276318e+15
3.030949340864e+15
1.169567554632e+15
4.772955098050e+15
2.805461285999e+15
1.739919693406e+15
2.500389211771e+15
3.729520177502e+15
2.173210465498e+15
3.318336077455e+15
5.007285821732e+15
4.313136319503e+15
3.017685337636e+15
2.292586494544e+15
2.708191928999e+15
4.635893731368e+15
1.899087732134e+15
3.238752058092e+15
2.425226526817e+15
1.647071670815e+15
3.150325369909e+15
3.769312187184e+15
3.044213344091e+15
2.142261124634e+15
3.800261528048e+15
4.790640435686e+15
4.304293650685e+15
3.252016061319e+15
3.968272235593e+15
2.164367796680e+15
4.326400322731e+15
2.389855851544e+15
2.814303954818e+15
5.162032526051e+15
3.375813424774e+15
1.859295722452e+15
3.490768119410e+15
5.639536642234e+15
4.582837718459e+15
3.570352138774e+15
3.336021415092e+15
3.702992171047e+15
2.924837315045e+15
2.022885095588e+15
2.730298601045e+15
2.266058488089e+15
2.332378504226e+15
4.375035001231e+15
2.898309308591e+15
5.334464568006e+15
3.592458810820e+15
2.867359967727e+15
2.389855851544e+15
4.047856254957e+15
1.395055609496e+15
3.106112025818e+15
2.279322491316e+15
2.712613263408e+15
2.053834436452e+15
3.004421334409e+15
3.057477347318e+15
3.221066720455e+15
1.470218294451e+15
3.963850901184e+15
2.151103793452e+15
3.039792009682e+15
2.504810546181e+15
3.596880145229e+15
4.370613666822e+15
3.141482701091e+15
2.876202636545e+15
2.977893327954e+15
2.602079903181e+15
2.036149098816e+15
2.743562604272e+15
2.009621092361e+15
3.247594726910e+15
4.078805595821e+15
4.286608313049e+15
3.168010707546e+15
1.368527603041e+15
4.392720338867e+15
1.766447699860e+15
2.274901156907e+15
3.579194807592e+15
1.638229001996e+15
3.185696045182e+15
2.902730643000e+15
2.862938633318e+15
2.566709227908e+15
2.602079903181e+15
2.889466639772e+15
3.477504116183e+15
3.004421334409e+15
4.127440274321e+15
2.036149098816e+15
2.283743825725e+15
3.380234759183e+15
2.739141269863e+15
3.738362846320e+15
2.593237234363e+15
3.570352138774e+15
4.114176271094e+15
5.246037879824e+15
3.203381382819e+15
3.702992171047e+15
3.013264003227e+15
5.909238041189e+15
2.787775948363e+15
3.853317540957e+15
2.235109147225e+15
3.853317540957e+15
4.268922975412e+15
2.615343906408e+15
3.760469518366e+15
2.982314662364e+15
2.858517298909e+15
2.690506591363e+15
3.915216222684e+15
3.212224051637e+15
3.088426688182e+15
1.757605031042e+15
2.805461285999e+15
3.565930804365e+15
2.809882620409e+15
4.587259052868e+15
2.098047780543e+15
4.481147027049e+15
3.574773473183e+15
3.910794888275e+15
3.198960048410e+15
2.717034597817e+15
2.544602555862e+15
1.974250417088e+15
2.137839790225e+15
1.377370271859e+15
3.915216222684e+15
3.694149502229e+15
1.708970352542e+15
1.846031719224e+15
2.721455932227e+15
3.030949340864e+15
3.950586897957e+15
2.690506591363e+15
3.570352138774e+15
2.407541189180e+15
9.794501750402e+14
2.332378504226e+15
3.857738875366e+15
2.960207990318e+15
5.029392493778e+15
2.871781302136e+15
2.473861205317e+15
3.579194807592e+15
2.659557250499e+15
5.926923378826e+15
3.910794888275e+15
2.460597202090e+15
1.757605031042e+15
2.151103793452e+15
3.336021415092e+15
3.190117379591e+15
2.420805192408e+15
3.685306833411e+15
2.429647861226e+15
3.322757411864e+15
3.336021415092e+15
1.965407748270e+15
4.291029647458e+15
1.377370271859e+15
2.553445224681e+15
3.393498762410e+15
3.521717460274e+15
2.305850497771e+15
2.619765240817e+15
1.611700995542e+15
1.642650336406e+15
3.879845547411e+15
1.921194404179e+15
4.573995049640e+15
2.668399919317e+15
2.889466639772e+15
4.242394968958e+15
2.159946462271e+15
2.991157331182e+15
2.597658568772e+15
2.478282539726e+15
4.989600484096e+15
3.972693570003e+15
1.762026365451e+15
2.650714581681e+15
2.867359967727e+15
2.995578665591e+15
2.862938633318e+15
2.646293247272e+15
3.044213344091e+15
2.960207990318e+15
3.061898681727e+15
2.730298601045e+15
2.615343906408e+15
4.609365724913e+15
2.080362442907e+15
4.450197686186e+15
1.262415577223e+15
4.184917621639e+15
4.604944390504e+15
3.676464164593e+15
1.434847619178e+15
1.682442346088e+15
2.425226526817e+15
2.248373150453e+15
1.333156927768e+15
3.676464164593e+15
1.558644982633e+15
2.571130562317e+15
3.702992171047e+15
3.079584019364e+15
3.680885499002e+15
3.871002878593e+15
2.774511945136e+15
8.379674739490e+14
1.894666397724e+15
2.889466639772e+15
3.526138794683e+15
3.857738875366e+15
1.876981060088e+15
3.070741350546e+15
3.866581544184e+15
2.840831961272e+15
3.044213344091e+15
2.814303954818e+15
1.430426284769e+15
2.305850497771e+15
1.045770191177e+15
2.969050659136e+15
2.394277185953e+15
5.688171320734e+15
3.313914743046e+15
3.225488054864e+15
2.429647861226e+15
3.017685337636e+15
3.641093489320e+15
3.853317540957e+15
2.098047780543e+15
2.504810546181e+15
3.274122733364e+15
4.746427091595e+15
3.946165563548e+15
3.937322894730e+15
4.273344309821e+15
2.031727764407e+15
3.066320016137e+15
4.709967179935e+14
3.924058891502e+15
1.912351735361e+15
1.554223648224e+15
2.942522652682e+15
1.700127683724e+15
3.013264003227e+15
3.022106672046e+15
2.792197282772e+15
2.381013182726e+15
2.778933279545e+15
3.871002878593e+15
1.779711703088e+15
1.306628921314e+15
2.924837315045e+15
2.730298601045e+15
3.990378907639e+15
2.288165160135e+15
1.576330320269e+15
3.676464164593e+15
2.283743825725e+15
1.996357089134e+15
2.699349260181e+15
3.618986817274e+15
3.654357492547e+15
3.221066720455e+15
3.857738875366e+15
3.194538714001e+15
3.309493408637e+15
3.362549421546e+15
2.637450578454e+15
4.538624374368e+15
2.230687812816e+15
3.331600080683e+15
3.932901560321e+15
3.685306833411e+15
2.522495883817e+15
4.339664325958e+15
3.915216222684e+15
2.730298601045e+15
2.407541189180e+15
1.974250417088e+15
2.350063841862e+15
3.588037476411e+15
3.747205515138e+15
3.106112025818e+15
2.518074549408e+15
4.414827010913e+15
3.592458810820e+15
3.322757411864e+15
2.204159806362e+15
2.089205111725e+15
2.646293247272e+15
1.960986413861e+15
1.288943583677e+15
2.991157331182e+15
4.242394968958e+15
4.405984342095e+15
1.974250417088e+15
1.846031719224e+15
1.828346381588e+15
4.065541592594e+15
3.490768119410e+15
3.185696045182e+15
2.403119854771e+15
2.155525127861e+15
2.818725289227e+15
3.349285418319e+15
3.402341431228e+15
4.339664325958e+15
2.902730643000e+15
4.534203039959e+15
2.407541189180e+15
2.040570433225e+15
3.252016061319e+15
4.910016464732e+15
5.638447405846e+14
2.243951816044e+15
4.016906914094e+15
3.402341431228e+15
2.447333198862e+15
2.354485176271e+15
3.247594726910e+15
4.277765644231e+15
2.327957169816e+15
4.777376432459e+15
2.977893327954e+15
4.423669679731e+15
2.451754533271e+15
3.468661447365e+15
3.106112025818e+15
3.521717460274e+15
4.145125611958e+15
4.092069599048e+15
1.943301076225e+15
1.757605031042e+15
1.938879741815e+15
3.747205515138e+15
2.217423809589e+15
4.299872316276e+15
2.465018536499e+15
2.146682459043e+15
4.454619020595e+15
3.061898681727e+15
3.574773473183e+15
2.761247941908e+15
3.636672154911e+15
3.424448103274e+15
3.720677508684e+15
3.627829486093e+15
4.047856254957e+15
3.070741350546e+15
1.523274307360e+15
3.689728167820e+15
2.451754533271e+15
3.442133440910e+15
3.972693570003e+15
2.544602555862e+15
3.756048183956e+15
4.105333602276e+15
1.244730239586e+15
2.274901156907e+15
1.859295722452e+15
1.319892924541e+15
2.690506591363e+15
2.973471993545e+15
2.677242588136e+15
4.454619020595e+15
2.911573311818e+15
2.040570433225e+15
3.097269357000e+15
2.840831961272e+15
3.428869437683e+15
2.367749179498e+15
3.057477347318e+15
3.840053537729e+15
1.594015657905e+15
2.615343906408e+15
3.238752058092e+15
3.168010707546e+15
6.832207696304e+14
4.109754936685e+15
3.786997524820e+15
3.495189453819e+15
5.674907317507e+15
2.911573311818e+15
2.314693166589e+15
3.053056012909e+15
3.543824132320e+15
1.227044901950e+15
3.057477347318e+15
5.250459214233e+15
1.567487651451e+15
4.211445628094e+15
4.587259052868e+15
2.124575786998e+15
3.092848022591e+15
2.372170513907e+15
3.786997524820e+15
3.017685337636e+15
3.862160209775e+15
3.287386736592e+15
1.841610384815e+15
2.204159806362e+15
3.725098843093e+15
2.584394565544e+15
4.153968280776e+15
2.823146623636e+15
4.653579069004e+15
3.782576190411e+15
3.716256174275e+15
3.061898681727e+15
3.057477347318e+15
2.093626446134e+15
2.482703874135e+15
3.212224051637e+15
2.142261124634e+15
1.779711703088e+15
3.857738875366e+15
3.955008232366e+15
3.035370675273e+15
5.285829889506e+15
4.211445628094e+15
2.721455932227e+15
2.659557250499e+15
2.111311783770e+15
2.500389211771e+15
3.221066720455e+15
4.759691094823e+15
3.362549421546e+15
2.336799838635e+15
3.075162684955e+15
3.278544067773e+15
6.006507398190e+15
3.605722814047e+15
2.460597202090e+15
2.005199757952e+15
2.792197282772e+15
2.504810546181e+15
2.005199757952e+15
4.030170917321e+15
1.894666397724e+15
3.437712106501e+15
3.893109550639e+15
1.695706349315e+15
3.649936158138e+15
1.275679580450e+15
3.154746704319e+15
3.282965402183e+15
3.526138794683e+15
3.066320016137e+15
2.155525127861e+15
2.292586494544e+15
2.350063841862e+15
2.814303954818e+15
1.173988889041e+15
3.689728167820e+15
2.792197282772e+15
2.124575786998e+15
1.651493005224e+15
2.672821253726e+15
3.331600080683e+15
3.561509469956e+15
1.023663519131e+15
2.124575786998e+15
3.092848022591e+15
9.927141782675e+14
3.990378907639e+15
4.445776351776e+15
3.574773473183e+15
3.039792009682e+15
2.703770594590e+15
2.885045305363e+15
4.034592251730e+15
3.110533360228e+15
3.349285418319e+15
2.411962523589e+15
3.057477347318e+15
3.994800242048e+15
5.051499165823e+15
2.540181221453e+15
3.588037476411e+15
4.207024293685e+15
5.356571240052e+15
