Hawking secondary spectra for each particle type.
energy/particle         photon       electron           nu_e          nu_mu         nu_tau         proton
    1.00000e-06    6.25580e+15    0.00000e+00    1.59730e+23    3.49286e+18    0.00000e+00    0.00000e+00
    1.05207e-06    1.14422e+16    0.00000e+00    1.74000e+23    5.31413e+18    3.38821e+12    0.00000e+00
    1.10685e-06    1.21950e+16    0.00000e+00    1.80265e+23    5.12103e+18    3.73720e+12    0.00000e+00
    1.16448e-06    1.28913e+16    0.00000e+00    1.90562e+23    5.96666e+18    4.12212e+12    0.00000e+00
    1.22511e-06    1.49419e+16    0.00000e+00    2.07730e+23    8.37130e+18    4.54669e+12    0.00000e+00
    1.28890e-06    2.50655e+16    0.00000e+00    2.26255e+23    8.72108e+18    5.01500e+12    0.00000e+00
    1.35602e-06    2.78714e+16    0.00000e+00    2.38981e+23    1.11815e+19    5.53162e+12    0.00000e+00
    1.42662e-06    3.02564e+16    0.00000e+00    2.55615e+23    1.12319e+19    6.10133e+12    0.00000e+00
    1.50090e-06    6.08813e+16    0.00000e+00    2.80670e+23    1.38616e+19    6.72976e+12    0.00000e+00
    1.57905e-06    7.07210e+16    0.00000e+00    2.88551e+23    1.72649e+19    7.42293e+12    0.00000e+00
    1.66127e-06    6.55104e+16    0.00000e+00    3.15961e+23    1.77167e+19    8.18751e+12    0.00000e+00
    1.74777e-06    1.14320e+17    0.00000e+00    3.33686e+23    2.52005e+19    9.03083e+12    0.00000e+00
    1.83878e-06    1.33236e+17    0.00000e+00    3.58217e+23    2.58464e+19    9.96108e+12    0.00000e+00
    1.93452e-06    1.36841e+17    0.00000e+00    3.74283e+23    2.97208e+19    1.09871e+13    0.00000e+00
    2.03525e-06    1.81285e+17    0.00000e+00    3.94679e+23    4.02978e+19    1.21188e+13    0.00000e+00
    2.14122e-06    2.24079e+17    0.00000e+00    4.16401e+23    4.56094e+19    1.33670e+13    0.00000e+00
    2.25271e-06    2.97376e+17    0.00000e+00    4.49254e+23    4.86611e+19    1.47438e+13    0.00000e+00
    2.37001e-06    3.05389e+17    0.00000e+00    4.64855e+23    5.80853e+19    1.62625e+13    0.00000e+00
    2.49341e-06    3.90885e+17    0.00000e+00    4.87582e+23    6.37516e+19    1.79375e+13    0.00000e+00
    2.62324e-06    4.46574e+17    0.00000e+00    5.13499e+23    8.23717e+19    1.97851e+13    0.00000e+00
    2.75983e-06    4.93987e+17    0.00000e+00    5.39777e+23    9.40640e+19    2.18230e+13    0.00000e+00
    2.90353e-06    6.80891e+17    0.00000e+00    5.64150e+23    9.77610e+19    2.40708e+13    0.00000e+00
    3.05471e-06    8.20021e+17    0.00000e+00    5.89513e+23    1.18508e+20    2.65500e+13    0.00000e+00
    3.21376e-06    9.08073e+17    0.00000e+00    6.11429e+23    1.31343e+20    2.92846e+13    0.00000e+00
    3.38110e-06    1.08985e+18    0.00000e+00    6.38542e+23    1.65237e+20    3.23010e+13    0.00000e+00
    3.55715e-06    1.43686e+18    0.00000e+00    6.55288e+23    2.01801e+20    3.56281e+13    0.00000e+00
    3.74237e-06    1.80015e+18    0.00000e+00    6.82376e+23    2.13488e+20    3.92979e+13    0.00000e+00
    3.93723e-06    1.72194e+18    0.00000e+00    7.12705e+23    2.47169e+20    4.33456e+13    0.00000e+00
    4.14223e-06    2.16210e+18    0.00000e+00    7.28524e+23    2.83388e+20    4.78101e+13    0.00000e+00
    4.35791e-06    3.03411e+18    0.00000e+00    7.55287e+23    3.29946e+20    5.27346e+13    0.00000e+00
    4.58482e-06    3.36982e+18    0.00000e+00    7.70009e+23    4.02304e+20    5.81663e+13    0.00000e+00
    4.82355e-06    3.66372e+18    0.00000e+00    7.97200e+23    4.39575e+20    6.41576e+13    0.00000e+00
    5.07471e-06    4.93491e+18    0.00000e+00    8.05597e+23    4.48644e+20    7.07661e+13    0.00000e+00
    5.33894e-06    5.32915e+18    0.00000e+00    8.18769e+23    5.89381e+20    7.80549e+13    0.00000e+00
    5.61693e-06    6.14486e+18    0.00000e+00    8.28581e+23    6.91360e+20    8.60946e+13    0.00000e+00
    5.90940e-06    7.00236e+18    0.00000e+00    8.37419e+23    7.66682e+20    9.49626e+13    0.00000e+00
    6.21709e-06    8.30279e+18    0.00000e+00    8.48393e+23    8.33122e+20    1.04744e+14    0.00000e+00
    6.54081e-06    1.00834e+19    0.00000e+00    8.52983e+23    9.48069e+20    1.15533e+14    0.00000e+00
    6.88138e-06    1.14505e+19    0.00000e+00    8.55081e+23    1.09781e+21    1.27433e+14    0.00000e+00
    7.23968e-06    1.45873e+19    0.00000e+00    8.51013e+23    1.22316e+21    1.40558e+14    0.00000e+00
    7.61664e-06    1.59898e+19    0.00000e+00    8.51278e+23    1.35831e+21    1.55036e+14    0.00000e+00
    8.01323e-06    1.65560e+19    0.00000e+00    8.45070e+23    1.59854e+21    1.71005e+14    0.00000e+00
    8.43047e-06    2.27649e+19    0.00000e+00    8.34061e+23    1.73489e+21    1.88618e+14    0.00000e+00
    8.86943e-06    2.77490e+19    0.00000e+00    8.21610e+23    1.93405e+21    2.08046e+14    0.00000e+00
    9.33125e-06    2.98271e+19    0.00000e+00    8.02009e+23    2.35819e+21    2.29475e+14    0.00000e+00
    9.81712e-06    3.39415e+19    0.00000e+00    7.90361e+23    2.65303e+21    2.53111e+14    0.00000e+00
    1.03283e-05    3.94195e+19    0.00000e+00    7.63296e+23    2.77659e+21    2.79183e+14    0.00000e+00
    1.08661e-05    4.61017e+19    0.00000e+00    7.41578e+23    3.28360e+21    3.07940e+14    0.00000e+00
    1.14318e-05    5.76675e+19    0.00000e+00    7.15725e+23    3.64574e+21    3.39654e+14    0.00000e+00
    1.20271e-05    6.25940e+19    0.00000e+00    6.90199e+23    4.15883e+21    3.74642e+14    0.00000e+00
    1.26533e-05    6.75197e+19    0.00000e+00    6.59086e+23    4.29114e+21    4.13228e+14    0.00000e+00
    1.33122e-05    7.63163e+19    0.00000e+00    6.28251e+23    5.00588e+21    4.55795e+14    0.00000e+00
    1.40053e-05    9.63120e+19    0.00000e+00    5.93698e+23    5.46395e+21    5.02739e+14    0.00000e+00
    1.47345e-05    1.14917e+20    0.00000e+00    5.65496e+23    5.95896e+21    5.54519e+14    0.00000e+00
    1.55018e-05    1.32850e+20    0.00000e+00    5.27028e+23    6.62008e+21    6.11643e+14    0.00000e+00
    1.63089e-05    1.46446e+20    0.00000e+00    4.94741e+23    7.44616e+21    6.74638e+14    0.00000e+00
    1.71581e-05    1.62065e+20    0.00000e+00    4.61835e+23    7.73185e+21    7.44128e+14    0.00000e+00
    1.80515e-05    1.85600e+20    0.00000e+00    4.31358e+23    8.76700e+21    8.20774e+14    0.00000e+00
    1.89914e-05    2.34672e+20    0.00000e+00    3.98177e+23    9.80531e+21    9.05313e+14    0.00000e+00
    1.99803e-05    2.71590e+20    0.00000e+00    3.67937e+23    1.03301e+22    9.98565e+14    0.00000e+00
    2.10206e-05    2.78014e+20    0.00000e+00    3.37897e+23    1.13155e+22    1.10141e+15    0.00000e+00
    2.21151e-05    3.25689e+20    0.00000e+00    3.10107e+23    1.25341e+22    1.21486e+15    0.00000e+00
    2.32666e-05    4.14319e+20    0.00000e+00    2.83004e+23    1.36204e+22    1.33999e+15    0.00000e+00
    2.44781e-05    4.28335e+20    0.00000e+00    2.58333e+23    1.48399e+22    1.47802e+15    0.00000e+00
    2.57526e-05    4.89558e+20    0.00000e+00    2.34865e+23    1.62222e+22    1.63025e+15    0.00000e+00
    2.70935e-05    5.74882e+20    0.00000e+00    2.13606e+23    1.77893e+22    1.79816e+15    0.00000e+00
    2.85043e-05    6.41146e+20    0.00000e+00    1.93897e+23    1.86128e+22    1.98339e+15    0.00000e+00
    2.99884e-05    6.85414e+20    0.00000e+00    1.76570e+23    2.06833e+22    2.18767e+15    0.00000e+00
    3.15499e-05    8.22717e+20    0.00000e+00    1.59456e+23    2.24868e+22    2.41301e+15    0.00000e+00
    3.31927e-05    9.20687e+20    0.00000e+00    1.44873e+23    2.43977e+22    2.66155e+15    0.00000e+00
    3.49210e-05    1.00215e+21    0.00000e+00    1.32057e+23    2.56203e+22    2.93570e+15    0.00000e+00
    3.67392e-05    1.09856e+21    0.00000e+00    1.19493e+23    2.80412e+22    3.23806e+15    0.00000e+00
    3.86522e-05    1.32191e+21    0.00000e+00    1.09392e+23    3.02517e+22    3.57159e+15    0.00000e+00
    4.06648e-05    1.42917e+21    0.00000e+00    1.00150e+23    3.21109e+22    3.93948e+15    0.00000e+00
    4.27821e-05    1.53916e+21    0.00000e+00    9.16257e+22    3.45177e+22    4.34524e+15    0.00000e+00
    4.50098e-05    1.77845e+21    0.00000e+00    8.50315e+22    3.71848e+22    4.79282e+15    0.00000e+00
    4.73533e-05    2.05350e+21    0.00000e+00    7.92461e+22    3.94493e+22    5.28646e+15    0.00000e+00
    4.98190e-05    2.21771e+21    0.00000e+00    7.46171e+22    4.18650e+22    5.83099e+15    0.00000e+00
    5.24130e-05    2.42281e+21    0.00000e+00    7.01223e+22    4.50977e+22    6.43159e+15    0.00000e+00
    5.51421e-05    2.68117e+21    0.00000e+00    6.71750e+22    4.82965e+22    7.09406e+15    0.00000e+00
    5.80132e-05    2.96540e+21    0.00000e+00    6.49770e+22    5.07201e+22    7.82473e+15    0.00000e+00
    6.10339e-05    3.25271e+21    0.00000e+00    6.24022e+22    5.41716e+22    8.63070e+15    0.00000e+00
    6.42119e-05    3.68413e+21    0.00000e+00    6.12698e+22    5.79765e+22    9.51968e+15    0.00000e+00
    6.75553e-05    3.96028e+21    0.00000e+00    6.06727e+22    6.11407e+22    1.05002e+16    0.00000e+00
    7.10728e-05    4.41771e+21    0.00000e+00    6.08854e+22    6.44012e+22    1.15817e+16    0.00000e+00
    7.47735e-05    4.80601e+21    0.00000e+00    6.03105e+22    6.81459e+22    1.27747e+16    0.00000e+00
    7.86668e-05    5.34291e+21    0.00000e+00    6.11562e+22    7.16004e+22    1.40905e+16    0.00000e+00
    8.27629e-05    5.77444e+21    0.00000e+00    6.19091e+22    7.58231e+22    1.55418e+16    0.00000e+00
    8.70722e-05    6.33522e+21    0.00000e+00    6.30404e+22    7.93088e+22    1.71426e+16    0.00000e+00
    9.16060e-05    6.78298e+21    0.00000e+00    6.46278e+22    8.34962e+22    1.89083e+16    0.00000e+00
    9.63758e-05    7.38500e+21    0.00000e+00    6.55718e+22    8.70398e+22    2.08559e+16    0.00000e+00
    1.01394e-04    8.12945e+21    0.00000e+00    6.73236e+22    9.14750e+22    2.30041e+16    0.00000e+00
    1.06673e-04    8.87200e+21    0.00000e+00    6.92528e+22    9.55652e+22    2.53734e+16    0.00000e+00
    1.12228e-04    9.47823e+21    0.00000e+00    7.11709e+22    9.97268e+22    2.79872e+16    0.00000e+00
    1.18071e-04    1.01215e+22    0.00000e+00    7.26898e+22    1.03491e+23    3.08696e+16    0.00000e+00
    1.24219e-04    1.10307e+22    0.00000e+00    7.48480e+22    1.07948e+23    3.40493e+16    0.00000e+00
    1.30687e-04    1.17872e+22    0.00000e+00    7.68601e+22    1.12391e+23    3.75565e+16    0.00000e+00
    1.37492e-04    1.25990e+22    0.00000e+00    7.86487e+22    1.16565e+23    4.14250e+16    0.00000e+00
    1.44651e-04    1.35506e+22    0.00000e+00    8.06891e+22    1.21005e+23    4.56918e+16    0.00000e+00
    1.52183e-04    1.43971e+22    0.00000e+00    8.28107e+22    1.25022e+23    5.03983e+16    0.00000e+00
    1.60106e-04    1.54276e+22    0.00000e+00    8.48833e+22    1.28957e+23    5.55887e+16    0.00000e+00
    1.68443e-04    1.64224e+22    0.00000e+00    8.67337e+22    1.32674e+23    6.13148e+16    0.00000e+00
    1.77214e-04    1.75240e+22    0.00000e+00    8.87979e+22    1.37471e+23    6.76305e+16    0.00000e+00
    1.86441e-04    1.85019e+22    0.00000e+00    8.99203e+22    1.41038e+23    7.45963e+16    0.00000e+00
    1.96149e-04    1.96857e+22    0.00000e+00    9.22319e+22    1.44880e+23    8.22801e+16    0.00000e+00
    2.06362e-04    2.07771e+22    0.00000e+00    9.37880e+22    1.48565e+23    9.07548e+16    0.00000e+00
    2.17107e-04    2.19517e+22    0.00000e+00    9.53272e+22    1.52733e+23    1.00103e+17    0.00000e+00
    2.28411e-04    2.30771e+22    0.00000e+00    9.66950e+22    1.55606e+23    1.10413e+17    0.00000e+00
    2.40304e-04    2.44609e+22    0.00000e+00    9.81414e+22    1.58572e+23    1.21808e+17    0.00000e+00
    2.52817e-04    2.55257e+22    0.00000e+00    9.94202e+22    1.61619e+23    1.34386e+17    0.00000e+00
    2.65980e-04    2.66612e+22    0.00000e+00    1.00706e+23    1.65143e+23    1.48165e+17    0.00000e+00
    2.79830e-04    2.81216e+22    0.00000e+00    1.01697e+23    1.67470e+23    1.63462e+17    0.00000e+00
    2.94400e-04    2.94862e+22    0.00000e+00    1.02395e+23    1.69756e+23    1.80348e+17    0.00000e+00
    3.09729e-04    3.05456e+22    0.00000e+00    1.02882e+23    1.72598e+23    1.98827e+17    0.00000e+00
    3.25856e-04    3.18616e+22    0.00000e+00    1.03716e+23    1.74863e+23    2.19424e+17    0.00000e+00
    3.42823e-04    3.33234e+22    0.00000e+00    1.04527e+23    1.76853e+23    2.41896e+17    0.00000e+00
    3.60673e-04    3.45029e+22    0.00000e+00    1.04355e+23    1.78575e+23    2.66968e+17    0.00000e+00
    3.79453e-04    3.57361e+22    0.00000e+00    1.04678e+23    1.80088e+23    2.94391e+17    0.00000e+00
    3.99211e-04    3.70525e+22    0.00000e+00    1.05054e+23    1.81519e+23    3.24720e+17    0.00000e+00
    4.19997e-04    3.83637e+22    0.00000e+00    1.05277e+23    1.82308e+23    3.58172e+17    0.00000e+00
    4.41866e-04    3.92867e+22    0.00000e+00    1.04836e+23    1.83680e+23    3.94919e+17    0.00000e+00
    4.64873e-04    4.04851e+22    0.00000e+00    1.04733e+23    1.83875e+23    4.35748e+17    0.00000e+00
    4.89079e-04    4.17513e+22    3.21970e-71    1.04476e+23    1.83841e+23    4.80641e+17    0.00000e+00
    5.14544e-04    4.29156e+22    9.01545e+22    1.03545e+23    1.84175e+23    5.30155e+17    0.00000e+00
    5.41336e-04    4.37092e+22    8.98451e+22    1.03020e+23    1.84240e+23    5.84774e+17    0.00000e+00
    5.69523e-04    4.48764e+22    8.97524e+22    1.02328e+23    1.83565e+23    6.45020e+17    0.00000e+00
    5.99177e-04    4.58616e+22    8.93963e+22    1.01679e+23    1.82650e+23    7.11839e+17    0.00000e+00
    6.30375e-04    4.65446e+22    8.89402e+22    1.00361e+23    1.81603e+23    7.84828e+17    0.00000e+00
    6.63198e-04    4.74623e+22    8.82666e+22    9.95577e+22    1.80533e+23    8.65198e+17    0.00000e+00
    6.97730e-04    4.83122e+22    8.76676e+22    9.82715e+22    1.78928e+23    9.54805e+17    0.00000e+00
    7.34060e-04    4.90644e+22    8.68046e+22    9.69672e+22    1.77350e+23    1.05383e+18    0.00000e+00
    7.72281e-04    4.95819e+22    8.58837e+22    9.55653e+22    1.75399e+23    1.16103e+18    0.00000e+00
    8.12493e-04    5.02858e+22    8.50006e+22    9.41883e+22    1.73092e+23    1.28224e+18    0.00000e+00
    8.54798e-04    5.08934e+22    8.38791e+22    9.24774e+22    1.70978e+23    1.41353e+18    0.00000e+00
    8.99307e-04    5.11855e+22    8.26707e+22    9.05254e+22    1.68572e+23    1.55917e+18    0.00000e+00
    9.46132e-04    5.16196e+22    8.14183e+22    8.91136e+22    1.65753e+23    1.71982e+18    0.00000e+00
    9.95396e-04    5.18576e+22    8.00126e+22    8.71433e+22    1.62558e+23    1.89550e+18    0.00000e+00
    1.04723e-03    5.21448e+22    7.87063e+22    8.51516e+22    1.59623e+23    2.09229e+18    0.00000e+00
    1.10175e-03    5.21924e+22    7.70209e+22    8.28112e+22    1.56191e+23    2.30784e+18    0.00000e+00
    1.15912e-03    5.23551e+22    7.54013e+22    8.09080e+22    1.52841e+23    2.54565e+18    0.00000e+00
    1.21947e-03    5.22869e+22    7.38595e+22    7.88541e+22    1.49219e+23    2.81061e+18    0.00000e+00
    1.28297e-03    5.22587e+22    7.20852e+22    7.66176e+22    1.45519e+23    3.09459e+18    0.00000e+00
    1.34977e-03    5.19309e+22    7.03994e+22    7.43808e+22    1.41595e+23    3.41640e+18    0.00000e+00
    1.42005e-03    5.17049e+22    6.84095e+22    7.21379e+22    1.37664e+23    3.77247e+18    0.00000e+00
    1.49399e-03    5.14215e+22    6.67095e+22    6.97915e+22    1.33796e+23    4.15731e+18    0.00000e+00
    1.57178e-03    5.09166e+22    6.47376e+22    6.75297e+22    1.29703e+23    4.58571e+18    0.00000e+00
    1.65362e-03    5.04383e+22    6.28060e+22    6.51754e+22    1.25395e+23    5.05826e+18    0.00000e+00
    1.73973e-03    4.97666e+22    6.08104e+22    6.27209e+22    1.21381e+23    5.57263e+18    0.00000e+00
    1.83031e-03    4.91107e+22    5.89354e+22    6.01737e+22    1.17059e+23    6.16142e+18    0.00000e+00
    1.92561e-03    4.84170e+22    5.67742e+22    5.79496e+22    1.12702e+23    6.78870e+18    0.00000e+00
    2.02588e-03    4.76930e+22    5.47927e+22    5.55278e+22    1.08474e+23    7.48833e+18    0.00000e+00
    2.13136e-03    4.67356e+22    5.27047e+22    5.32192e+22    1.04213e+23    8.24824e+18    0.00000e+00
    2.24234e-03    4.58194e+22    5.06895e+22    5.07756e+22    9.98081e+22    9.10957e+18    0.00000e+00
    2.35910e-03    4.48236e+22    4.86042e+22    4.85113e+22    9.55263e+22    1.00483e+19    0.00000e+00
    2.48193e-03    4.37809e+22    4.65617e+22    4.62327e+22    9.12058e+22    1.11009e+19    0.00000e+00
    2.61116e-03    4.28184e+22    4.45719e+22    4.39125e+22    8.70957e+22    1.22281e+19    0.00000e+00
    2.74712e-03    4.15920e+22    4.25274e+22    4.17272e+22    8.27990e+22    1.33586e+19    0.00000e+00
    2.89016e-03    4.04746e+22    4.05524e+22    3.95119e+22    7.86981e+22    1.47388e+19    0.00000e+00
    3.04065e-03    3.92026e+22    3.86406e+22    3.73714e+22    7.47121e+22    1.63100e+19    0.00000e+00
    3.19897e-03    3.80764e+22    3.66610e+22    3.52820e+22    7.07578e+22    1.80484e+19    0.00000e+00
    3.36553e-03    3.67890e+22    3.47590e+22    3.32781e+22    6.68180e+22    1.99111e+19    0.00000e+00
    3.54077e-03    3.54986e+22    3.28740e+22    3.12929e+22    6.30647e+22    2.19541e+19    0.00000e+00
    3.72514e-03    3.42153e+22    3.10835e+22    2.94290e+22    5.94553e+22    2.43289e+19    0.00000e+00
    3.91910e-03    3.29425e+22    2.93064e+22    2.75520e+22    5.57979e+22    2.68281e+19    0.00000e+00
    4.12316e-03    3.16114e+22    2.75724e+22    2.58161e+22    5.23245e+22    2.96194e+19    0.00000e+00
    4.33785e-03    3.03735e+22    2.59319e+22    2.40821e+22    4.90871e+22    3.27061e+19    0.00000e+00
    4.56372e-03    2.90394e+22    2.43170e+22    2.24661e+22    4.57933e+22    3.61039e+19    0.00000e+00
    4.80134e-03    2.77708e+22    2.28131e+22    2.08705e+22    4.27347e+22    3.97936e+19    0.00000e+00
    5.05134e-03    2.64726e+22    2.12901e+22    1.93750e+22    3.96559e+22    4.39761e+19    0.00000e+00
    5.31436e-03    2.52034e+22    1.98447e+22    1.79385e+22    3.69577e+22    4.85181e+19    0.00000e+00
    5.59107e-03    2.39953e+22    1.84592e+22    1.65974e+22    3.41287e+22    5.35618e+19    0.00000e+00
    5.88219e-03    2.27424e+22    1.71593e+22    1.52796e+22    3.15632e+22    5.90057e+19    0.00000e+00
    6.18847e-03    2.15246e+22    1.59011e+22    1.40946e+22    2.90957e+22    6.51072e+19    0.00000e+00
    6.51069e-03    2.03435e+22    1.47180e+22    1.29410e+22    2.68091e+22    7.18244e+19    0.00000e+00
    6.84970e-03    1.91967e+22    1.35822e+22    1.18653e+22    2.46045e+22    7.91598e+19    0.00000e+00
    7.20635e-03    1.80628e+22    1.25210e+22    1.08526e+22    2.25302e+22    8.72487e+19    0.00000e+00
    7.58158e-03    1.69570e+22    1.15068e+22    9.90226e+21    2.06075e+22    9.61624e+19    0.00000e+00
    7.97634e-03    1.58836e+22    1.05867e+22    9.03904e+21    1.87834e+22    1.05974e+20    0.00000e+00
    8.39166e-03    1.48929e+22    9.70740e+21    8.21849e+21    1.71343e+22    1.16734e+20    0.00000e+00
    8.82860e-03    1.38702e+22    8.87465e+21    7.44088e+21    1.55452e+22    1.28582e+20    0.00000e+00
    9.28829e-03    1.29210e+22    8.12739e+21    6.75087e+21    1.41125e+22    1.41566e+20    0.00000e+00
    9.77192e-03    1.20054e+22    7.42646e+21    6.10966e+21    1.27465e+22    1.55858e+20    0.00000e+00
    1.02807e-02    1.11392e+22    6.78313e+21    5.53088e+21    1.15308e+22    1.71523e+20    0.00000e+00
    1.08160e-02    1.02969e+22    6.18055e+21    4.97371e+21    1.04043e+22    1.88690e+20    0.00000e+00
    1.13792e-02    9.48280e+21    5.63880e+21    4.47817e+21    9.34136e+21    2.07565e+20    0.00000e+00
    1.19717e-02    8.74231e+21    5.15386e+21    4.05396e+21    8.38752e+21    2.28206e+20    0.00000e+00
    1.25951e-02    8.02804e+21    4.69146e+21    3.63829e+21    7.53291e+21    2.50826e+20    0.00000e+00
    1.32509e-02    7.35587e+21    4.29607e+21    3.27431e+21    6.75355e+21    2.75612e+20    0.00000e+00
    1.39408e-02    6.70954e+21    3.94234e+21    2.94978e+21    6.02990e+21    3.02675e+20    0.00000e+00
    1.46667e-02    6.11451e+21    3.62258e+21    2.67174e+21    5.40050e+21    3.32335e+20    0.00000e+00
    1.54304e-02    5.56600e+21    3.34347e+21    2.41506e+21    4.83368e+21    3.64719e+20    0.00000e+00
    1.62338e-02    5.03649e+21    3.10775e+21    2.18710e+21    4.31893e+21    4.00036e+20    0.00000e+00
    1.70791e-02    4.54913e+21    2.90802e+21    2.00101e+21    3.87062e+21    4.38677e+20    0.00000e+00
    1.79684e-02    4.09645e+21    2.73546e+21    1.83968e+21    3.48020e+21    4.80736e+20    0.00000e+00
    1.89040e-02    3.68777e+21    2.60312e+21    1.69955e+21    3.13833e+21    5.26588e+20    0.00000e+00
    1.98883e-02    3.30517e+21    2.50714e+21    1.58625e+21    2.83569e+21    5.76551e+20    0.00000e+00
    2.09238e-02    2.95532e+21    2.43015e+21    1.49975e+21    2.58925e+21    6.30808e+20    0.00000e+00
    2.20133e-02    2.63855e+21    2.38900e+21    1.43488e+21    2.38014e+21    6.89904e+20    0.00000e+00
    2.31595e-02    2.34423e+21    2.37744e+21    1.38410e+21    2.20529e+21    7.54047e+20    0.00000e+00
    2.43654e-02    2.08324e+21    2.39338e+21    1.35960e+21    2.06143e+21    8.23573e+20    0.00000e+00
    2.56341e-02    1.84406e+21    2.43636e+21    1.35454e+21    1.95782e+21    8.99116e+20    0.00000e+00
    2.69688e-02    1.63244e+21    2.50184e+21    1.36457e+21    1.88021e+21    9.80817e+20    0.00000e+00
    2.83730e-02    1.43584e+21    2.59568e+21    1.38932e+21    1.83066e+21    1.06927e+21    0.00000e+00
    2.98504e-02    1.26631e+21    2.71388e+21    1.42828e+21    1.80621e+21    1.16496e+21    0.00000e+00
    3.14047e-02    1.11425e+21    2.86055e+21    1.48983e+21    1.81036e+21    1.26818e+21    0.00000e+00
    3.30399e-02    9.85704e+20    3.02791e+21    1.56130e+21    1.83518e+21    1.37975e+21    0.00000e+00
    3.47602e-02    8.69015e+20    3.22125e+21    1.64868e+21    1.87949e+21    1.49994e+21    0.00000e+00
    3.65701e-02    7.69203e+20    3.44180e+21    1.74884e+21    1.94439e+21    1.62928e+21    0.00000e+00
    3.84743e-02    6.84056e+20    3.68912e+21    1.86616e+21    2.02981e+21    1.76866e+21    0.00000e+00
    4.04776e-02    6.13946e+20    3.95884e+21    1.99723e+21    2.13467e+21    1.91822e+21    0.00000e+00
    4.25852e-02    5.56530e+20    4.25617e+21    2.14144e+21    2.25653e+21    2.07871e+21    0.00000e+00
    4.48025e-02    5.11189e+20    4.58076e+21    2.30013e+21    2.39631e+21    2.25063e+21    0.00000e+00
    4.71353e-02    4.75652e+20    4.93243e+21    2.47305e+21    2.55304e+21    2.43417e+21    0.00000e+00
    4.95896e-02    4.53885e+20    5.30993e+21    2.66040e+21    2.72669e+21    2.62978e+21    0.00000e+00
    5.21717e-02    4.41291e+20    5.71380e+21    2.86049e+21    2.91559e+21    2.83712e+21    0.00000e+00
    5.48882e-02    4.40444e+20    6.14264e+21    3.07400e+21    3.11860e+21    3.05571e+21    0.00000e+00
    5.77462e-02    4.47890e+20    6.59188e+21    3.29754e+21    3.33431e+21    3.28403e+21    0.00000e+00
    6.07529e-02    4.65294e+20    7.05827e+21    3.53021e+21    3.56001e+21    3.51988e+21    0.00000e+00
    6.39162e-02    4.92554e+20    7.53239e+21    3.76691e+21    3.79099e+21    3.75924e+21    0.00000e+00
    6.72443e-02    5.29620e+20    8.00097e+21    4.00091e+21    4.02005e+21    3.99525e+21    0.00000e+00
    7.07456e-02    5.77026e+20    8.44956e+21    4.22505e+21    4.24030e+21    4.22093e+21    0.00000e+00
    7.44292e-02    6.33761e+20    8.84740e+21    4.42375e+21    4.43598e+21    4.42082e+21    0.00000e+00
    7.83047e-02    7.00686e+20    9.16645e+21    4.58325e+21    4.59244e+21    4.58109e+21    0.00000e+00
    8.23819e-02    7.76842e+20    9.37405e+21    4.68702e+21    4.69408e+21    4.68550e+21    0.00000e+00
    8.66714e-02    8.63150e+20    9.40967e+21    4.70479e+21    4.71020e+21    4.70376e+21    0.00000e+00
    9.11843e-02    9.56498e+20    9.25789e+21    4.62890e+21    4.63294e+21    4.62816e+21    0.00000e+00
    9.59321e-02    1.05544e+21    8.88232e+21    4.44112e+21    4.44410e+21    4.44062e+21    0.00000e+00
    1.00927e-01    1.15506e+21    8.27743e+21    4.13868e+21    4.14080e+21    4.13834e+21    0.00000e+00
    1.06182e-01    1.24971e+21    7.48263e+21    3.74129e+21    3.74285e+21    3.74106e+21    0.00000e+00
    1.11711e-01    1.32706e+21    6.53761e+21    3.26878e+21    3.26990e+21    3.26863e+21    0.00000e+00
    1.17528e-01    1.37453e+21    5.52527e+21    2.76261e+21    2.76339e+21    2.76251e+21    0.00000e+00
    1.23647e-01    1.37889e+21    4.51312e+21    2.25655e+21    2.25711e+21    2.25648e+21    0.00000e+00
    1.30085e-01    1.32086e+21    3.58101e+21    1.79050e+21    1.79087e+21    1.79046e+21    0.00000e+00
    1.36859e-01    1.20440e+21    2.75696e+21    1.37847e+21    1.37873e+21    1.37845e+21    0.00000e+00
    1.43985e-01    1.03610e+21    2.07229e+21    1.03614e+21    1.03632e+21    1.03612e+21    0.00000e+00
    1.51482e-01    8.40483e+20    1.53322e+21    7.66603e+20    7.66719e+20    7.66594e+20    0.00000e+00
    1.59369e-01    6.43955e+20    1.11589e+21    5.57943e+20    5.58020e+20    5.57938e+20    0.00000e+00
    1.67668e-01    4.70615e+20    8.15732e+20    4.07864e+20    4.07913e+20    4.07862e+20    0.00000e+00
    1.76398e-01    3.29930e+20    5.99047e+20    2.99523e+20    2.99551e+20    2.99521e+20    0.00000e+00
    1.85583e-01    2.22708e+20    4.42774e+20    2.21387e+20    2.21405e+20    2.21386e+20    0.00000e+00
    1.95246e-01    1.49057e+20    3.30447e+20    1.65223e+20    1.65234e+20    1.65223e+20    0.00000e+00
    2.05412e-01    9.80864e+19    2.40461e+20    1.20230e+20    1.20236e+20    1.20230e+20    0.00000e+00
    2.16107e-01    6.51995e+19    1.67253e+20    8.36262e+19    8.36302e+19    8.36261e+19    0.00000e+00
    2.27360e-01    4.43270e+19    1.09850e+20    5.49248e+19    5.49269e+19    5.49247e+19    0.00000e+00
    2.39198e-01    3.00772e+19    6.71977e+19    3.35988e+19    3.36001e+19    3.35988e+19    0.00000e+00
    2.51653e-01    1.99422e+19    3.96466e+19    1.98233e+19    1.98240e+19    1.98233e+19    0.00000e+00
    2.64756e-01    1.23070e+19    2.26064e+19    1.13032e+19    1.13035e+19    1.13032e+19    0.00000e+00
    2.78541e-01    6.92505e+18    1.26488e+19    6.32440e+18    6.32459e+18    6.32440e+18    0.00000e+00
    2.93045e-01    3.74794e+18    7.35760e+18    3.67880e+18    3.67888e+18    3.67880e+18    0.00000e+00
    3.08303e-01    1.91151e+18    4.17625e+18    2.08812e+18    2.08816e+18    2.08812e+18    0.00000e+00
    3.24356e-01    9.74667e+17    2.24375e+18    1.12187e+18    1.12189e+18    1.12187e+18    0.00000e+00
    3.41245e-01    5.10575e+17    1.11522e+18    5.57612e+17    5.57619e+17    5.57612e+17    0.00000e+00
    3.59013e-01    2.56572e+17    5.00276e+17    2.50138e+17    2.50141e+17    2.50138e+17    0.00000e+00
    3.77706e-01    1.21076e+17    2.25278e+17    1.12639e+17    1.12640e+17    1.12639e+17    0.00000e+00
    3.97373e-01    5.12666e+16    1.00343e+17    5.01714e+16    5.01717e+16    5.01714e+16    0.00000e+00
    4.18064e-01    1.98415e+16    4.31427e+16    2.15713e+16    2.15715e+16    2.15713e+16    0.00000e+00
    4.39832e-01    8.21320e+15    1.78067e+16    8.90335e+15    8.90340e+15    8.90335e+15    0.00000e+00
    4.62733e-01    3.21701e+15    6.32688e+15    3.16344e+15    3.16345e+15    3.16344e+15    0.00000e+00
    4.86827e-01    1.15327e+15    2.18394e+15    1.09197e+15    1.09197e+15    1.09197e+15    0.00000e+00
    5.12176e-01    3.80084e+14    7.75526e+14    3.87763e+14    3.87764e+14    3.87763e+14    0.00000e+00
    5.38844e-01    1.12462e+14    2.41679e+14    1.20839e+14    1.20840e+14    1.20839e+14    0.00000e+00
    5.66901e-01    3.61684e+13    7.15844e+13    3.57922e+13    3.57923e+13    3.57922e+13    0.00000e+00
    5.96418e-01    1.00380e+13    1.93045e+13    9.65225e+12    9.65225e+12    9.65224e+12    0.00000e+00
    6.27473e-01    2.30538e+12    4.87395e+12    2.43697e+12    2.43698e+12    2.43697e+12    0.00000e+00
    6.60145e-01    6.08404e+11    1.24446e+12    6.22229e+11    6.22230e+11    6.22229e+11    0.00000e+00
    6.94518e-01    1.31911e+11    2.53325e+11    1.26662e+11    1.26663e+11    1.26662e+11    0.00000e+00
    7.30680e-01    2.57079e+10    5.33002e+10    2.66501e+10    2.66502e+10    2.66501e+10    0.00000e+00
    7.68726e-01    5.05927e+09    1.02109e+10    5.10543e+09    5.10543e+09    5.10543e+09    0.00000e+00
    8.08752e-01    7.78519e+08    1.52988e+09    7.64941e+08    7.64942e+08    7.64941e+08    0.00000e+00
    8.50863e-01    1.28879e+08    2.66417e+08    1.33208e+08    1.33208e+08    1.33208e+08    0.00000e+00
    8.95166e-01    1.80443e+07    3.50280e+07    1.75140e+07    1.75140e+07    1.75140e+07    1.73460e-73
    9.41777e-01    1.87412e+06    3.89158e+06    1.94579e+06    1.94579e+06    1.94579e+06    1.78223e+01
    9.90814e-01    2.58438e+05    5.11236e+05    2.55618e+05    2.55618e+05    2.55618e+05    4.25001e+00
    1.04240e+00    2.23119e+04    4.58934e+04    2.29467e+04    2.29467e+04    2.29467e+04    3.71891e-01
    1.09668e+00    2.04880e+03    4.05035e+03    2.02518e+03    2.02518e+03    2.02518e+03    2.36541e-02
    1.15378e+00    1.64768e+02    3.36934e+02    1.68467e+02    1.68467e+02    1.68467e+02    5.38068e-04
    1.21386e+00    8.85327e+00    1.73370e+01    8.66849e+00    8.66849e+00    8.66849e+00    9.77388e-05
    1.27706e+00    6.45418e-01    1.31137e+00    6.55687e-01    6.55687e-01    6.55687e-01    2.67740e-07
    1.34356e+00    2.86996e-02    5.69936e-02    2.84968e-02    2.84968e-02    2.84968e-02    1.00229e-08
    1.41352e+00    1.41104e-03    2.79400e-03    1.39700e-03    1.39700e-03    1.39700e-03    3.39531e-10
    1.48712e+00    5.23247e-05    1.03269e-04    5.16347e-05    5.16347e-05    5.16347e-05    4.19197e-11
    1.56455e+00    1.49775e-06    2.95337e-06    1.47669e-06    1.47669e-06    1.47669e-06    7.56174e-12
    1.64601e+00    4.11102e-08    8.11199e-08    4.05599e-08    4.05599e-08    4.05599e-08    3.65150e-15
    1.73172e+00    1.01741e-09    1.99765e-09    9.98824e-10    9.98824e-10    9.98824e-10    5.61996e-17
    1.82189e+00    1.72066e-11    3.35639e-11    1.67819e-11    1.67819e-11    1.67819e-11    3.86958e-18
    1.91675e+00    2.33992e-13    4.58103e-13    2.29051e-13    2.29051e-13    2.29051e-13    7.19667e-19
    2.01655e+00    3.15287e-15    6.15923e-15    3.07961e-15    3.07961e-15    3.07961e-15    6.46326e-21
    2.12155e+00    2.84389e-17    5.48811e-17    2.74406e-17    2.74406e-17    2.74406e-17    1.76695e-24
    2.23202e+00    1.91732e-19    3.72754e-19    1.86377e-19    1.86377e-19    1.86377e-19    3.22695e-25
    2.34823e+00    1.27060e-21    2.45433e-21    1.22717e-21    1.22717e-21    1.22717e-21    1.27046e-27
    2.47050e+00    4.90756e-24    9.37899e-24    4.68949e-24    4.68949e-24    4.68949e-24    6.58009e-32
    2.59914e+00    1.68749e-26    3.26418e-26    1.63209e-26    1.63209e-26    1.63209e-26    1.19254e-32
    2.73447e+00    4.19646e-29    7.92555e-29    3.96278e-29    3.96278e-29    3.96278e-29    2.13012e-35
    2.87685e+00    7.09821e-32    1.36445e-31    6.82225e-32    6.82225e-32    6.82225e-32    1.50578e-40
    3.02665e+00    9.66619e-35    1.80806e-34    9.04029e-35    9.04029e-35    9.04029e-35    2.71827e-41
    3.18424e+00    8.17758e-38    1.56197e-37    7.80987e-38    7.80987e-38    7.80987e-38    1.83365e-44
    3.35004e+00    5.40522e-41    9.98640e-41    4.99320e-41    4.99320e-41    4.99320e-41    8.41975e-48
    3.52447e+00    2.37752e-44    4.50534e-44    2.25267e-44    2.25267e-44    2.25267e-44    5.15008e-55
    3.70799e+00    6.08495e-48    1.11829e-47    5.59147e-48    5.59147e-48    5.59147e-48    3.24583e-58
    3.90106e+00    1.30052e-51    2.39305e-51    1.19652e-51    1.19652e-51    1.19652e-51    5.84552e-59
    4.10418e+00    1.41163e-55    2.64414e-55    1.32207e-55    1.32207e-55    1.32207e-55    2.32625e-67
    4.31788e+00    1.01937e-59    1.83396e-59    9.16980e-60    9.16980e-60    9.16980e-60    6.69217e-72
    4.54271e+00    5.21059e-64    9.29275e-64    4.64638e-64    4.64638e-64    4.64638e-64    5.94338e-76
    4.77924e+00    1.38684e-68    2.54102e-68    1.27051e-68    1.27051e-68    1.27051e-68    1.42373e-76
    5.02809e+00    1.98525e-73    3.65082e-73    1.82541e-73    1.82541e-73    1.82541e-73    1.73786e-77
    5.28989e+00    4.00865e-78    7.29932e-78    3.64966e-78    3.64966e-78    3.64966e-78    2.72247e-82
    5.56533e+00    1.28487e-83    2.26777e-83    1.13388e-83    1.13388e-83    1.13388e-83    1.35697e-87
    5.85511e+00    2.52879e-89    4.34739e-89    2.17369e-89    2.17369e-89    2.17369e-89    1.64443e-98
    6.15998e+00    2.71863e-95    4.60656e-95    2.30328e-95    2.30328e-95    2.30328e-95   4.89177e-100
    6.48072e+00   1.71169e-101   2.89804e-101   1.44902e-101   1.44902e-101   1.44902e-101   1.31477e-105
    6.81816e+00   1.21531e-106   2.05902e-106   1.02951e-106   1.02951e-106   1.02951e-106   2.82402e-118
    7.17317e+00   7.20751e-113   1.23946e-112   6.19731e-113   6.19731e-113   6.19731e-113   1.93101e-119
    7.54667e+00   5.23433e-120   9.19511e-120   4.59756e-120   4.59756e-120   4.59756e-120   2.57896e-126
    7.93962e+00   1.28028e-129   2.01448e-129   1.00724e-129   1.00724e-129   1.00724e-129   9.16485e-134
    8.35302e+00   9.90630e-135   1.55884e-134   7.79422e-135   7.79422e-135   7.79422e-135   1.59414e-149
    8.78795e+00   1.07852e-142   1.78305e-142   8.91525e-143   8.91525e-143   8.91525e-143   2.82301e-150
    9.24553e+00   1.28905e-151   2.10459e-151   1.05229e-151   1.05229e-151   1.05229e-151   5.32981e-159
    9.72693e+00   5.18591e-160   8.10203e-160   4.05102e-160   4.05102e-160   4.05102e-160   2.05317e-177
    1.02334e+01   1.67174e-169   2.59965e-169   1.29982e-169   1.29982e-169   1.29982e-169   5.15408e-180
    1.07662e+01   4.50694e-178   7.39106e-178   3.69553e-178   3.69553e-178   3.69553e-178   1.53932e-188
    1.13268e+01   1.38069e-188   2.02623e-188   1.01311e-188   1.01311e-188   1.01311e-188   1.10580e-199
    1.19166e+01   2.04542e-206   2.82451e-206   1.41226e-206   1.41226e-206   1.41226e-206   3.35601e-222
    1.25371e+01   2.11724e-218   2.84738e-218   1.42369e-218   1.42369e-218   1.42369e-218   3.22327e-223
    1.31899e+01   4.98103e-231   6.54653e-231   3.27326e-231   3.27326e-231   3.27326e-231   7.35619e-236
    1.38766e+01   3.47485e-235   4.56707e-235   2.28354e-235   2.28354e-235   2.28354e-235   6.99368e-262
    1.45992e+01   3.04972e-258   4.39566e-258   2.19783e-258   2.19783e-258   2.19783e-258   8.02219e-277
    1.53593e+01   1.87622e-262   2.70426e-262   1.35213e-262   1.35213e-262   1.35213e-262   1.20251e-277
    1.61591e+01   2.35596e-288   3.09820e-288   1.54910e-288   1.54910e-288   1.54910e-288   6.64269e-293
    1.70005e+01    0.00000e+00    0.00000e+00    0.00000e+00    0.00000e+00    0.00000e+00    0.00000e+00
    1.78857e+01    0.00000e+00    0.00000e+00    0.00000e+00    0.00000e+00    0.00000e+00    0.00000e+00
    1.88169e+01    0.00000e+00    0.00000e+00    0.00000e+00    0.00000e+00    0.00000e+00    0.00000e+00
    1.97967e+01    0.00000e+00    0.00000e+00    0.00000e+00    0.00000e+00    0.00000e+00    0.00000e+00
    2.08275e+01    0.00000e+00    0.00000e+00    0.00000e+00    0.00000e+00    0.00000e+00    0.00000e+00
    2.19120e+01    0.00000e+00    0.00000e+00    0.00000e+00    0.00000e+00    0.00000e+00    0.00000e+00
    2.30529e+01    0.00000e+00    0.00000e+00    0.00000e+00    0.00000e+00    0.00000e+00    0.00000e+00
    2.42532e+01    0.00000e+00    0.00000e+00    0.00000e+00    0.00000e+00    0.00000e+00    0.00000e+00
    2.55161e+01    0.00000e+00    0.00000e+00    0.00000e+00    0.00000e+00    0.00000e+00    0.00000e+00
    2.68446e+01    0.00000e+00    0.00000e+00    0.00000e+00    0.00000e+00    0.00000e+00    0.00000e+00
    2.82424e+01    0.00000e+00    0.00000e+00    0.00000e+00    0.00000e+00    0.00000e+00    0.00000e+00
    2.97130e+01    0.00000e+00    0.00000e+00    0.00000e+00    0.00000e+00    0.00000e+00    0.00000e+00
    3.12601e+01    0.00000e+00    0.00000e+00    0.00000e+00    0.00000e+00    0.00000e+00    0.00000e+00
    3.28877e+01    0.00000e+00    0.00000e+00    0.00000e+00    0.00000e+00    0.00000e+00    0.00000e+00
    3.46002e+01    0.00000e+00    0.00000e+00    0.00000e+00    0.00000e+00    0.00000e+00    0.00000e+00
    3.64017e+01    0.00000e+00    0.00000e+00    0.00000e+00    0.00000e+00    0.00000e+00    0.00000e+00
    3.82971e+01    0.00000e+00    0.00000e+00    0.00000e+00    0.00000e+00    0.00000e+00    0.00000e+00
    4.02912e+01    0.00000e+00    0.00000e+00    0.00000e+00    0.00000e+00    0.00000e+00    0.00000e+00
    4.23891e+01    0.00000e+00    0.00000e+00    0.00000e+00    0.00000e+00    0.00000e+00    0.00000e+00
    4.45963e+01    0.00000e+00    0.00000e+00    0.00000e+00    0.00000e+00    0.00000e+00    0.00000e+00
    4.69183e+01    0.00000e+00    0.00000e+00    0.00000e+00    0.00000e+00    0.00000e+00    0.00000e+00
    4.93613e+01    0.00000e+00    0.00000e+00    0.00000e+00    0.00000e+00    0.00000e+00    0.00000e+00
    5.19315e+01    0.00000e+00    0.00000e+00    0.00000e+00    0.00000e+00    0.00000e+00    0.00000e+00
    5.46355e+01    0.00000e+00    0.00000e+00    0.00000e+00    0.00000e+00    0.00000e+00    0.00000e+00
    5.74803e+01    0.00000e+00    0.00000e+00    0.00000e+00    0.00000e+00    0.00000e+00    0.00000e+00
    6.04732e+01    0.00000e+00    0.00000e+00    0.00000e+00    0.00000e+00    0.00000e+00    0.00000e+00
    6.36220e+01    0.00000e+00    0.00000e+00    0.00000e+00    0.00000e+00    0.00000e+00    0.00000e+00
    6.69347e+01    0.00000e+00    0.00000e+00    0.00000e+00    0.00000e+00    0.00000e+00    0.00000e+00
    7.04199e+01    0.00000e+00    0.00000e+00    0.00000e+00    0.00000e+00    0.00000e+00    0.00000e+00
    7.40866e+01    0.00000e+00    0.00000e+00    0.00000e+00    0.00000e+00    0.00000e+00    0.00000e+00
    7.79442e+01    0.00000e+00    0.00000e+00    0.00000e+00    0.00000e+00    0.00000e+00    0.00000e+00
    8.20026e+01    0.00000e+00    0.00000e+00    0.00000e+00    0.00000e+00    0.00000e+00    0.00000e+00
    8.62724e+01    0.00000e+00    0.00000e+00    0.00000e+00    0.00000e+00    0.00000e+00    0.00000e+00
    9.07645e+01    0.00000e+00    0.00000e+00    0.00000e+00    0.00000e+00    0.00000e+00    0.00000e+00
    9.54904e+01    0.00000e+00    0.00000e+00    0.00000e+00    0.00000e+00    0.00000e+00    0.00000e+00
    1.00463e+02    0.00000e+00    0.00000e+00    0.00000e+00    0.00000e+00    0.00000e+00    0.00000e+00
    1.05693e+02    0.00000e+00    0.00000e+00    0.00000e+00    0.00000e+00    0.00000e+00    0.00000e+00
    1.11197e+02    0.00000e+00    0.00000e+00    0.00000e+00    0.00000e+00    0.00000e+00    0.00000e+00
    1.16987e+02    0.00000e+00    0.00000e+00    0.00000e+00    0.00000e+00    0.00000e+00    0.00000e+00
    1.23078e+02    0.00000e+00    0.00000e+00    0.00000e+00    0.00000e+00    0.00000e+00    0.00000e+00
    1.29486e+02    0.00000e+00    0.00000e+00    0.00000e+00    0.00000e+00    0.00000e+00    0.00000e+00
    1.36229e+02    0.00000e+00    0.00000e+00    0.00000e+00    0.00000e+00    0.00000e+00    0.00000e+00
    1.43322e+02    0.00000e+00    0.00000e+00    0.00000e+00    0.00000e+00    0.00000e+00    0.00000e+00
    1.50785e+02    0.00000e+00    0.00000e+00    0.00000e+00    0.00000e+00    0.00000e+00    0.00000e+00
    1.58636e+02    0.00000e+00    0.00000e+00    0.00000e+00    0.00000e+00    0.00000e+00    0.00000e+00
    1.66896e+02    0.00000e+00    0.00000e+00    0.00000e+00    0.00000e+00    0.00000e+00    0.00000e+00
    1.75586e+02    0.00000e+00    0.00000e+00    0.00000e+00    0.00000e+00    0.00000e+00    0.00000e+00
    1.84728e+02    0.00000e+00    0.00000e+00    0.00000e+00    0.00000e+00    0.00000e+00    0.00000e+00
    1.94347e+02    0.00000e+00    0.00000e+00    0.00000e+00    0.00000e+00    0.00000e+00    0.00000e+00
    2.04466e+02    0.00000e+00    0.00000e+00    0.00000e+00    0.00000e+00    0.00000e+00    0.00000e+00
    2.15112e+02    0.00000e+00    0.00000e+00    0.00000e+00    0.00000e+00    0.00000e+00    0.00000e+00
    2.26313e+02    0.00000e+00    0.00000e+00    0.00000e+00    0.00000e+00    0.00000e+00    0.00000e+00
    2.38097e+02    0.00000e+00    0.00000e+00    0.00000e+00    0.00000e+00    0.00000e+00    0.00000e+00
    2.50494e+02    0.00000e+00    0.00000e+00    0.00000e+00    0.00000e+00    0.00000e+00    0.00000e+00
    2.63537e+02    0.00000e+00    0.00000e+00    0.00000e+00    0.00000e+00    0.00000e+00    0.00000e+00
    2.77259e+02    0.00000e+00    0.00000e+00    0.00000e+00    0.00000e+00    0.00000e+00    0.00000e+00
    2.91696e+02    0.00000e+00    0.00000e+00    0.00000e+00    0.00000e+00    0.00000e+00    0.00000e+00
    3.06884e+02    0.00000e+00    0.00000e+00    0.00000e+00    0.00000e+00    0.00000e+00    0.00000e+00
    3.22863e+02    0.00000e+00    0.00000e+00    0.00000e+00    0.00000e+00    0.00000e+00    0.00000e+00
    3.39674e+02    0.00000e+00    0.00000e+00    0.00000e+00    0.00000e+00    0.00000e+00    0.00000e+00
    3.57360e+02    0.00000e+00    0.00000e+00    0.00000e+00    0.00000e+00    0.00000e+00    0.00000e+00
    3.75967e+02    0.00000e+00    0.00000e+00    0.00000e+00    0.00000e+00    0.00000e+00    0.00000e+00
    3.95544e+02    0.00000e+00    0.00000e+00    0.00000e+00    0.00000e+00    0.00000e+00    0.00000e+00
    4.16139e+02    0.00000e+00    0.00000e+00    0.00000e+00    0.00000e+00    0.00000e+00    0.00000e+00
    4.37807e+02    0.00000e+00    0.00000e+00    0.00000e+00    0.00000e+00    0.00000e+00    0.00000e+00
    4.60603e+02    0.00000e+00    0.00000e+00    0.00000e+00    0.00000e+00    0.00000e+00    0.00000e+00
    4.84586e+02    0.00000e+00    0.00000e+00    0.00000e+00    0.00000e+00    0.00000e+00    0.00000e+00
    5.09818e+02    0.00000e+00    0.00000e+00    0.00000e+00    0.00000e+00    0.00000e+00    0.00000e+00
    5.36363e+02    0.00000e+00    0.00000e+00    0.00000e+00    0.00000e+00    0.00000e+00    0.00000e+00
    5.64291e+02    0.00000e+00    0.00000e+00    0.00000e+00    0.00000e+00    0.00000e+00    0.00000e+00
    5.93673e+02    0.00000e+00    0.00000e+00    0.00000e+00    0.00000e+00    0.00000e+00    0.00000e+00
    6.24584e+02    0.00000e+00    0.00000e+00    0.00000e+00    0.00000e+00    0.00000e+00    0.00000e+00
    6.57106e+02    0.00000e+00    0.00000e+00    0.00000e+00    0.00000e+00    0.00000e+00    0.00000e+00
    6.91320e+02    0.00000e+00    0.00000e+00    0.00000e+00    0.00000e+00    0.00000e+00    0.00000e+00
    7.27317e+02    0.00000e+00    0.00000e+00    0.00000e+00    0.00000e+00    0.00000e+00    0.00000e+00
    7.65187e+02    0.00000e+00    0.00000e+00    0.00000e+00    0.00000e+00    0.00000e+00    0.00000e+00
    8.05029e+02    0.00000e+00    0.00000e+00    0.00000e+00    0.00000e+00    0.00000e+00    0.00000e+00
    8.46946e+02    0.00000e+00    0.00000e+00    0.00000e+00    0.00000e+00    0.00000e+00    0.00000e+00
    8.91045e+02    0.00000e+00    0.00000e+00    0.00000e+00    0.00000e+00    0.00000e+00    0.00000e+00
    9.37441e+02    0.00000e+00    0.00000e+00    0.00000e+00    0.00000e+00    0.00000e+00    0.00000e+00
    9.86252e+02    0.00000e+00    0.00000e+00    0.00000e+00    0.00000e+00    0.00000e+00    0.00000e+00
    1.03761e+03    0.00000e+00    0.00000e+00    0.00000e+00    0.00000e+00    0.00000e+00    0.00000e+00
    1.09163e+03    0.00000e+00    0.00000e+00    0.00000e+00    0.00000e+00    0.00000e+00    0.00000e+00
    1.14847e+03    0.00000e+00    0.00000e+00    0.00000e+00    0.00000e+00    0.00000e+00    0.00000e+00
    1.20827e+03    0.00000e+00    0.00000e+00    0.00000e+00    0.00000e+00    0.00000e+00    0.00000e+00
    1.27118e+03    0.00000e+00    0.00000e+00    0.00000e+00    0.00000e+00    0.00000e+00    0.00000e+00
    1.33737e+03    0.00000e+00    0.00000e+00    0.00000e+00    0.00000e+00    0.00000e+00    0.00000e+00
    1.40701e+03    0.00000e+00    0.00000e+00    0.00000e+00    0.00000e+00    0.00000e+00    0.00000e+00
    1.48027e+03    0.00000e+00    0.00000e+00    0.00000e+00    0.00000e+00    0.00000e+00    0.00000e+00
    1.55734e+03    0.00000e+00    0.00000e+00    0.00000e+00    0.00000e+00    0.00000e+00    0.00000e+00
    1.63843e+03    0.00000e+00    0.00000e+00    0.00000e+00    0.00000e+00    0.00000e+00    0.00000e+00
    1.72374e+03    0.00000e+00    0.00000e+00    0.00000e+00    0.00000e+00    0.00000e+00    0.00000e+00
    1.81350e+03    0.00000e+00    0.00000e+00    0.00000e+00    0.00000e+00    0.00000e+00    0.00000e+00
    1.90792e+03    0.00000e+00    0.00000e+00    0.00000e+00    0.00000e+00    0.00000e+00    0.00000e+00
    2.00727e+03    0.00000e+00    0.00000e+00    0.00000e+00    0.00000e+00    0.00000e+00    0.00000e+00
    2.11178e+03    0.00000e+00    0.00000e+00    0.00000e+00    0.00000e+00    0.00000e+00    0.00000e+00
    2.22174e+03    0.00000e+00    0.00000e+00    0.00000e+00    0.00000e+00    0.00000e+00    0.00000e+00
    2.33742e+03    0.00000e+00    0.00000e+00    0.00000e+00    0.00000e+00    0.00000e+00    0.00000e+00
    2.45913e+03    0.00000e+00    0.00000e+00    0.00000e+00    0.00000e+00    0.00000e+00    0.00000e+00
    2.58717e+03    0.00000e+00    0.00000e+00    0.00000e+00    0.00000e+00    0.00000e+00    0.00000e+00
    2.72188e+03    0.00000e+00    0.00000e+00    0.00000e+00    0.00000e+00    0.00000e+00    0.00000e+00
    2.86361e+03    0.00000e+00    0.00000e+00    0.00000e+00    0.00000e+00    0.00000e+00    0.00000e+00
    3.01271e+03    0.00000e+00    0.00000e+00    0.00000e+00    0.00000e+00    0.00000e+00    0.00000e+00
    3.16958e+03    0.00000e+00    0.00000e+00    0.00000e+00    0.00000e+00    0.00000e+00    0.00000e+00
    3.33462e+03    0.00000e+00    0.00000e+00    0.00000e+00    0.00000e+00    0.00000e+00    0.00000e+00
    3.50825e+03    0.00000e+00    0.00000e+00    0.00000e+00    0.00000e+00    0.00000e+00    0.00000e+00
    3.69092e+03    0.00000e+00    0.00000e+00    0.00000e+00    0.00000e+00    0.00000e+00    0.00000e+00
    3.88310e+03    0.00000e+00    0.00000e+00    0.00000e+00    0.00000e+00    0.00000e+00    0.00000e+00
    4.08529e+03    0.00000e+00    0.00000e+00    0.00000e+00    0.00000e+00    0.00000e+00    0.00000e+00
    4.29800e+03    0.00000e+00    0.00000e+00    0.00000e+00    0.00000e+00    0.00000e+00    0.00000e+00
    4.52179e+03    0.00000e+00    0.00000e+00    0.00000e+00    0.00000e+00    0.00000e+00    0.00000e+00
    4.75724e+03    0.00000e+00    0.00000e+00    0.00000e+00    0.00000e+00    0.00000e+00    0.00000e+00
    5.00494e+03    0.00000e+00    0.00000e+00    0.00000e+00    0.00000e+00    0.00000e+00    0.00000e+00
    5.26554e+03    0.00000e+00    0.00000e+00    0.00000e+00    0.00000e+00    0.00000e+00    0.00000e+00
    5.53971e+03    0.00000e+00    0.00000e+00    0.00000e+00    0.00000e+00    0.00000e+00    0.00000e+00
    5.82815e+03    0.00000e+00    0.00000e+00    0.00000e+00    0.00000e+00    0.00000e+00    0.00000e+00
    6.13162e+03    0.00000e+00    0.00000e+00    0.00000e+00    0.00000e+00    0.00000e+00    0.00000e+00
    6.45088e+03    0.00000e+00    0.00000e+00    0.00000e+00    0.00000e+00    0.00000e+00    0.00000e+00
    6.78677e+03    0.00000e+00    0.00000e+00    0.00000e+00    0.00000e+00    0.00000e+00    0.00000e+00
    7.14015e+03    0.00000e+00    0.00000e+00    0.00000e+00    0.00000e+00    0.00000e+00    0.00000e+00
    7.51193e+03    0.00000e+00    0.00000e+00    0.00000e+00    0.00000e+00    0.00000e+00    0.00000e+00
    7.90307e+03    0.00000e+00    0.00000e+00    0.00000e+00    0.00000e+00    0.00000e+00    0.00000e+00
    8.31457e+03    0.00000e+00    0.00000e+00    0.00000e+00    0.00000e+00    0.00000e+00    0.00000e+00
    8.74750e+03    0.00000e+00    0.00000e+00    0.00000e+00    0.00000e+00    0.00000e+00    0.00000e+00
    9.20297e+03    0.00000e+00    0.00000e+00    0.00000e+00    0.00000e+00    0.00000e+00    0.00000e+00
    9.68215e+03    0.00000e+00    0.00000e+00    0.00000e+00    0.00000e+00    0.00000e+00    0.00000e+00
    1.01863e+04    0.00000e+00    0.00000e+00    0.00000e+00    0.00000e+00    0.00000e+00    0.00000e+00
    1.07167e+04    0.00000e+00    0.00000e+00    0.00000e+00    0.00000e+00    0.00000e+00    0.00000e+00
    1.12747e+04    0.00000e+00    0.00000e+00    0.00000e+00    0.00000e+00    0.00000e+00    0.00000e+00
    1.18617e+04    0.00000e+00    0.00000e+00    0.00000e+00    0.00000e+00    0.00000e+00    0.00000e+00
    1.24794e+04    0.00000e+00    0.00000e+00    0.00000e+00    0.00000e+00    0.00000e+00    0.00000e+00
    1.31291e+04    0.00000e+00    0.00000e+00    0.00000e+00    0.00000e+00    0.00000e+00    0.00000e+00
    1.38128e+04    0.00000e+00    0.00000e+00    0.00000e+00    0.00000e+00    0.00000e+00    0.00000e+00
    1.45320e+04    0.00000e+00    0.00000e+00    0.00000e+00    0.00000e+00    0.00000e+00    0.00000e+00
    1.52886e+04    0.00000e+00    0.00000e+00    0.00000e+00    0.00000e+00    0.00000e+00    0.00000e+00
    1.60847e+04    0.00000e+00    0.00000e+00    0.00000e+00    0.00000e+00    0.00000e+00    0.00000e+00
    1.69222e+04    0.00000e+00    0.00000e+00    0.00000e+00    0.00000e+00    0.00000e+00    0.00000e+00
    1.78033e+04    0.00000e+00    0.00000e+00    0.00000e+00    0.00000e+00    0.00000e+00    0.00000e+00
    1.87303e+04    0.00000e+00    0.00000e+00    0.00000e+00    0.00000e+00    0.00000e+00    0.00000e+00
    1.97056e+04    0.00000e+00    0.00000e+00    0.00000e+00    0.00000e+00    0.00000e+00    0.00000e+00
    2.07316e+04    0.00000e+00    0.00000e+00    0.00000e+00    0.00000e+00    0.00000e+00    0.00000e+00
    2.18111e+04    0.00000e+00    0.00000e+00    0.00000e+00    0.00000e+00    0.00000e+00    0.00000e+00
    2.29468e+04    0.00000e+00    0.00000e+00    0.00000e+00    0.00000e+00    0.00000e+00    0.00000e+00
    2.41416e+04    0.00000e+00    0.00000e+00    0.00000e+00    0.00000e+00    0.00000e+00    0.00000e+00
    2.53986e+04    0.00000e+00    0.00000e+00    0.00000e+00    0.00000e+00    0.00000e+00    0.00000e+00
    2.67211e+04    0.00000e+00    0.00000e+00    0.00000e+00    0.00000e+00    0.00000e+00    0.00000e+00
    2.81124e+04    0.00000e+00    0.00000e+00    0.00000e+00    0.00000e+00    0.00000e+00    0.00000e+00
    2.95762e+04    0.00000e+00    0.00000e+00    0.00000e+00    0.00000e+00    0.00000e+00    0.00000e+00
    3.11162e+04    0.00000e+00    0.00000e+00    0.00000e+00    0.00000e+00    0.00000e+00    0.00000e+00
    3.27363e+04    0.00000e+00    0.00000e+00    0.00000e+00    0.00000e+00    0.00000e+00    0.00000e+00
    3.44409e+04    0.00000e+00    0.00000e+00    0.00000e+00    0.00000e+00    0.00000e+00    0.00000e+00
    3.62342e+04    0.00000e+00    0.00000e+00    0.00000e+00    0.00000e+00    0.00000e+00    0.00000e+00
    3.81208e+04    0.00000e+00    0.00000e+00    0.00000e+00    0.00000e+00    0.00000e+00    0.00000e+00
    4.01057e+04    0.00000e+00    0.00000e+00    0.00000e+00    0.00000e+00    0.00000e+00    0.00000e+00
    4.21940e+04    0.00000e+00    0.00000e+00    0.00000e+00    0.00000e+00    0.00000e+00    0.00000e+00
    4.43910e+04    0.00000e+00    0.00000e+00    0.00000e+00    0.00000e+00    0.00000e+00    0.00000e+00
    4.67023e+04    0.00000e+00    0.00000e+00    0.00000e+00    0.00000e+00    0.00000e+00    0.00000e+00
    4.91341e+04    0.00000e+00    0.00000e+00    0.00000e+00    0.00000e+00    0.00000e+00    0.00000e+00
    5.16924e+04    0.00000e+00    0.00000e+00    0.00000e+00    0.00000e+00    0.00000e+00    0.00000e+00
    5.43840e+04    0.00000e+00    0.00000e+00    0.00000e+00    0.00000e+00    0.00000e+00    0.00000e+00
    5.72157e+04    0.00000e+00    0.00000e+00    0.00000e+00    0.00000e+00    0.00000e+00    0.00000e+00
    6.01948e+04    0.00000e+00    0.00000e+00    0.00000e+00    0.00000e+00    0.00000e+00    0.00000e+00
    6.33291e+04    0.00000e+00    0.00000e+00    0.00000e+00    0.00000e+00    0.00000e+00    0.00000e+00
    6.66265e+04    0.00000e+00    0.00000e+00    0.00000e+00    0.00000e+00    0.00000e+00    0.00000e+00
    7.00957e+04    0.00000e+00    0.00000e+00    0.00000e+00    0.00000e+00    0.00000e+00    0.00000e+00
    7.37455e+04    0.00000e+00    0.00000e+00    0.00000e+00    0.00000e+00    0.00000e+00    0.00000e+00
    7.75853e+04    0.00000e+00    0.00000e+00    0.00000e+00    0.00000e+00    0.00000e+00    0.00000e+00
    8.16251e+04    0.00000e+00    0.00000e+00    0.00000e+00    0.00000e+00    0.00000e+00    0.00000e+00
    8.58752e+04    0.00000e+00    0.00000e+00    0.00000e+00    0.00000e+00    0.00000e+00    0.00000e+00
    9.03466e+04    0.00000e+00    0.00000e+00    0.00000e+00    0.00000e+00    0.00000e+00    0.00000e+00
    9.50508e+04    0.00000e+00    0.00000e+00    0.00000e+00    0.00000e+00    0.00000e+00    0.00000e+00
    1.00000e+05    0.00000e+00    0.00000e+00    0.00000e+00    0.00000e+00    0.00000e+00    0.00000e+00
