# E_gamma(MeV)   IFA_secondary_masked(MeV^-1 s^-1)
5.145440e-01 1.857900e-03
5.413360e-01 1.879584e-03
5.695230e-01 1.887367e-03
5.991770e-01 4.522521e-04
6.303750e-01 1.563088e-04
6.631980e-01 3.212239e-05
6.977300e-01 1.045741e-05
7.340600e-01 2.678430e-06
7.722810e-01 5.671904e-07
8.124930e-01 1.727657e-07
8.547980e-01 2.500493e-08
8.993070e-01 6.094367e-09
9.461320e-01 1.950190e-09
9.953960e-01 1.181883e-09
1.047230e+00 6.045634e-10
1.101750e+00 2.835437e-10
1.159120e+00 9.892897e-11
1.219470e+00 4.399537e-11
1.282970e+00 1.470754e-11
1.349770e+00 6.094417e-12
1.420050e+00 2.274645e-12
1.493990e+00 0.000000e+00
1.571780e+00 0.000000e+00
1.653620e+00 0.000000e+00
1.739730e+00 0.000000e+00
1.830310e+00 0.000000e+00
1.925610e+00 0.000000e+00
2.025880e+00 0.000000e+00
2.131360e+00 0.000000e+00
2.242340e+00 0.000000e+00
2.359100e+00 0.000000e+00
2.481930e+00 0.000000e+00
2.611160e+00 0.000000e+00
2.747120e+00 0.000000e+00
2.890160e+00 0.000000e+00
3.040650e+00 0.000000e+00
3.198970e+00 0.000000e+00
3.365530e+00 0.000000e+00
3.540770e+00 0.000000e+00
3.725140e+00 0.000000e+00
3.919100e+00 0.000000e+00
4.123160e+00 0.000000e+00
4.337850e+00 0.000000e+00
4.563720e+00 0.000000e+00
4.801340e+00 0.000000e+00
5.051340e+00 0.000000e+00
5.314360e+00 0.000000e+00
5.591070e+00 0.000000e+00
5.882190e+00 0.000000e+00
6.188470e+00 0.000000e+00
6.510690e+00 0.000000e+00
6.849700e+00 0.000000e+00
7.206350e+00 0.000000e+00
7.581580e+00 0.000000e+00
7.976340e+00 0.000000e+00
8.391660e+00 0.000000e+00
8.828600e+00 0.000000e+00
9.288290e+00 0.000000e+00
9.771920e+00 0.000000e+00
1.028070e+01 0.000000e+00
1.081600e+01 0.000000e+00
1.137920e+01 0.000000e+00
1.197170e+01 0.000000e+00
1.259510e+01 0.000000e+00
1.325090e+01 0.000000e+00
1.394080e+01 0.000000e+00
