2 3 8 10
0 2 9 11
0 4 10 11
0 1 5 12
3 4 7 12
1 3 9 13
3 6 8 14
1 2 6 15
3 5 11 15
6 10 12 16
5 13 14 16
7 11 15 16
6 7 9 17
8 11 13 17
1 4 14 17
5 7 8 18
2 7 13 18
11 12 14 18
9 10 15 18
1 4 16 18
4 8 9 19
10 12 13 19
0 14 15 19
2 5 16 19
0 3 17 19
5 6 9 20
7 10 14 20
4 13 15 20
0 8 16 20
2 12 17 20
17 18 19 20
4 6 13 21
8 12 15 21
3 9 16 21
5 10 17 21
0 6 18 21
1 7 19 21
1 11 20 21
2 4 5 22
1 8 10 22
0 7 13 22
9 12 14 22
15 16 17 22
6 11 19 22
3 18 20 22
2 14 21 22
