0 1 3 4 9 15 24 31
0 2 7 8 18 20 28 29
0 5 11 16 19 22 27 32
0 6 7 10 12 13 17 24
0 14 21 23 24 25 26 30
1 2 12 14 18 22 24 29
1 5 6 17 20 23 26 27
1 7 10 11 21 25 29 32
1 8 13 16 19 24 28 30
2 3 5 13 18 24 27 31
2 3 13 18 21 23 25 31
2 4 9 10 16 18 19 26
2 6 11 15 17 18 30 32
3 6 7 16 17 19 29 31
3 8 11 12 26 28 31 32
3 10 14 20 21 22 30 31
4 5 7 9 12 27 29 30
4 6 8 9 17 22 25 28
4 6 9 14 17 19 21 32
4 9 11 13 20 23 24 32
5 8 10 15 23 25 27 28
5 8 11 14 16 21 27 28
7 13 14 15 22 23 26 29
12 15 16 19 20 21 23 25
