0 1 22 29 31
0 2 7 17 34
0 3 14 21 27
0 4 18 24 25
0 5 12 15 32
0 6 21 28 30
0 8 19 27 33
0 9 10 23 26
0 11 13 16 20
1 2 23 30 32
1 3 8 18 28
1 4 15 21 22
1 5 19 25 26
1 6 13 16 33
1 7 12 14 17
1 9 20 21 34
1 10 11 24 27
2 3 24 31 33
2 4 9 19 29
2 5 16 22 23
2 6 20 26 27
2 8 13 15 18
2 10 14 22 28
2 11 12 21 25
3 4 25 32 34
3 5 10 20 30
3 6 17 23 24
3 7 9 16 19
3 11 15 23 29
3 12 13 22 26
4 5 26 28 33
4 6 11 14 31
4 7 13 23 27
4 8 10 17 20
4 12 16 24 30
5 6 27 29 34
5 7 8 21 24
5 9 11 14 18
5 13 17 25 31
6 7 18 26 32
6 8 9 22 25
6 10 12 15 19
7 10 25 29 30
7 11 22 33 34
7 15 20 28 31
8 11 26 30 31
8 12 23 28 34
8 14 16 29 32
9 12 27 31 32
9 13 24 28 29
9 15 17 30 33
10 13 21 32 33
10 16 18 31 34
11 17 19 28 32
12 18 20 29 33
13 14 19 30 34
14 15 24 26 34
14 20 23 25 33
15 16 25 27 28
16 17 21 26 29
17 18 22 27 30
18 19 21 23 31
19 20 22 24 32
