0 1 13 19 27 31
0 2 8 9 15 35
0 3 6 29 32 34
0 4 7 16 18 33
0 5 11 17 23 24
0 5 20 23 25 26
0 10 15 20 26 30
0 12 14 21 22 28
1 2 14 20 24 33
1 3 5 9 12 18
1 4 8 10 17 32
1 6 11 15 21 31
1 6 16 26 31 35
1 7 25 28 29 30
1 16 21 22 23 34
2 3 16 17 19 25
2 4 5 6 28 31
2 7 17 22 26 27
2 10 13 21 23 29
2 11 18 27 30 34
2 12 15 22 27 32
3 4 20 21 26 27
3 7 10 11 14 35
3 8 22 24 30 31
3 13 15 23 28 33
4 5 10 14 15 25
4 9 11 13 22 25
4 12 19 23 30 35
4 15 19 24 29 34
5 7 8 19 21 34
5 13 14 16 30 32
5 22 27 29 33 35
6 7 12 13 24 26
6 8 14 23 25 27
6 9 17 21 30 33
6 10 18 19 20 22
7 9 20 23 31 32
7 12 15 16 17 18
8 11 12 16 20 29
8 13 18 26 28 33
9 10 16 24 27 28
9 14 19 26 29 34
10 12 25 31 33 34
11 19 26 28 32 33
13 17 20 28 34 35
14 17 18 23 29 31
18 21 24 25 32 35
