0 1 2 3 28
0 4 12 22 29
0 5 16 25 30
0 6 11 15 19
0 7 13 23 32
0 8 20 24 33
0 9 21 27 34
0 10 14 18 35
0 17 26 31 35
1 4 15 23 31
1 5 18 27 32
1 6 10 20 25
1 6 19 24 29
1 7 14 22 30
1 8 12 17 34
1 9 13 16 33
1 11 21 26 35
2 4 19 27 33
2 5 6 12 21
2 7 18 24 34
2 8 22 25 31
2 9 23 26 30
2 10 15 16 29
2 11 14 17 32
2 13 20 34 35
3 4 17 25 35
3 5 15 20 34
3 6 7 16 26
3 8 13 19 30
3 9 12 18 31
3 10 22 24 32
3 11 23 27 29
3 14 21 33 35
4 5 7 28 34
4 6 9 14 24
4 8 16 21 32
4 10 13 26 34
4 11 18 20 30
5 8 14 26 29
5 9 19 22 35
5 10 17 23 33
5 11 13 24 31
6 8 18 23 35
6 9 15 25 32
6 11 16 22 34
6 13 17 22 27
6 28 30 31 33
7 8 15 27 35
7 9 17 20 29
7 10 19 21 31
7 11 12 25 33
8 9 10 11 28
10 12 27 30 34
12 13 14 15 28
12 16 23 24 35
12 19 20 26 32
13 18 21 25 29
14 16 20 27 31
14 19 23 25 34
15 17 21 24 30
15 18 22 26 33
16 17 18 19 28
20 21 22 23 28
24 25 26 27 28
28 29 30 32 35
29 31 32 33 34
