0 1 2 3 4 19 20 21 22 23
0 2 5 8 9 19 21 24 27 28
0 5 7 12 17 19 24 26 31 36
0 6 10 14 15 19 25 29 33 34
0 11 13 14 16 18 19 30 32 35
1 5 9 12 14 18 20 28 31 33
1 5 10 11 15 20 24 29 30 34
1 6 7 8 16 20 25 26 27 35
1 9 10 13 17 20 28 29 32 36
2 4 10 12 16 21 23 29 31 35
2 6 15 17 18 20 21 25 34 36
2 7 11 13 14 21 26 30 32 33
3 5 14 16 17 22 24 33 35 36
3 6 9 11 12 22 25 28 30 31
3 7 8 10 14 18 22 26 27 29
3 8 12 13 15 22 27 31 32 34
4 5 6 12 13 18 23 24 25 32
4 7 9 15 16 23 26 28 34 35
4 8 11 14 17 23 27 30 33 36
