0 1 2 9 10 11
0 3 6 21 27 30
0 4 17 29 33 36
0 5 7 18 24 34
0 8 12 20 36 37
0 13 15 19 28 32
0 14 23 25 31 35
0 16 22 26 38 39
1 3 8 19 25 33
1 4 7 22 28 31
1 5 15 27 35 36
1 6 13 18 36 37
1 12 21 26 32 34
1 14 16 20 29 30
1 17 23 24 38 39
2 3 16 28 34 36
2 4 6 20 26 35
2 5 8 23 29 32
2 7 14 19 36 37
2 12 17 18 27 31
2 13 22 24 30 33
2 15 21 25 38 39
3 4 5 12 13 14
3 7 9 23 26 36
3 10 17 22 32 35
3 11 18 29 38 39
3 15 20 24 31 37
4 8 10 21 24 36
4 9 19 27 38 39
4 11 15 23 30 34
4 16 18 25 32 37
5 6 11 22 25 36
5 9 16 21 31 33
5 10 20 28 38 39
5 17 19 26 30 37
6 7 8 15 16 17
6 9 14 24 32 38
6 10 19 29 31 34
6 12 23 28 33 39
7 10 12 25 30 38
7 11 20 27 32 33
7 13 21 29 35 39
8 9 18 28 30 35
8 11 13 26 31 38
8 14 22 27 34 39
9 12 15 22 29 37
9 13 17 20 25 34
10 13 16 23 27 37
10 14 15 18 26 33
11 12 16 19 24 35
11 14 17 21 28 37
18 19 20 21 22 23
24 25 26 27 28 29
30 31 32 36 38 39
33 34 35 37 38 39
