0 1 2 6 11 16 17 28 32
0 3 8 16 18 19 23 29 39
0 4 5 12 16 22 25 31 36
0 7 13 15 16 20 24 26 35
0 9 11 16 17 27 28 32 37
0 10 14 16 21 30 33 34 38
1 2 3 7 15 20 22 27 33
1 2 4 5 8 14 26 27 31
1 2 6 12 13 21 27 37 39
1 6 18 23 24 27 30 35 38
1 9 10 13 19 25 29 34 36
2 6 10 19 25 27 29 34 36
2 9 12 18 23 24 30 35 38
3 4 5 6 7 8 9 21 26
3 8 10 12 15 20 28 32 34
3 8 11 13 17 22 30 31 38
3 8 14 24 25 33 35 36 37
4 5 10 11 17 24 34 35 39
4 5 13 14 18 23 28 32 33
4 5 15 19 20 29 30 37 38
6 9 14 15 20 22 31 33 39
7 10 18 22 23 26 31 34 37
7 11 12 14 17 19 26 29 33
7 25 26 28 30 32 36 38 39
11 15 17 18 20 21 23 25 36
19 21 22 24 28 29 31 32 35
