0 1 4 9 19 32
0 2 5 27 37 39
0 3 11 15 18 26
0 6 10 16 34 35
0 7 20 21 29 36
0 8 14 25 30 31
0 12 17 23 38 40
0 13 22 24 28 33
1 2 11 14 21 38
1 3 5 8 12 33
1 6 18 22 29 39
1 7 16 17 24 28
1 10 20 26 30 37
1 13 25 27 35 40
1 15 23 31 34 36
2 3 24 28 30 32
2 4 17 18 25 36
2 6 13 15 31 34
2 7 10 19 23 33
2 8 16 26 29 40
2 9 12 20 22 35
3 4 13 16 20 38
3 6 19 36 37 40
3 7 9 15 25 39
3 7 22 26 31 34
3 10 17 21 22 27
3 14 23 28 29 35
4 5 7 15 26 35
4 6 12 21 30 34
4 8 22 23 28 37
4 10 14 24 39 40
4 11 27 29 31 33
5 6 11 23 24 25
5 9 21 28 31 40
5 10 18 28 31 38
5 11 20 25 28 34
5 13 17 19 29 30
5 14 16 22 32 36
6 7 8 27 32 38
6 9 14 17 26 33
6 15 20 24 28 31
7 11 15 22 30 40
7 12 13 14 18 37
8 9 10 11 13 36
8 15 17 20 34 39
8 18 19 21 24 35
9 16 18 23 27 30
9 24 29 34 37 38
10 12 15 25 29 32
11 12 16 19 31 39
11 17 31 32 35 37
12 24 26 27 28 36
13 21 23 26 32 39
14 15 19 20 27 34
15 16 21 25 33 37
15 20 23 28 38 39
18 20 32 33 34 40
19 22 25 26 28 38
30 33 35 36 38 39
