0 1 4 5 9 10 20 26 29 33
0 1 13 22 23 27 29 31 32 37
0 2 8 10 11 31 33 37 38 40
0 3 6 16 17 19 27 30 31 36
0 5 11 12 20 21 24 27 31 39
0 7 13 15 20 21 25 28 40 42
0 14 16 17 18 20 34 35 37 41
1 2 12 14 24 29 30 36 38 40
1 3 8 9 19 21 29 34 40 41
1 4 5 6 11 25 26 29 37 42
1 7 15 16 17 18 28 29 35 39
2 3 5 7 11 15 19 28 32 38
2 4 13 16 17 21 24 26 33 38
2 6 20 22 23 34 37 38 39 41
2 8 9 18 25 27 31 35 38 42
3 4 12 18 19 22 23 24 26 35
3 10 13 14 19 20 25 33 39 42
3 19 21 22 23 25 30 36 37 42
4 7 14 15 26 27 28 31 34 41
4 8 9 20 26 30 32 36 39 40
5 8 9 11 14 16 17 22 23 40
5 11 13 18 30 33 34 35 36 41
6 7 8 9 12 13 15 24 28 37
6 10 14 18 21 27 32 33 35 40
7 10 12 15 22 23 28 30 33 36
10 12 16 17 24 25 32 34 41 42
