0 1 3 4 10 15 21 22 23 26
0 2 4 19 24 27 31 32 39 40
0 2 6 7 8 14 22 27 28 30
0 5 13 16 22 29 35 36 37 38
0 9 11 12 22 31 32 33 34 39
0 17 18 19 20 22 25 41 42 43
1 2 9 13 17 23 25 27 31 35
1 5 6 22 23 24 26 28 40 41
1 5 7 11 14 19 23 33 37 41
1 6 18 23 28 29 32 36 39 43
1 8 12 16 20 23 30 34 38 42
2 3 11 15 16 18 27 33 38 43
2 4 12 19 26 27 29 34 36 41
2 5 10 20 21 27 32 37 39 42
3 5 6 12 15 17 25 28 34 37
3 7 9 14 15 20 29 31 36 42
3 8 13 15 19 30 32 35 39 41
3 9 15 16 20 24 37 38 40 42
4 5 8 9 18 26 30 31 37 43
4 6 11 13 20 26 28 33 35 42
4 7 14 16 17 25 26 32 38 39
6 9 10 16 19 21 28 31 38 41
7 10 12 13 14 18 34 35 40 43
7 12 13 14 18 21 24 34 35 43
8 10 11 17 24 25 29 30 33 36
8 11 17 21 25 29 30 33 36 40
