0 1 2 20 21 34 36 39
0 3 19 27 29 31 32 40
0 4 6 7 23 30 37 45
0 5 14 25 35 41 42 43
0 8 9 13 16 18 28 40
0 10 15 18 22 24 27 33
0 11 12 17 26 38 44 46
1 3 4 8 9 10 11 25
1 5 13 14 23 27 35 44
1 6 11 16 22 31 33 43
1 6 24 25 26 28 29 38
1 7 15 17 30 37 40 41
1 12 18 19 32 42 45 46
2 3 5 6 14 17 18 35
2 4 16 19 24 32 41 44
2 7 11 27 28 30 37 42
2 8 9 15 29 43 44 45
2 10 13 26 31 38 41 45
2 12 22 23 25 33 40 46
3 7 13 21 24 37 43 46
3 12 13 20 24 30 34 43
3 15 16 23 26 38 39 42
3 22 28 33 36 41 44 45
4 5 15 20 28 31 34 46
4 12 14 15 21 28 31 35
4 13 17 22 29 33 39 42
4 18 26 27 36 38 40 43
5 7 10 12 16 29 36 37
5 8 9 19 21 30 32 33
5 11 14 24 35 39 40 45
5 21 22 26 30 34 37 38
6 8 9 12 27 39 41 46
6 10 20 21 34 40 42 44
6 11 13 15 19 25 32 36
7 8 19 20 22 33 35 37
7 9 14 20 22 32 36 37
7 9 20 26 32 34 35 38
7 18 25 30 31 37 39 44
8 9 17 23 24 31 36 42
8 14 19 26 33 34 35 38
10 14 16 29 30 35 36 46
10 17 19 23 28 32 39 43
11 18 20 21 23 29 34 41
16 17 20 21 25 27 34 45
