0 1 2 3 40 46
0 2 4 5 6 7
0 8 16 24 32 40
0 9 17 25 33 41
0 10 18 26 34 42
0 11 19 27 35 43
0 12 20 28 36 44
0 13 21 29 37 45
0 14 22 30 38 46
0 15 23 27 31 39
1 3 4 5 6 7
1 7 11 18 25 32
1 8 17 26 35 44
1 9 16 27 34 45
1 10 19 24 33 46
1 12 21 30 39 40
1 13 20 31 38 41
1 14 23 28 37 42
1 15 22 29 36 43
2 8 18 28 38 45
2 9 19 29 39 44
2 10 16 30 34 36
2 11 17 31 37 46
2 12 22 24 34 41
2 13 23 25 35 40
2 14 20 26 32 43
2 15 21 27 33 42
3 8 19 30 37 41
3 9 18 31 36 40
3 10 17 28 39 43
3 11 16 29 38 42
3 12 23 26 33 45
3 13 22 27 32 44
3 14 21 24 26 35
3 15 20 25 34 46
4 8 20 29 33 35
4 9 21 28 32 46
4 10 22 31 35 45
4 11 23 30 34 44
4 12 16 25 37 43
4 13 17 24 36 42
4 14 18 27 39 41
4 15 19 26 38 40
5 8 21 31 34 43
5 9 20 30 35 42
5 10 23 29 32 41
5 11 22 28 33 40
5 12 17 24 27 38
5 13 16 26 39 46
5 14 19 25 36 45
5 15 18 24 37 44
6 8 22 25 39 42
6 9 23 24 38 43
6 10 20 27 37 40
6 11 21 26 36 41
6 12 18 29 35 46
6 13 19 28 34 35
6 14 16 31 33 44
6 15 17 30 32 45
7 8 23 27 36 46
7 9 22 26 31 37
7 10 21 25 38 44
7 11 20 24 39 45
7 12 19 31 32 42
7 13 18 30 33 43
7 14 17 29 34 40
7 15 16 28 35 41
8 9 10 11 12 15
8 9 10 11 13 14
8 18 19 20 21 27
12 13 14 15 33 36
16 17 18 19 22 23
16 17 20 21 22 23
24 25 28 29 30 31
25 26 27 28 29 30
32 33 34 37 38 39
32 35 36 37 38 39
40 41 42 43 44 45
41 42 43 44 45 46
