0 1 3 4 5 6 10 18
0 1 6 9 21 37 41 43
0 2 14 22 26 36 39 47
0 3 7 27 29 31 32 40
0 4 11 20 23 30 42 45
0 5 12 17 35 38 44 46
0 8 13 16 18 19 28 40
0 10 15 24 25 27 33 34
1 2 3 17 18 20 30 34
1 4 15 19 28 31 35 47
1 5 7 10 11 16 29 36
1 8 11 32 33 38 46 47
1 12 24 25 39 40 42 45
1 13 14 22 23 26 27 44
2 4 16 24 25 32 41 44
2 5 9 21 23 33 35 40
2 6 11 12 19 27 28 37
2 7 8 15 29 42 43 44
2 10 13 31 38 41 45 46
3 4 8 9 10 12 14 22
3 5 11 13 24 25 43 47
3 10 11 21 26 35 41 42
3 15 16 23 37 38 39 46
3 19 28 33 36 41 44 45
4 6 7 13 17 29 33 39
4 8 17 21 26 34 37 40
4 18 27 36 38 40 43 46
5 6 8 15 18 26 32 45
5 6 19 28 34 38 42 46
5 8 20 27 30 35 39 41
5 14 18 22 31 33 37 42
6 8 17 23 24 25 31 36
6 10 20 30 37 40 44 47
6 14 16 22 34 35 43 45
7 9 21 25 26 28 30 46
7 12 18 23 29 34 41 47
7 14 19 20 22 25 32 38
7 18 24 25 29 35 37 45
9 11 18 21 31 34 39 44
9 12 13 15 20 21 32 36
9 16 17 21 27 42 45 47
9 19 21 24 26 29 30 38
10 17 19 23 28 32 39 43
11 14 15 17 22 30 40 41
12 16 20 26 30 31 33 43
13 30 32 34 35 36 37 42
14 20 21 22 24 28 29 46
