0 1 2 5 17 26 35 47
0 3 13 18 25 32 37 47
0 4 14 24 28 31 39 47
0 6 7 9 20 36 47 49
0 8 16 19 23 33 43 47
0 10 15 22 29 34 44 47
0 11 27 38 40 41 47 48
0 12 21 30 42 45 46 47
1 2 3 6 18 27 36 48
1 2 4 15 31 42 44 45
1 2 7 12 13 30 32 34
1 2 8 9 11 22 38 49
1 2 10 14 16 20 28 29
1 2 19 21 23 40 41 46
1 2 24 25 33 37 39 43
3 4 12 16 18 22 30 31
3 5 9 17 18 40 41 49
3 7 10 18 26 29 33 43
3 8 18 21 24 34 39 46
3 11 14 18 28 38 42 45
3 15 18 19 20 23 35 44
4 5 13 17 19 23 31 32
4 6 8 25 26 31 36 37
4 7 11 21 31 35 38 46
4 9 10 27 29 31 48 49
4 20 31 33 34 40 41 43
5 6 11 16 17 34 36 38
5 7 8 14 15 17 28 44
5 10 17 24 29 39 42 45
5 12 17 27 30 33 43 48
5 17 20 21 22 25 37 46
6 10 13 21 29 32 36 46
6 12 14 19 23 28 30 36
6 15 24 36 39 40 41 44
6 22 33 35 36 42 43 45
7 16 25 37 40 41 42 45
7 19 22 23 24 27 39 48
8 10 12 29 30 35 40 41
8 13 20 27 32 42 45 48
9 12 15 25 30 37 44 49
9 13 16 24 32 35 39 49
9 14 21 28 33 43 46 49
9 19 23 26 34 42 45 49
10 11 19 23 25 29 37 38
11 12 20 24 26 30 38 39
11 13 15 32 33 38 43 44
13 14 22 26 28 32 40 41
14 25 27 28 34 35 37 48
15 16 21 26 27 44 46 48
