0 1 3 35 41
0 2 24 34 40
0 4 13 35 49
0 5 10 15 20
0 6 14 33 43
0 7 30 42 46
0 8 19 27 37
0 9 21 31 45
0 11 17 29 44
0 12 16 36 47
0 18 35 39 48
0 22 23 32 38
0 25 26 28 33
1 2 4 36 42
1 5 14 25 36
1 6 11 16 21
1 7 15 34 44
1 8 31 43 47
1 9 20 28 38
1 10 22 32 46
1 12 18 30 45
1 13 17 37 48
1 19 36 40 49
1 23 24 33 39
1 26 27 29 34
2 3 5 37 43
2 6 15 26 37
2 7 12 17 22
2 8 16 35 45
2 9 32 44 48
2 10 21 29 39
2 11 23 33 47
2 13 19 31 46
2 14 18 38 49
2 20 25 37 41
2 27 28 30 35
3 4 6 38 44
3 7 16 27 38
3 8 13 18 23
3 9 17 36 46
3 10 33 45 49
3 11 22 30 40
3 12 24 34 48
3 14 20 32 47
3 15 19 25 39
3 21 26 38 42
3 28 29 31 36
4 5 7 39 45
4 8 17 28 39
4 9 14 19 24
4 10 18 37 47
4 11 25 34 46
4 12 23 31 41
4 15 21 33 48
4 16 20 26 40
4 22 27 39 43
4 29 30 32 37
5 6 8 40 46
5 9 18 29 40
5 11 19 38 48
5 12 26 35 47
5 13 24 32 42
5 16 22 34 49
5 17 21 27 41
5 23 28 40 44
5 30 31 33 38
6 7 9 41 47
6 10 19 30 41
6 12 20 39 49
6 13 27 36 48
6 17 23 25 35
6 18 22 28 42
6 24 29 41 45
6 31 32 34 39
7 8 10 42 48
7 11 20 31 42
7 13 21 25 40
7 14 28 37 49
7 18 24 26 36
7 19 23 29 43
7 32 33 35 40
8 9 11 43 49
8 12 21 32 43
8 14 22 26 41
8 15 25 29 38
8 20 24 30 44
8 33 34 36 41
9 10 12 25 44
9 13 22 33 44
9 15 23 27 42
9 16 26 30 39
9 34 35 37 42
10 11 13 26 45
10 14 23 34 45
10 16 24 28 43
10 17 27 31 40
10 35 36 38 43
11 12 14 27 46
11 15 24 35 46
11 18 28 32 41
11 36 37 39 44
12 13 15 28 47
12 19 29 33 42
12 37 38 40 45
13 14 16 29 48
13 20 30 34 43
13 38 39 41 46
14 15 17 30 49
14 21 31 35 44
14 39 40 42 47
15 16 18 25 31
15 22 32 36 45
15 40 41 43 48
16 17 19 26 32
16 23 33 37 46
16 41 42 44 49
17 18 20 27 33
17 24 34 38 47
17 25 42 43 45
18 19 21 28 34
18 26 43 44 46
19 20 22 29 35
19 27 44 45 47
20 21 23 30 36
20 28 45 46 48
21 22 24 31 37
21 29 46 47 49
22 25 30 47 48
23 26 31 48 49
24 25 27 32 49
