0 1 9 20 32 48
0 2 3 14 16 42
0 4 26 29 36 39
0 5 8 12 13 15
0 6 11 33 38 49
0 7 10 22 28 31
0 7 24 37 40 46
0 12 17 29 34 46
0 18 19 23 45 47
0 21 25 27 35 41
0 24 30 43 44 50
1 2 6 28 30 34
1 3 10 13 19 29
1 4 12 14 25 40
1 5 24 31 36 47
1 7 17 38 42 44
1 8 11 21 37 39
1 15 26 41 45 46
1 16 18 33 35 50
1 22 23 27 43 49
2 4 9 11 27 31
2 5 17 21 43 46
2 7 8 29 45 50
2 10 23 25 33 39
2 12 35 37 44 47
2 13 18 22 41 48
2 15 19 32 36 49
2 20 24 26 38 40
3 4 32 33 44 46
3 5 18 25 28 38
3 6 12 17 24 27
3 6 12 39 45 48
3 7 9 21 23 36
3 8 30 40 41 49
3 11 20 28 37 45
3 11 22 26 47 50
3 15 31 34 35 43
4 5 7 16 48 49
4 6 19 37 41 43
4 8 10 18 24 34
4 13 21 30 38 47
4 15 17 23 28 50
4 20 22 35 42 45
5 6 10 26 32 35
5 6 22 23 39 40
5 9 30 33 37 45
5 11 14 20 23 29
5 11 23 34 41 44
5 19 27 40 42 50
6 7 15 20 25 47
6 8 16 22 36 44
6 9 13 14 46 50
6 18 21 29 31 42
7 11 12 18 32 43
7 13 26 27 33 34
7 14 19 30 35 39
7 24 28 40 41 46
8 9 25 26 42 43
8 14 27 28 32 47
8 17 19 20 31 33
8 23 35 38 46 48
9 10 16 17 41 47
9 12 19 22 34 38
9 15 18 39 40 44
9 24 28 29 35 49
10 11 15 30 42 48
10 12 20 21 49 50
10 14 27 31 44 48
10 14 36 38 43 45
10 22 31 37 40 46
11 13 17 35 36 40
11 16 19 24 25 46
12 16 23 26 30 31
12 28 33 36 41 42
13 16 20 28 39 43
13 23 24 32 37 42
13 25 31 44 45 49
14 15 21 22 24 33
14 17 18 26 37 49
14 20 29 34 41 44
15 16 27 29 37 38
16 21 32 34 40 45
17 22 25 29 30 32
17 24 27 39 45 48
18 20 27 30 36 46
19 21 26 28 44 48
25 34 36 37 48 50
29 33 40 43 47 48
31 32 38 39 41 50
34 39 42 46 47 49
