0 1 2 3 4 5 6 49
0 6 9 18 27 29 38 47
0 7 13 19 25 31 37 43
0 7 14 21 28 35 42 50
0 8 16 24 32 40 48 51
0 10 12 20 23 33 36 46
0 11 15 18 26 30 41 45
0 12 17 22 34 39 44 52
1 6 8 17 26 28 37 46
1 6 10 19 21 30 39 48
1 7 20 26 32 38 44 49
1 8 15 22 29 36 43 50
1 9 17 25 33 41 42 51
1 10 16 27 31 35 38 46
1 11 12 14 24 34 37 47
1 13 18 23 28 40 45 52
2 6 11 20 22 31 40 42
2 7 19 24 29 41 46 52
2 8 14 27 33 39 45 50
2 9 16 23 30 37 44 50
2 10 18 26 34 35 43 51
2 12 15 25 28 35 38 48
2 13 17 18 21 32 36 47
3 6 12 14 23 32 41 43
3 7 12 18 22 33 37 48
3 8 20 25 30 35 47 52
3 9 15 21 28 34 40 46
3 10 14 20 25 29 40 44
3 10 17 24 31 38 45 50
3 11 19 27 28 36 44 51
3 12 13 16 26 29 39 42
4 6 13 15 24 33 35 44
4 7 12 17 27 30 40 43
4 8 18 19 23 34 38 42
4 9 14 26 31 36 48 52
4 10 16 22 28 36 41 47
4 11 18 25 32 39 46 50
4 12 20 21 29 37 45 51
5 6 7 16 25 34 36 45
5 8 12 18 21 31 41 44
5 9 18 20 24 28 39 43
5 10 15 27 32 37 42 52
5 11 17 23 29 35 48 52
5 12 19 26 33 40 47 50
5 13 14 22 30 38 46 51
6 7 15 23 31 39 47 51
6 11 16 21 33 38 43 52
6 13 20 27 34 41 48 50
7 8 9 10 11 12 13 49
9 19 22 31 32 35 45 46
14 15 16 17 18 19 20 49
21 22 23 24 25 26 27 49
24 30 36 42 49 50 51 52
28 29 30 31 32 33 34 49
35 36 37 38 39 40 41 49
42 43 44 45 46 47 48 49
