0 1 51
0 2 35
0 3 20
0 4 9
0 5 24
0 6 14
0 7 18
0 8 46
0 10 23
0 11 30
0 12 27
0 13 17
0 15 42
0 16 19
0 21 38
0 22 50
0 25 34
0 26 40
0 28 31
0 29 37
0 32 45
0 33 44
0 36 52
0 39 41
0 43 49
0 47 48
1 2 14
1 3 16
1 4 15
1 5 23
1 6 26
1 7 41
1 8 34
1 9 47
1 10 42
1 11 12
1 13 31
1 17 40
1 18 43
1 19 52
1 20 36
1 21 25
1 22 24
1 27 46
1 28 49
1 29 44
1 30 48
1 32 35
1 33 37
1 38 45
1 39 50
2 3 6
2 4 31
2 5 45
2 7 20
2 8 25
2 9 29
2 10 33
2 11 52
2 12 40
2 13 50
2 15 23
2 16 39
2 17 43
2 18 30
2 19 44
2 21 46
2 22 38
2 24 37
2 26 34
2 27 41
2 28 48
2 32 36
2 42 51
2 47 49
3 4 34
3 5 39
3 7 30
3 8 23
3 9 31
3 10 38
3 11 29
3 12 33
3 13 40
3 14 45
3 15 47
3 17 18
3 19 28
3 21 32
3 22 37
3 24 27
3 25 51
3 26 44
3 35 36
3 41 42
3 43 48
3 46 49
3 50 52
4 5 12
4 6 27
4 7 25
4 8 11
4 10 45
4 13 26
4 14 21
4 16 52
4 17 24
4 18 23
4 19 43
4 20 51
4 22 28
4 29 35
4 30 44
4 32 47
4 33 42
4 36 50
4 37 40
4 38 39
4 41 49
4 46 48
5 6 18
5 7 29
5 8 52
5 9 27
5 10 43
5 11 34
5 13 22
5 14 28
5 15 38
5 16 26
5 17 50
5 19 25
5 20 44
5 21 35
5 30 49
5 31 32
5 33 48
5 36 40
5 37 42
5 41 47
5 46 51
6 7 52
6 8 41
6 9 51
6 10 21
6 11 33
6 12 28
6 13 44
6 15 34
6 16 37
6 17 32
6 19 20
6 22 43
6 23 49
6 24 40
6 25 39
6 29 38
6 30 50
6 31 35
6 36 47
6 42 46
6 45 48
7 8 15
7 9 42
7 10 50
7 11 13
7 12 51
7 14 26
7 16 28
7 17 39
7 19 32
7 21 40
7 22 47
7 23 35
7 24 48
7 27 36
7 31 33
7 34 45
7 37 46
7 38 43
7 44 49
8 9 45
8 10 24
8 12 36
8 13 39
8 14 20
8 16 22
8 17 42
8 18 48
8 19 30
8 21 47
8 26 37
8 27 29
8 28 44
8 31 43
8 32 51
8 33 50
8 35 38
8 40 49
9 10 26
9 11 15
9 12 22
9 13 48
9 14 40
9 16 30
9 17 35
9 18 50
9 19 34
9 20 43
9 21 33
9 23 37
9 24 38
9 25 36
9 28 32
9 39 49
9 41 52
9 44 46
10 11 18
10 12 35
10 13 29
10 14 17
10 15 49
10 16 25
10 19 37
10 20 32
10 22 34
10 27 47
10 28 52
10 30 46
10 31 48
10 36 44
10 39 40
10 41 51
11 14 43
11 16 40
11 17 49
11 19 27
11 20 46
11 21 36
11 22 35
11 23 25
11 24 32
11 26 39
11 28 42
11 31 51
11 37 38
11 41 44
11 45 47
11 48 50
12 13 25
12 14 34
12 15 48
12 16 49
12 17 52
12 18 20
12 19 42
12 21 37
12 23 50
12 24 44
12 26 31
12 29 39
12 30 43
12 32 41
12 38 47
12 45 46
13 14 37
13 15 21
13 16 20
13 18 41
13 19 36
13 23 46
13 24 52
13 27 32
13 28 43
13 30 38
13 33 35
13 34 47
13 42 49
13 45 51
14 15 44
14 16 35
14 18 27
14 19 51
14 22 31
14 23 30
14 24 47
14 25 29
14 32 38
14 33 46
14 36 42
14 39 52
14 41 48
14 49 50
15 16 43
15 17 27
15 18 24
15 19 33
15 20 40
15 22 29
15 25 41
15 26 52
15 28 46
15 30 35
15 31 50
15 32 39
15 36 45
15 37 51
16 17 23
16 18 32
16 21 50
16 24 45
16 27 42
16 29 48
16 31 47
16 33 51
16 34 36
16 38 44
16 41 46
17 19 31
17 20 47
17 21 44
17 22 45
17 25 28
17 26 29
17 30 41
17 33 38
17 34 37
17 36 46
17 48 51
18 19 26
18 21 39
18 22 44
18 25 52
18 28 38
18 29 49
18 31 40
18 33 45
18 34 42
18 35 46
18 36 51
18 37 47
19 21 41
19 22 46
19 23 48
19 24 29
19 35 50
19 38 49
19 39 47
19 40 45
20 21 26
20 22 52
20 23 38
20 24 34
20 25 48
20 27 49
20 28 31
20 29 33
20 30 45
20 35 41
20 37 50
20 39 42
21 22 30
21 23 43
21 24 42
21 27 34
21 28 31
21 29 45
21 48 49
21 51 52
22 23 27
22 25 33
22 26 41
22 32 42
22 36 39
22 40 48
22 49 51
23 24 33
23 26 47
23 28 36
23 29 41
23 31 34
23 32 52
23 39 45
23 40 42
23 44 51
24 25 26
24 28 50
24 30 51
24 31 36
24 35 49
24 39 46
24 41 43
25 27 35
25 30 47
25 31 42
25 32 49
25 37 45
25 38 46
25 40 44
25 43 50
26 27 38
26 28 33
26 30 36
26 32 46
26 35 43
26 42 48
26 45 49
26 50 51
27 28 51
27 30 31
27 33 39
27 37 44
27 40 43
27 45 50
27 48 52
28 29 47
28 30 40
28 34 39
28 35 45
28 37 41
29 30 42
29 31 46
29 32 50
29 34 51
29 36 43
29 40 52
30 32 34
30 33 52
30 37 39
31 37 49
31 38 52
31 39 44
31 41 45
32 33 40
32 37 43
32 44 48
33 34 41
33 36 49
33 43 47
34 35 40
34 38 48
34 43 44
34 46 50
34 49 52
35 37 52
35 39 48
35 42 44
35 47 51
36 37 48
36 38 41
38 40 51
38 42 50
39 43 51
40 41 50
40 46 47
42 43 45
42 47 52
43 46 52
44 45 52
44 47 50
