0 1 4 16 19 32 43
0 2 8 9 40 45 51
0 3 5 13 21 27 30
0 6 7 10 17 42 44
0 9 20 34 48 49 55
0 11 15 22 29 32 46
0 12 20 23 33 35 37
0 14 18 24 38 41 54
0 25 28 39 48 52 53
0 26 31 34 36 47 50
1 2 7 18 37 39 47
1 3 6 14 15 36 40
1 4 17 27 37 50 54
1 5 8 35 41 50 52
1 9 17 22 25 30 34
1 10 21 23 29 31 53
1 11 13 20 49 51 54
1 12 26 28 38 42 55
1 24 33 44 45 46 48
2 3 16 17 26 35 46
2 4 5 11 38 51 55
2 5 6 11 23 25 38
2 10 15 33 34 52 54
2 12 21 22 24 32 49
2 13 14 28 29 44 50
2 19 27 30 31 41 48
2 20 27 36 42 43 53
3 4 18 20 29 34 48
3 7 12 25 31 45 54
3 8 23 26 39 44 49
3 9 32 33 38 50 53
3 10 22 28 37 41 51
3 10 22 37 41 43 55
3 11 19 24 42 47 52
4 6 14 23 25 29 55
4 7 40 41 46 49 53
4 8 14 22 31 33 42
4 9 10 13 24 26 39
4 12 30 36 44 51 52
4 15 21 28 35 45 47
5 7 19 26 29 33 51
5 9 15 37 42 48 49
5 10 18 32 36 42 45
5 12 14 34 39 43 46
5 16 22 44 47 53 54
5 17 20 24 28 31 40
6 8 21 26 43 48 54
6 9 12 27 29 41 47
6 13 31 32 37 46 52
6 16 18 28 30 33 49
6 19 20 22 39 45 50
6 24 34 35 43 51 53
7 8 11 27 28 32 34
7 9 14 16 20 21 52
7 12 13 15 16 18 55
7 13 22 35 36 38 48
7 15 23 24 30 43 50
8 10 20 30 38 46 47
8 12 15 17 18 19 53
8 13 17 19 52 53 55
8 16 24 25 29 36 37
9 11 18 31 35 43 44
9 19 23 28 36 46 54
10 11 12 16 40 48 50
10 14 19 25 27 35 49
11 14 26 30 37 45 53
11 17 21 33 36 39 41
13 16 23 34 41 42 45
13 25 28 33 40 43 47
14 17 23 32 47 48 51
15 16 27 31 38 39 51
15 20 25 26 32 41 44
17 29 38 43 45 49 52
18 21 25 42 46 50 51
18 22 23 26 27 40 52
19 21 34 37 38 40 44
21 31 36 47 49 50 55
24 27 33 44 45 46 55
29 30 35 39 40 42 54
30 32 35 39 40 54 55
