0 1 33
0 2 30
0 3 38
0 4 57
0 5 8
0 6 52
0 7 27
0 9 36
0 10 12
0 11 51
0 13 14
0 15 39
0 16 51
0 17 45
0 18 35
0 19 24
0 20 42
0 21 49
0 22 31
0 23 55
0 25 48
0 26 32
0 28 44
0 29 56
0 34 43
0 37 53
0 40 54
0 41 50
0 46 47
1 2 41
1 3 22
1 4 25
1 5 9
1 6 57
1 7 11
1 8 23
1 10 55
1 12 50
1 13 46
1 14 53
1 15 51
1 16 32
1 17 56
1 18 42
1 19 37
1 20 52
1 21 43
1 24 47
1 26 27
1 28 34
1 29 36
1 30 40
1 31 48
1 35 49
1 38 39
1 44 56
1 45 54
2 3 47
2 4 26
2 5 43
2 6 36
2 7 28
2 8 14
2 9 35
2 10 13
2 11 31
2 12 15
2 14 48
2 16 40
2 17 24
2 18 52
2 19 38
2 20 22
2 21 23
2 25 37
2 27 45
2 29 51
2 32 56
2 33 44
2 34 42
2 39 53
2 46 57
2 49 55
2 50 54
3 4 5
3 6 51
3 7 13
3 8 46
3 9 17
3 10 42
3 11 43
3 12 27
3 14 50
3 15 25
3 16 24
3 18 53
3 19 29
3 20 36
3 21 33
3 23 40
3 26 37
3 28 32
3 30 45
3 31 39
3 34 44
3 35 55
3 39 48
3 41 57
3 49 52
3 54 56
4 6 17
4 7 38
4 8 31
4 9 49
4 10 54
4 11 45
4 12 36
4 13 51
4 14 56
4 15 43
4 16 23
4 18 20
4 19 24
4 21 30
4 22 41
4 27 29
4 28 42
4 32 33
4 34 52
4 35 53
4 37 44
4 39 40
4 46 48
4 47 49
4 50 55
5 6 25
5 7 22
5 7 53
5 10 26
5 11 27
5 12 38
5 13 39
5 14 37
5 15 49
5 16 54
5 17 20
5 18 33
5 19 45
5 21 52
5 23 31
5 24 41
5 28 56
5 29 57
5 30 50
5 32 36
5 34 35
5 40 44
5 42 46
5 47 55
5 48 51
6 7 56
6 8 32
6 9 10
6 11 35
6 12 53
6 13 48
6 14 19
6 15 37
6 16 34
6 18 24
6 20 34
6 21 50
6 22 27
6 23 43
6 26 40
6 28 41
6 29 47
6 30 44
6 31 46
6 33 39
6 38 49
6 42 54
6 45 55
7 8 44
7 9 52
7 10 36
7 12 33
7 14 17
7 15 41
7 16 35
7 18 49
7 19 40
7 20 45
7 21 39
7 23 37
7 24 48
7 25 55
7 26 31
7 29 42
7 30 47
7 32 51
7 34 50
7 43 57
7 46 54
8 9 55
8 10 16
8 11 52
8 12 56
8 13 35
8 15 28
8 17 57
8 18 51
8 19 54
8 20 47
8 21 27
8 22 53
8 23 48
8 24 25
8 26 49
8 29 34
8 30 42
8 33 50
8 36 41
8 37 39
8 38 40
8 43 45
9 11 57
9 12 50
9 13 33
9 14 40
9 15 26
9 16 48
9 18 30
9 19 51
9 20 54
9 21 42
9 22 39
9 23 24
9 25 44
9 25 47
9 27 32
9 28 31
9 29 43
9 34 46
9 37 56
9 38 53
9 41 45
10 11 30
10 14 23
10 15 57
10 17 27
10 18 32
10 19 20
10 21 34
10 22 38
10 24 46
10 25 49
10 28 51
10 29 48
10 31 44
10 33 43
10 35 56
10 37 41
10 39 47
10 40 52
10 45 53
10 46 50
11 12 46
11 13 16
11 14 54
11 15 33
11 17 28
11 18 40
11 19 36
11 20 25
11 21 24
11 22 47
11 23 41
11 26 29
11 30 49
11 32 38
11 34 39
11 37 50
11 42 53
11 44 48
11 55 56
12 13 41
12 14 51
12 16 47
12 17 19
12 18 37
12 20 32
12 21 48
12 22 43
12 23 52
12 24 30
12 25 26
12 28 57
12 29 40
12 31 45
12 34 55
12 35 54
12 39 49
12 42 44
13 15 21
13 17 26
13 18 34
13 19 31
13 20 50
13 22 52
13 23 29
13 24 54
13 25 56
13 27 43
13 28 38
13 30 32
13 33 40
13 36 55
13 37 57
13 42 49
13 44 45
13 47 53
14 15 18
14 16 38
14 20 41
14 21 44
14 22 49
14 24 29
14 25 42
14 26 46
14 27 33
14 28 39
14 30 43
14 31 34
14 32 55
14 35 45
14 36 52
14 47 57
15 16 20
15 17 23
15 19 32
15 22 24
15 27 40
15 29 44
15 30 54
15 31 36
15 34 53
15 35 38
15 38 46
15 42 55
15 45 48
15 47 52
15 50 56
16 17 25
16 18 31
16 19 30
16 21 41
16 22 37
16 26 55
16 27 31
16 28 36
16 29 39
16 32 46
16 33 57
16 37 42
16 43 53
16 44 45
16 49 50
16 52 56
17 18 44
17 21 38
17 22 54
17 29 37
17 30 36
17 31 49
17 32 42
17 33 47
17 34 51
17 35 36
17 39 50
17 40 55
17 41 52
17 43 48
17 46 53
18 19 22
18 21 55
18 23 54
18 25 36
18 26 28
18 27 57
18 29 46
18 38 41
18 39 55
18 43 50
18 45 47
18 48 56
19 21 53
19 23 49
19 25 28
19 26 33
19 27 55
19 34 47
19 35 44
19 39 46
19 41 56
19 42 43
19 48 52
19 50 57
20 21 37
20 23 30
20 24 26
20 27 48
20 28 29
20 31 40
20 33 46
20 35 39
20 38 55
20 43 49
20 44 57
20 51 56
20 53 54
21 22 28
21 25 31
21 26 56
21 29 54
21 32 47
21 35 51
21 36 46
21 40 45
21 42 57
22 23 33
22 25 29
22 26 34
22 26 35
22 30 56
22 32 48
22 36 44
22 40 51
22 42 50
22 45 57
22 46 55
23 25 50
23 26 38
23 27 44
23 28 46
23 32 39
23 34 56
23 35 47
23 36 53
23 42 45
23 51 57
24 27 28
24 31 50
24 32 49
24 33 55
24 34 36
24 35 43
24 37 40
24 38 44
24 39 57
24 42 52
24 45 51
24 53 56
25 27 54
25 30 33
25 32 45
25 34 38
25 35 40
25 39 41
25 43 53
25 46 51
25 52 57
26 30 41
26 36 43
26 39 45
26 42 48
26 44 47
26 50 52
26 51 53
26 54 57
27 29 41
27 30 34
27 35 37
27 36 42
27 38 47
27 39 56
27 46 52
27 49 53
27 50 51
28 30 48
28 33 53
28 35 52
28 37 49
28 40 47
28 43 55
28 45 50
28 52 54
29 30 53
29 31 32
29 33 35
29 38 50
29 45 49
29 52 55
30 31 51
30 35 46
30 37 38
30 39 52
30 55 57
31 33 52
31 35 41
31 37 54
31 38 42
31 43 56
31 47 57
31 53 55
32 34 37
32 35 57
32 40 43
32 41 54
32 44 50
32 52 53
33 34 45
33 36 37
33 38 56
33 41 42
33 48 49
33 51 54
34 40 57
34 41 48
34 49 54
35 40 42
35 48 50
36 38 57
36 39 54
36 40 48
36 45 56
36 47 50
36 49 51
37 43 52
37 45 46
37 47 51
37 48 55
38 43 51
38 45 52
38 48 54
39 42 51
39 43 44
40 41 49
40 46 56
40 50 53
41 43 46
41 44 53
41 47 48
41 51 55
42 47 56
43 47 54
44 46 49
44 51 52
44 54 55
48 53 57
49 56 57
