0 1 3 19 30
0 2 14 18 44
0 4 48 49 54
0 5 25 37 57
0 6 23 28 47
0 7 41 43 58
0 8 34 36 51
0 9 17 22 56
0 10 20 32 52
0 11 45 50 59
0 12 13 16 42
0 15 24 31 55
0 15 26 27 53
0 21 29 35 38
0 33 39 40 46
1 2 4 20 31
1 5 49 50 55
1 6 26 38 58
1 7 24 29 48
1 8 42 44 59
1 9 35 37 52
1 10 18 23 57
1 11 21 33 53
1 12 45 46 51
1 13 14 17 43
1 15 22 36 39
1 16 25 32 56
1 16 27 28 54
1 34 40 41 47
2 3 5 21 32
2 6 50 51 56
2 7 27 39 59
2 8 15 25 49
2 9 30 43 45
2 10 36 38 53
2 11 19 24 58
2 12 22 34 54
2 13 46 47 52
2 16 23 37 40
2 17 26 33 57
2 17 28 29 55
2 35 41 42 48
3 4 6 22 33
3 7 51 52 57
3 8 28 40 45
3 9 16 26 50
3 10 31 44 46
3 11 37 39 54
3 12 20 25 59
3 13 23 35 55
3 14 47 48 53
3 15 18 29 56
3 17 24 38 41
3 18 27 34 58
3 36 42 43 49
4 5 7 23 34
4 8 52 53 58
4 9 29 41 46
4 10 17 27 51
4 11 30 32 47
4 12 38 40 55
4 13 21 26 45
4 14 24 36 56
4 15 16 19 57
4 18 25 39 42
4 19 28 35 59
4 37 43 44 50
5 6 8 24 35
5 9 53 54 59
5 10 15 42 47
5 11 18 28 52
5 12 31 33 48
5 13 39 41 56
5 14 22 27 46
5 16 17 20 58
5 19 26 40 43
5 20 29 36 45
5 30 38 44 51
6 7 9 25 36
6 10 45 54 55
6 11 16 43 48
6 12 19 29 53
6 13 32 34 49
6 14 40 42 57
6 15 21 37 46
6 17 18 21 59
6 20 27 41 44
6 30 31 39 52
7 8 10 26 37
7 11 46 55 56
7 12 17 44 49
7 13 15 20 54
7 14 33 35 50
7 16 22 38 47
7 18 19 22 45
7 21 28 30 42
7 31 32 40 53
8 9 11 27 38
8 12 47 56 57
8 13 18 30 50
8 14 16 21 55
8 17 23 39 48
8 19 20 23 46
8 22 29 31 43
8 32 33 41 54
9 10 12 28 39
9 13 48 57 58
9 14 19 31 51
9 15 23 32 44
9 18 24 40 49
9 20 21 24 47
9 33 34 42 55
10 11 13 29 40
10 14 49 58 59
10 16 24 30 33
10 19 25 41 50
10 21 22 25 48
10 34 35 43 56
11 12 14 15 41
11 17 25 31 34
11 20 26 42 51
11 22 23 26 49
11 35 36 44 57
12 18 26 32 35
12 21 27 43 52
12 23 24 27 50
12 30 36 37 58
13 19 27 33 36
13 22 28 44 53
13 24 25 28 51
13 31 37 38 59
14 20 28 34 37
14 23 29 30 54
14 25 26 29 52
14 32 38 39 45
15 17 30 35 45
15 28 33 43 58
15 34 38 50 52
15 40 48 51 59
16 18 31 36 46
16 29 34 44 59
16 35 39 51 53
16 41 45 49 52
17 19 32 37 47
17 36 40 52 54
17 42 46 50 53
18 20 33 38 48
18 37 41 53 55
18 43 47 51 54
19 21 34 39 49
19 38 42 54 56
19 44 48 52 55
20 22 35 40 50
20 30 49 53 56
20 39 43 55 57
21 23 36 41 51
21 31 50 54 57
21 40 44 56 58
22 24 37 42 52
22 30 41 57 59
22 32 51 55 58
23 25 38 43 53
23 31 42 45 58
23 33 52 56 59
24 26 39 44 54
24 32 43 46 59
24 34 45 53 57
25 27 30 40 55
25 33 44 45 47
25 35 46 54 58
26 28 31 41 56
26 30 34 46 48
26 36 47 55 59
27 29 32 42 57
27 31 35 47 49
27 37 45 48 56
28 32 36 48 50
28 38 46 49 57
29 33 37 49 51
29 39 47 50 58
