0 1 3 7 33 44
0 2 6 32 43 59
0 4 30 41 57 58
0 5 20 30 38 51
0 8 21 30 35 50
0 9 14 29 39 47
0 10 18 31 40 45
0 11 27 28 30 34
0 12 24 36 48 60
0 13 22 27 42 52
0 15 25 33 46 55
0 16 17 19 23 49
0 26 37 53 54 56
1 2 4 8 34 45
1 5 31 42 58 59
1 6 21 31 39 52
1 9 22 31 36 51
1 10 15 30 40 48
1 11 19 32 41 46
1 12 28 29 31 35
1 13 25 37 49 60
1 14 23 28 43 53
1 16 26 34 47 56
1 17 18 20 24 50
1 27 38 54 55 57
2 3 5 9 35 46
2 7 22 32 40 53
2 10 23 32 37 52
2 11 16 31 41 49
2 12 20 33 42 47
2 13 29 30 32 36
2 14 26 38 50 60
2 15 24 29 44 54
2 17 27 35 48 57
2 18 19 21 25 51
2 28 39 55 56 58
3 4 6 10 36 47
3 8 23 33 41 54
3 11 24 33 38 53
3 12 17 32 42 50
3 13 21 34 43 48
3 14 30 31 33 37
3 15 27 39 51 60
3 16 25 30 45 55
3 18 28 36 49 58
3 19 20 22 26 52
3 29 40 56 57 59
4 5 7 11 37 48
4 9 24 34 42 55
4 12 25 34 39 54
4 13 18 33 43 51
4 14 22 35 44 49
4 15 31 32 34 38
4 16 28 40 52 60
4 17 26 31 46 56
4 19 29 37 50 59
4 20 21 23 27 53
5 6 8 12 38 49
5 10 25 35 43 56
5 13 26 35 40 55
5 14 19 34 44 52
5 15 23 36 45 50
5 16 32 33 35 39
5 17 29 41 53 60
5 18 27 32 47 57
5 21 22 24 28 54
6 7 9 13 39 50
6 11 26 36 44 57
6 14 27 36 41 56
6 15 20 35 45 53
6 16 24 37 46 51
6 17 33 34 36 40
6 18 30 42 54 60
6 19 28 33 48 58
6 22 23 25 29 55
7 8 10 14 40 51
7 12 27 37 45 58
7 15 28 37 42 57
7 16 21 36 46 54
7 17 25 38 47 52
7 18 34 35 37 41
7 19 31 43 55 60
7 20 29 34 49 59
7 23 24 26 30 56
8 9 11 15 41 52
8 13 28 38 46 59
8 16 29 38 43 58
8 17 22 37 47 55
8 18 26 39 48 53
8 19 35 36 38 42
8 20 32 44 56 60
8 24 25 27 31 57
9 10 12 16 42 53
9 17 30 39 44 59
9 18 23 38 48 56
9 19 27 40 49 54
9 20 36 37 39 43
9 21 33 45 57 60
9 25 26 28 32 58
10 11 13 17 43 54
10 19 24 39 49 57
10 20 28 41 50 55
10 21 37 38 40 44
10 22 34 46 58 60
10 26 27 29 33 59
11 12 14 18 44 55
11 20 25 40 50 58
11 21 29 42 51 56
11 22 38 39 41 45
11 23 35 47 59 60
12 13 15 19 45 56
12 21 26 41 51 59
12 22 30 43 52 57
12 23 39 40 42 46
13 14 16 20 46 57
13 23 31 44 53 58
13 24 40 41 43 47
14 15 17 21 47 58
14 24 32 45 54 59
14 25 41 42 44 48
15 16 18 22 48 59
15 26 42 43 45 49
16 27 43 44 46 50
17 28 44 45 47 51
18 29 45 46 48 52
19 30 46 47 49 53
20 31 47 48 50 54
21 32 48 49 51 55
22 33 49 50 52 56
23 34 50 51 53 57
24 35 51 52 54 58
25 36 52 53 55 59
