0 1 2 3 62
0 2 9 23 31
0 3 16 53 55
0 4 17 45 61
0 5 32 43 47
0 6 26 40 50
0 7 21 29 60
0 8 27 33 59
0 10 22 28 48
0 11 15 30 35
0 12 18 38 52
0 13 41 57 58
0 14 24 36 42
0 19 25 51 54
0 20 34 44 56
0 37 39 46 49
1 2 6 19 47
1 3 10 13 26
1 4 12 31 37
1 5 20 25 52
1 7 33 36 44
1 8 11 24 61
1 9 40 42 49
1 14 51 53 60
1 15 23 54 56
1 16 21 48 59
1 17 18 22 35
1 27 30 38 57
1 28 39 43 58
1 29 45 46 50
1 32 34 41 55
2 4 11 25 33
2 5 18 55 57
2 7 34 45 49
2 8 28 42 52
2 10 29 35 61
2 12 24 30 50
2 13 17 32 37
2 14 20 40 54
2 15 43 59 60
2 16 26 38 44
2 21 27 53 56
2 22 36 46 58
2 39 41 48 51
3 4 8 21 49
3 5 12 15 28
3 6 14 33 39
3 7 22 27 54
3 9 35 38 46
3 11 42 44 51
3 17 25 56 58
3 18 23 50 61
3 19 20 24 37
3 29 32 40 59
3 30 41 45 60
3 31 47 48 52
3 34 36 43 57
4 5 6 7 62
4 6 13 27 35
4 7 20 57 59
4 9 36 47 51
4 10 30 44 54
4 14 26 32 52
4 15 19 34 39
4 16 22 42 56
4 18 28 40 46
4 23 29 55 58
4 24 38 48 60
4 41 43 50 53
5 6 10 23 51
5 7 14 17 30
5 8 16 35 41
5 9 24 29 56
5 11 37 40 48
5 13 44 46 53
5 19 27 58 60
5 21 22 26 39
5 31 34 42 61
5 33 49 50 54
5 36 38 45 59
6 8 15 29 37
6 9 22 59 61
6 11 38 49 53
6 12 32 46 56
6 16 28 34 54
6 17 21 36 41
6 18 24 44 58
6 20 30 42 48
6 25 31 57 60
6 43 45 52 55
7 8 12 25 53
7 9 16 19 32
7 10 18 37 43
7 11 26 31 58
7 13 39 42 50
7 15 46 48 55
7 23 24 28 41
7 35 51 52 56
7 38 40 47 61
8 9 10 11 62
8 10 17 31 39
8 13 40 51 55
8 14 34 48 58
8 18 30 36 56
8 19 23 38 43
8 20 26 46 60
8 22 32 44 50
8 45 47 54 57
9 10 14 27 55
9 11 18 21 34
9 12 20 39 45
9 13 28 33 60
9 15 41 44 52
9 17 48 50 57
9 25 26 30 43
9 37 53 54 58
10 12 19 33 41
10 15 42 53 57
10 16 36 50 60
10 20 32 38 58
10 21 25 40 45
10 24 34 46 52
10 47 49 56 59
11 12 16 29 57
11 13 20 23 36
11 14 22 41 47
11 17 43 46 54
11 19 50 52 59
11 27 28 32 45
11 39 55 56 60
12 13 14 15 62
12 14 21 35 43
12 17 44 55 59
12 22 34 40 60
12 23 27 42 47
12 26 36 48 54
12 49 51 58 61
13 14 18 31 59
13 15 22 25 38
13 16 24 43 49
13 19 45 48 56
13 21 52 54 61
13 29 30 34 47
14 16 23 37 45
14 19 46 57 61
14 25 29 44 49
14 28 38 50 56
15 16 20 33 61
15 17 24 27 40
15 18 26 45 51
15 21 47 50 58
15 31 32 36 49
16 17 18 19 62
16 18 25 39 47
16 27 31 46 51
16 30 40 52 58
17 19 26 29 42
17 20 28 47 53
17 23 49 52 60
17 33 34 38 51
18 20 27 41 49
18 29 33 48 53
18 32 42 54 60
19 21 28 31 44
19 22 30 49 55
19 35 36 40 53
20 21 22 23 62
20 22 29 43 51
20 31 35 50 55
21 23 30 33 46
21 24 32 51 57
21 37 38 42 55
22 24 31 45 53
22 33 37 52 57
23 25 32 35 48
23 26 34 53 59
23 39 40 44 57
24 25 26 27 62
24 26 33 47 55
24 35 39 54 59
25 27 34 37 50
25 28 36 55 61
25 41 42 46 59
26 28 35 49 57
26 37 41 56 61
27 29 36 39 52
27 43 44 48 61
28 29 30 31 62
28 30 37 51 59
29 31 38 41 54
30 32 39 53 61
31 33 40 43 56
32 33 34 35 62
33 35 42 45 58
35 37 44 47 60
36 37 38 39 62
40 41 42 43 62
44 45 46 47 62
48 49 50 51 62
52 53 54 55 62
56 57 58 59 62
58 59 60 61 62
