0 1 2
0 3 4
0 5 6
0 7 8
0 9 10
0 11 12
0 13 14
0 15 16
0 17 18
0 19 20
0 21 22
0 23 24
0 25 26
0 27 28
0 29 30
0 31 32
0 33 34
0 35 36
0 37 38
0 39 40
0 41 42
0 43 44
0 45 46
0 47 48
0 49 50
0 51 52
0 53 54
0 55 56
0 57 58
0 59 60
0 61 62
1 3 5
1 4 6
1 7 9
1 8 10
1 11 13
1 12 14
1 15 17
1 16 18
1 19 21
1 20 22
1 23 25
1 24 26
1 27 29
1 28 30
1 31 33
1 32 34
1 35 37
1 36 38
1 39 41
1 40 42
1 43 45
1 44 46
1 47 49
1 48 50
1 51 53
1 52 54
1 55 57
1 56 58
1 59 61
1 60 62
2 3 6
2 4 5
2 7 10
2 8 9
2 11 14
2 12 13
2 15 18
2 16 17
2 19 22
2 20 21
2 23 26
2 24 25
2 27 30
2 28 29
2 31 34
2 32 33
2 35 38
2 36 37
2 39 42
2 40 41
2 43 46
2 44 45
2 47 50
2 48 49
2 51 54
2 52 53
2 55 58
2 56 57
2 59 62
2 60 61
3 7 11
3 8 12
3 9 13
3 10 14
3 15 19
3 16 20
3 17 21
3 18 22
3 23 27
3 24 28
3 25 29
3 26 30
3 31 35
3 32 36
3 33 37
3 34 38
3 39 43
3 40 44
3 41 45
3 42 46
3 47 51
3 48 52
3 49 53
3 50 54
3 55 59
3 56 60
3 57 61
3 58 62
4 7 12
4 8 11
4 9 14
4 10 13
4 15 20
4 16 19
4 17 22
4 18 21
4 23 28
4 24 27
4 25 30
4 26 29
4 31 36
4 32 35
4 33 38
4 34 37
4 39 44
4 40 43
4 41 46
4 42 45
4 47 52
4 48 51
4 49 54
4 50 53
4 55 60
4 56 59
4 57 62
4 58 61
5 7 13
5 8 14
5 9 11
5 10 12
5 15 21
5 16 22
5 17 19
5 18 20
5 23 29
5 24 30
5 25 27
5 26 28
5 31 37
5 32 38
5 33 35
5 34 36
5 39 45
5 40 46
5 41 43
5 42 44
5 47 53
5 48 54
5 49 51
5 50 52
5 55 61
5 56 62
5 57 59
5 58 60
6 7 14
6 8 13
6 9 12
6 10 11
6 15 22
6 16 21
6 17 20
6 18 19
6 23 30
6 24 29
6 25 28
6 26 27
6 31 38
6 32 37
6 33 36
6 34 35
6 39 46
6 40 45
6 41 44
6 42 43
6 47 54
6 48 53
6 49 52
6 50 51
6 55 62
6 56 61
6 57 60
6 58 59
7 15 23
7 16 24
7 17 25
7 18 26
7 19 27
7 20 28
7 21 29
7 22 30
7 31 39
7 32 40
7 33 41
7 34 42
7 35 43
7 36 44
7 37 45
7 38 46
7 47 55
7 48 56
7 49 57
7 50 58
7 51 59
7 52 60
7 53 61
7 54 62
8 15 24
8 16 23
8 17 26
8 18 25
8 19 28
8 20 27
8 21 30
8 22 29
8 31 40
8 32 39
8 33 42
8 34 41
8 35 44
8 36 43
8 37 46
8 38 45
8 47 56
8 48 55
8 49 58
8 50 57
8 51 60
8 52 59
8 53 62
8 54 61
9 15 25
9 16 26
9 17 23
9 18 24
9 19 29
9 20 30
9 21 27
9 22 28
9 31 41
9 32 42
9 33 39
9 34 40
9 35 45
9 36 46
9 37 43
9 38 44
9 47 57
9 48 58
9 49 55
9 50 56
9 51 61
9 52 62
9 53 59
9 54 60
10 15 26
10 16 25
10 17 24
10 18 23
10 19 30
10 20 29
10 21 28
10 22 27
10 31 42
10 32 41
10 33 40
10 34 39
10 35 46
10 36 45
10 37 44
10 38 43
10 47 58
10 48 57
10 49 56
10 50 55
10 51 62
10 52 61
10 53 60
10 54 59
11 15 27
11 16 28
11 17 29
11 18 30
11 19 23
11 20 24
11 21 25
11 22 26
11 31 43
11 32 44
11 33 45
11 34 46
11 35 39
11 36 40
11 37 41
11 38 42
11 47 59
11 48 60
11 49 61
11 50 62
11 51 55
11 52 56
11 53 57
11 54 58
12 15 28
12 16 27
12 17 30
12 18 29
12 19 24
12 20 23
12 21 26
12 22 25
12 31 44
12 32 43
12 33 46
12 34 45
12 35 40
12 36 39
12 37 42
12 38 41
12 47 60
12 48 59
12 49 62
12 50 61
12 51 56
12 52 55
12 53 58
12 54 57
13 15 29
13 16 30
13 17 27
13 18 28
13 19 25
13 20 26
13 21 23
13 22 24
13 31 45
13 32 46
13 33 43
13 34 44
13 35 41
13 36 42
13 37 39
13 38 40
13 47 61
13 48 62
13 49 59
13 50 60
13 51 57
13 52 58
13 53 55
13 54 56
14 15 30
14 16 29
14 17 28
14 18 27
14 19 26
14 20 25
14 21 24
14 22 23
14 31 46
14 32 45
14 33 44
14 34 43
14 35 42
14 36 41
14 37 40
14 38 39
14 47 62
14 48 61
14 49 60
14 50 59
14 51 58
14 52 57
14 53 56
14 54 55
15 31 47
15 32 48
15 33 49
15 34 50
15 35 51
15 36 52
15 37 53
15 38 54
15 39 55
15 40 56
15 41 57
15 42 58
15 43 59
15 44 60
15 45 61
15 46 62
16 31 48
16 32 47
16 33 50
16 34 49
16 35 52
16 36 51
16 37 54
16 38 53
16 39 56
16 40 55
16 41 58
16 42 57
16 43 60
16 44 59
16 45 62
16 46 61
17 31 49
17 32 50
17 33 47
17 34 48
17 35 53
17 36 54
17 37 51
17 38 52
17 39 57
17 40 58
17 41 55
17 42 56
17 43 61
17 44 62
17 45 59
17 46 60
18 31 50
18 32 49
18 33 48
18 34 47
18 35 54
18 36 53
18 37 52
18 38 51
18 39 58
18 40 57
18 41 56
18 42 55
18 43 62
18 44 61
18 45 60
18 46 59
19 31 51
19 32 52
19 33 53
19 34 54
19 35 47
19 36 48
19 37 49
19 38 50
19 39 59
19 40 60
19 41 61
19 42 62
19 43 55
19 44 56
19 45 57
19 46 58
20 31 52
20 32 51
20 33 54
20 34 53
20 35 48
20 36 47
20 37 50
20 38 49
20 39 60
20 40 59
20 41 62
20 42 61
20 43 56
20 44 55
20 45 58
20 46 57
21 31 53
21 32 54
21 33 51
21 34 52
21 35 49
21 36 50
21 37 47
21 38 48
21 39 61
21 40 62
21 41 59
21 42 60
21 43 57
21 44 58
21 45 55
21 46 56
22 31 54
22 32 53
22 33 52
22 34 51
22 35 50
22 36 49
22 37 48
22 38 47
22 39 62
22 40 61
22 41 60
22 42 59
22 43 58
22 44 57
22 45 56
22 46 55
23 31 55
23 32 56
23 33 57
23 34 58
23 35 59
23 36 60
23 37 61
23 38 62
23 39 47
23 40 48
23 41 49
23 42 50
23 43 51
23 44 52
23 45 53
23 46 54
24 31 56
24 32 55
24 33 58
24 34 57
24 35 60
24 36 59
24 37 62
24 38 61
24 39 48
24 40 47
24 41 50
24 42 49
24 43 52
24 44 51
24 45 54
24 46 53
25 31 57
25 32 58
25 33 55
25 34 56
25 35 61
25 36 62
25 37 59
25 38 60
25 39 49
25 40 50
25 41 47
25 42 48
25 43 53
25 44 54
25 45 51
25 46 52
26 31 58
26 32 57
26 33 56
26 34 55
26 35 62
26 36 61
26 37 60
26 38 59
26 39 50
26 40 49
26 41 48
26 42 47
26 43 54
26 44 53
26 45 52
26 46 51
27 31 59
27 32 60
27 33 61
27 34 62
27 35 55
27 36 56
27 37 57
27 38 58
27 39 51
27 40 52
27 41 53
27 42 54
27 43 47
27 44 48
27 45 49
27 46 50
28 31 60
28 32 59
28 33 62
28 34 61
28 35 56
28 36 55
28 37 58
28 38 57
28 39 52
28 40 51
28 41 54
28 42 53
28 43 48
28 44 47
28 45 50
28 46 49
29 31 61
29 32 62
29 33 59
29 34 60
29 35 57
29 36 58
29 37 55
29 38 56
29 39 53
29 40 54
29 41 51
29 42 52
29 43 49
29 44 50
29 45 47
29 46 48
30 31 62
30 32 61
30 33 60
30 34 59
30 35 58
30 36 57
30 37 56
30 38 55
30 39 54
30 40 53
30 41 52
30 42 51
30 43 50
30 44 49
30 45 48
30 46 47
