0 1 16 18 31 32 33 48 50 63
0 1 21 22 25 32 33 53 54 57
0 2 8 9 30 32 34 40 41 62
0 3 12 14 29 32 35 44 46 61
0 4 17 20 26 32 36 49 52 58
0 5 11 13 27 32 37 43 45 59
0 6 10 15 24 32 38 42 47 56
0 7 19 23 28 32 39 51 55 60
1 2 13 15 29 33 34 45 47 61
1 3 10 11 30 33 35 42 43 62
1 4 8 12 28 33 36 40 44 60
1 5 19 20 24 33 37 51 52 56
1 6 17 23 27 33 38 49 55 59
1 7 9 14 26 33 39 41 46 58
2 3 17 19 31 34 35 49 51 63
2 3 20 23 25 34 35 52 55 57
2 4 18 21 27 34 36 50 53 59
2 5 10 12 26 34 37 42 44 58
2 6 11 14 28 34 38 43 46 60
2 7 16 22 24 34 39 48 54 56
3 4 9 13 24 35 36 41 45 56
3 5 16 21 28 35 37 48 53 60
3 6 18 22 26 35 38 50 54 58
3 7 8 15 27 35 39 40 47 59
4 5 14 15 31 36 37 46 47 63
4 5 22 23 29 36 37 54 55 61
4 6 16 19 30 36 38 48 51 62
4 7 10 11 25 36 39 42 43 57
5 6 8 9 25 37 38 40 41 57
5 7 17 18 30 37 39 49 50 62
6 7 12 13 31 38 39 44 45 63
6 7 20 21 29 38 39 52 53 61
8 10 16 17 29 40 42 48 49 61
8 11 20 22 31 40 43 52 54 63
8 13 19 21 26 40 45 51 53 58
8 14 18 23 24 40 46 50 55 56
9 10 21 23 31 41 42 53 55 63
9 11 18 19 29 41 43 50 51 61
9 12 16 20 27 41 44 48 52 59
9 15 17 22 28 41 47 49 54 60
10 13 18 20 28 42 45 50 52 60
10 14 19 22 27 42 46 51 54 59
11 12 17 21 24 43 44 49 53 56
11 15 16 23 26 43 47 48 55 58
12 13 22 23 30 44 45 54 55 62
12 15 18 19 25 44 47 50 51 57
13 14 16 17 25 45 46 48 49 57
14 15 20 21 30 46 47 52 53 62
20 24 25 26 27 52 56 57 58 59
24 25 26 28 29 56 57 58 60 61
24 25 26 30 31 56 57 58 62 63
27 28 29 30 31 59 60 61 62 63
