0 1 5 6 18 34 46
0 2 7 33 35 37 55
0 2 15 18 41 50 63
0 3 22 36 53 58 64
0 4 16 43 49 62 63
0 8 12 20 23 50 57
0 9 13 25 32 68 71
0 10 14 26 30 39 52
0 11 31 38 42 48 60
0 15 19 47 54 56 70
0 17 29 51 59 65 67
0 21 44 45 61 66 69
0 24 27 28 40 51 59
1 2 12 28 49 54 69
1 3 23 30 42 45 55
1 4 11 17 21 33 63
1 7 14 19 53 65 68
1 8 10 22 43 59 60
1 9 24 36 62 66 71
1 13 15 16 26 27 37
1 20 25 48 51 56 68
1 29 41 52 57 61 64
1 31 39 44 47 67 70
1 32 35 38 40 50 58
2 3 9 11 39 40 68
2 4 23 43 53 64 67
2 5 45 48 59 62 71
2 6 21 24 42 47 52
2 8 27 30 35 44 58
2 10 20 29 32 34 71
2 13 19 31 46 49 51
2 14 25 50 60 63 66
2 16 36 38 61 65 70
2 17 22 26 56 57 71
3 4 8 13 18 24 49
3 5 16 17 31 50 52
3 6 7 29 56 63 70
3 10 37 41 44 51 62
3 12 14 33 47 59 71
3 15 21 32 43 48 65
3 19 25 26 34 67 69
3 20 28 35 46 60 61
3 27 38 54 57 65 66
4 5 28 32 39 56 66
4 6 25 38 44 55 59
4 7 16 46 47 57 58
4 9 10 46 48 57 69
4 12 15 22 42 51 61
4 14 20 27 31 36 45
4 19 40 52 60 62 71
4 26 29 35 41 68 70
4 30 34 37 50 54 65
5 6 9 19 22 50 67
5 7 12 24 26 38 41
5 8 11 20 24 33 65
5 9 14 43 51 54 55
5 10 21 25 27 35 53
5 13 58 61 63 67 69
5 15 16 33 40 44 57
5 23 30 42 64 70 71
5 25 30 40 47 49 61
5 29 36 37 47 60 68
6 8 33 54 61 62 68
6 10 15 17 23 36 49
6 11 14 28 37 58 71
6 12 16 30 35 51 66
6 12 19 20 27 48 64
6 13 39 45 57 60 65
6 20 40 41 43 69 70
6 26 31 32 33 53 62
7 8 25 28 36 42 69
7 9 10 16 47 48 58
7 11 15 20 30 62 67
7 13 17 44 54 60 64
7 13 21 50 59 68 70
7 18 27 39 43 61 71
7 22 23 31 34 40 66
7 32 45 49 51 52 64
8 9 17 19 35 41 45
8 14 16 21 40 56 64
8 15 19 29 39 46 55
8 26 31 32 53 54 61
8 34 38 47 51 63 71
8 37 48 52 66 67 70
9 12 18 21 29 30 31
9 13 23 37 56 59 61
9 15 28 38 52 53 64
9 20 26 42 44 63 65
9 27 33 34 49 60 70
10 11 18 51 53 57 70
10 11 19 24 50 55 61
10 12 13 40 42 54 65
10 18 33 38 45 56 67
10 28 31 63 64 66 68
11 12 36 43 44 52 56
11 13 34 35 36 43 52
11 16 22 25 29 45 54
11 23 27 32 41 47 69
11 26 46 49 59 64 66
12 15 24 34 45 58 68
12 16 32 55 60 67 71
12 17 25 39 58 62 70
12 37 40 45 46 53 63
13 14 23 29 38 62 69
13 17 20 47 53 55 66
13 22 28 30 33 41 48
14 15 18 25 41 60 66
14 17 34 44 48 56 61
14 22 24 32 44 46 70
14 35 42 49 57 67 68
15 31 35 59 65 69 71
16 18 19 23 28 44 68
16 18 20 52 54 58 59
16 24 30 53 56 60 69
16 34 39 41 42 53 59
17 18 19 32 37 42 69
17 19 30 38 43 46 68
17 24 27 28 29 40 67
18 22 35 47 62 64 65
18 26 36 40 48 55 70
19 21 23 26 51 58 60
19 29 33 42 43 58 66
19 30 32 36 57 59 63
20 21 22 37 38 39 49
21 28 34 55 57 62 64
21 36 41 46 54 67 71
22 27 52 55 63 68 69
23 24 35 39 48 54 63
23 25 28 33 46 52 65
24 25 31 37 43 57 64
26 28 43 45 47 50 70
27 35 42 46 50 56 62
29 44 48 49 50 53 71
31 41 49 55 56 58 65
33 36 39 50 51 64 69
