0 1 22
0 1 73
0 2 44
0 3 68
0 4 57
0 5 55
0 6 24
0 7 23
0 8 43
0 9 51
0 10 61
0 11 53
0 12 38
0 13 31
0 14 25
0 15 63
0 16 69
0 17 28
0 18 27
0 19 48
0 20 72
0 21 26
0 29 66
0 30 45
0 32 39
0 33 60
0 34 37
0 35 52
0 36 65
0 40 54
0 41 67
0 42 56
0 46 59
0 47 64
0 49 70
0 50 62
0 58 71
0 72 73
1 2 56
1 3 12
1 4 32
1 5 14
1 6 60
1 7 9
1 8 25
1 10 11
1 13 34
1 15 21
1 16 18
1 17 24
1 19 64
1 20 45
1 23 43
1 26 33
1 27 62
1 28 30
1 29 51
1 31 39
1 35 37
1 36 38
1 40 42
1 41 48
1 44 46
1 47 49
1 50 59
1 52 54
1 53 71
1 55 57
1 58 61
1 63 65
1 66 72
1 67 69
1 68 70
2 3 6
2 3 73
2 4 18
2 5 63
2 7 42
2 8 46
2 9 64
2 10 16
2 11 14
2 12 31
2 13 61
2 15 37
2 17 26
2 19 22
2 20 39
2 21 59
2 23 47
2 24 29
2 25 57
2 27 58
2 28 32
2 30 60
2 33 40
2 34 62
2 35 38
2 36 68
2 41 51
2 43 48
2 45 50
2 49 54
2 52 53
2 55 66
2 65 72
2 67 70
2 69 71
3 4 10
3 5 51
3 7 32
3 8 56
3 9 13
3 11 70
3 14 39
3 15 19
3 16 20
3 17 21
3 18 22
3 23 66
3 24 54
3 25 36
3 26 52
3 27 41
3 28 40
3 29 71
3 30 37
3 31 42
3 33 53
3 34 38
3 35 45
3 43 61
3 44 57
3 46 49
3 47 50
3 48 58
3 55 59
3 60 64
3 62 67
3 63 72
3 65 69
4 5 27
4 5 73
4 6 59
4 7 51
4 8 68
4 9 63
4 11 43
4 12 58
4 13 55
4 14 72
4 15 65
4 16 26
4 17 19
4 20 33
4 21 42
4 22 54
4 23 28
4 24 66
4 25 30
4 29 48
4 31 36
4 34 40
4 35 70
4 37 50
4 38 69
4 39 44
4 41 46
4 45 56
4 47 52
4 49 64
4 53 67
4 60 62
4 61 71
5 6 11
5 7 17
5 8 37
5 9 40
5 10 31
5 12 62
5 13 42
5 15 48
5 16 22
5 18 54
5 19 49
5 20 67
5 21 71
5 23 38
5 24 26
5 25 56
5 28 44
5 29 69
5 30 50
5 32 60
5 33 35
5 34 36
5 39 45
5 41 43
5 46 72
5 47 61
5 52 65
5 53 57
5 58 59
5 64 70
5 66 68
6 7 14
6 7 73
6 8 13
6 9 34
6 10 12
6 15 46
6 16 49
6 17 20
6 18 19
6 21 51
6 22 71
6 23 30
6 25 28
6 26 68
6 27 52
6 29 72
6 31 69
6 32 38
6 33 36
6 35 65
6 37 48
6 39 47
6 40 66
6 41 54
6 42 53
6 43 45
6 44 55
6 50 67
6 56 58
6 57 64
6 61 62
6 63 70
7 8 53
7 10 48
7 11 65
7 12 68
7 13 15
7 16 31
7 18 66
7 19 21
7 20 35
7 22 67
7 24 44
7 25 38
7 26 50
7 27 64
7 28 41
7 29 70
7 30 46
7 33 56
7 34 59
7 36 39
7 37 45
7 40 47
7 43 69
7 49 57
7 52 60
7 54 62
7 55 58
7 61 72
7 63 71
8 9 24
8 9 73
8 10 64
8 11 57
8 12 65
8 14 16
8 15 23
8 17 27
8 18 69
8 19 70
8 20 63
8 21 30
8 22 29
8 26 38
8 28 52
8 31 60
8 32 44
8 33 51
8 34 50
8 35 41
8 36 40
8 39 71
8 42 66
8 45 59
8 47 62
8 48 72
8 49 58
8 54 61
8 55 67
9 10 50
9 11 48
9 12 35
9 14 52
9 15 43
9 16 45
9 17 56
9 18 36
9 19 29
9 20 30
9 21 27
9 22 25
9 23 71
9 26 55
9 28 33
9 31 41
9 32 42
9 37 60
9 38 44
9 39 62
9 46 57
9 47 54
9 49 61
9 53 69
9 58 66
9 59 68
9 65 67
9 70 72
10 11 73
10 13 36
10 14 22
10 15 67
10 17 69
10 18 23
10 19 32
10 20 54
10 21 28
10 24 45
10 25 70
10 26 60
10 27 53
10 29 52
10 30 68
10 33 63
10 34 58
10 35 46
10 37 56
10 38 43
10 39 66
10 40 49
10 41 55
10 42 72
10 44 47
10 51 65
10 57 62
10 59 71
11 12 64
11 13 62
11 15 27
11 16 28
11 17 72
11 18 71
11 19 23
11 20 24
11 21 29
11 22 26
11 25 42
11 30 69
11 31 32
11 33 50
11 34 46
11 35 39
11 36 61
11 37 41
11 38 45
11 40 63
11 44 66
11 47 59
11 49 67
11 51 58
11 52 56
11 54 55
11 60 68
12 13 32
12 13 73
12 14 33
12 15 28
12 16 36
12 17 44
12 18 29
12 19 24
12 20 50
12 21 49
12 22 45
12 23 40
12 25 27
12 26 41
12 30 72
12 34 67
12 37 39
12 42 52
12 43 47
12 46 48
12 51 56
12 53 54
12 55 71
12 57 60
12 59 70
12 61 66
12 63 69
13 14 69
13 16 51
13 17 41
13 18 67
13 19 33
13 20 26
13 21 63
13 22 24
13 23 39
13 25 53
13 27 65
13 28 66
13 29 64
13 30 47
13 35 48
13 37 43
13 38 68
13 40 59
13 44 71
13 45 46
13 49 60
13 50 70
13 52 58
13 54 56
13 57 72
14 15 30
14 15 73
14 17 40
14 18 63
14 19 26
14 20 62
14 21 68
14 23 29
14 24 27
14 28 53
14 31 46
14 32 45
14 34 49
14 35 54
14 36 70
14 37 55
14 38 71
14 41 59
14 42 58
14 43 57
14 44 56
14 47 65
14 48 67
14 50 66
14 51 64
14 60 61
15 16 66
15 17 25
15 18 42
15 20 22
15 24 51
15 26 34
15 29 53
15 31 47
15 32 64
15 33 54
15 35 49
15 36 62
15 38 41
15 39 55
15 40 56
15 44 60
15 45 61
15 50 72
15 52 59
15 57 68
15 58 69
15 70 71
16 17 34
16 17 73
16 19 25
16 21 23
16 24 52
16 27 63
16 29 68
16 30 59
16 32 47
16 33 62
16 35 44
16 37 54
16 38 53
16 39 65
16 40 67
16 41 58
16 42 57
16 43 60
16 46 71
16 48 64
16 50 55
16 56 72
16 61 70
17 18 43
17 22 64
17 23 62
17 29 55
17 30 48
17 31 49
17 32 50
17 33 47
17 35 53
17 36 52
17 37 63
17 38 42
17 39 57
17 45 67
17 46 65
17 51 70
17 54 71
17 58 60
17 59 66
17 61 68
18 19 73
18 20 41
18 21 33
18 24 72
18 25 48
18 26 59
18 28 65
18 30 38
18 31 50
18 32 52
18 34 55
18 35 68
18 37 47
18 39 58
18 40 60
18 44 70
18 45 57
18 46 62
18 49 56
18 51 53
18 61 64
19 20 31
19 27 69
19 28 54
19 30 44
19 34 52
19 35 47
19 36 63
19 37 51
19 38 50
19 39 59
19 40 71
19 41 61
19 42 67
19 43 55
19 45 60
19 46 66
19 53 72
19 56 68
19 57 65
19 58 62
20 21 25
20 21 73
20 23 27
20 28 51
20 29 65
20 32 59
20 34 53
20 36 58
20 37 68
20 38 49
20 40 57
20 42 61
20 43 52
20 44 64
20 46 69
20 47 60
20 48 71
20 55 56
20 66 70
21 22 70
21 24 34
21 31 62
21 32 37
21 35 57
21 36 50
21 38 48
21 39 61
21 40 72
21 41 60
21 43 67
21 44 58
21 45 55
21 46 56
21 47 69
21 52 66
21 53 65
21 54 64
22 23 68
22 23 73
22 27 49
22 28 46
22 30 57
22 31 58
22 32 63
22 33 34
22 35 50
22 36 43
22 37 53
22 38 59
22 39 56
22 40 62
22 41 47
22 42 65
22 44 72
22 48 61
22 51 69
22 52 55
22 60 66
23 24 70
23 25 41
23 26 63
23 31 45
23 32 67
23 33 48
23 34 72
23 35 60
23 36 51
23 37 61
23 42 50
23 44 52
23 46 54
23 49 59
23 53 55
23 56 64
23 57 69
23 58 65
24 25 63
24 25 73
24 28 64
24 30 62
24 31 37
24 32 55
24 33 58
24 35 71
24 36 59
24 38 61
24 39 48
24 40 43
24 41 69
24 42 49
24 46 53
24 47 68
24 50 65
24 56 60
24 57 67
25 26 65
25 29 31
25 32 34
25 33 69
25 35 66
25 37 59
25 39 52
25 40 46
25 43 62
25 44 68
25 45 58
25 47 71
25 49 51
25 50 54
25 55 60
25 61 67
25 64 72
26 27 44
26 27 73
26 28 69
26 29 37
26 30 61
26 31 56
26 32 58
26 35 62
26 36 57
26 39 70
26 40 53
26 42 47
26 43 64
26 45 71
26 46 51
26 48 54
26 49 66
26 67 72
27 28 68
27 29 54
27 30 67
27 31 59
27 32 40
27 33 61
27 34 43
27 35 55
27 36 56
27 37 57
27 38 47
27 39 72
27 42 48
27 45 70
27 46 50
27 51 60
27 66 71
28 29 50
28 29 73
28 31 34
28 35 72
28 36 55
28 37 58
28 38 57
28 39 43
28 42 71
28 45 49
28 47 63
28 48 59
28 56 61
28 60 67
28 62 70
29 30 63
29 32 62
29 33 59
29 34 60
29 35 36
29 38 67
29 39 41
29 40 58
29 42 46
29 43 49
29 44 61
29 45 47
29 56 57
30 31 53
30 31 73
30 32 70
30 33 65
30 34 64
30 35 58
30 36 42
30 39 54
30 40 55
30 41 52
30 43 51
30 49 71
30 56 66
31 33 72
31 35 43
31 38 64
31 40 44
31 48 68
31 51 67
31 52 71
31 54 63
31 55 70
31 57 61
31 65 66
32 33 71
32 33 73
32 35 56
32 36 48
32 41 49
32 43 66
32 46 68
32 51 57
32 53 61
32 54 65
32 69 72
33 37 46
33 38 52
33 39 49
33 41 57
33 42 55
33 43 70
33 44 67
33 45 68
33 64 66
34 35 61
34 35 73
34 39 42
34 41 44
34 45 54
34 47 56
34 48 57
34 51 71
34 63 66
34 65 68
34 69 70
35 40 69
35 42 63
35 51 59
35 64 67
36 37 66
36 37 73
36 41 72
36 44 45
36 46 64
36 47 53
36 49 69
36 54 67
36 60 71
37 38 65
37 40 70
37 42 62
37 44 69
37 49 72
37 52 67
37 64 71
38 39 40
38 39 73
38 46 60
38 51 66
38 54 70
38 55 62
38 56 63
38 58 72
39 46 67
39 50 64
39 51 63
39 53 60
39 68 69
40 41 68
40 41 73
40 45 65
40 48 50
40 51 61
40 52 64
41 42 70
41 45 63
41 50 56
41 53 66
41 62 64
41 65 71
42 43 68
42 43 73
42 44 51
42 45 64
42 54 69
42 59 60
43 44 50
43 46 63
43 53 59
43 54 58
43 56 65
43 71 72
44 45 73
44 48 65
44 49 53
44 54 59
44 62 63
45 48 53
45 51 62
45 52 72
45 66 69
46 47 55
46 47 73
46 52 61
46 58 70
47 48 70
47 51 72
47 57 58
47 66 67
48 49 52
48 49 73
48 51 55
48 56 69
48 60 63
48 62 66
49 50 68
49 55 63
49 62 65
50 51 52
50 51 73
50 53 58
50 57 71
50 60 69
50 61 63
51 54 68
52 53 73
52 57 70
52 62 69
52 63 68
53 56 70
53 62 68
53 63 64
54 55 73
54 57 66
54 60 72
55 61 65
55 64 69
55 68 72
56 57 73
56 59 67
56 62 71
57 59 63
58 59 73
58 63 67
58 64 68
59 61 69
59 62 72
59 64 65
60 61 73
60 65 70
62 63 73
64 65 73
66 67 73
67 68 71
68 69 73
70 71 73
