0 1 2 3 72
0 1 4 5 73
0 1 6 7 74
0 8 24 55 71
0 9 28 48 70
0 10 31 54 63
0 11 35 44 66
0 12 34 46 68
0 13 29 49 60
0 14 33 43 64
0 15 36 47 69
0 16 30 38 61
0 17 41 50 56
0 18 25 39 62
0 19 27 32 58
0 20 42 52 57
0 21 26 37 67
0 22 45 51 59
0 23 40 53 65
1 8 39 44 63
1 9 32 46 60
1 10 38 47 71
1 11 29 52 69
1 12 31 53 64
1 13 37 43 70
1 14 24 50 68
1 15 28 51 66
1 16 45 54 58
1 17 25 33 57
1 18 42 55 67
1 19 40 48 61
1 20 26 35 56
1 21 41 49 62
1 22 27 36 65
1 23 30 34 59
2 3 4 5 74
2 3 6 7 73
2 8 26 52 61
2 9 30 53 67
2 10 27 51 62
2 11 36 43 56
2 12 33 47 59
2 13 25 50 58
2 14 34 44 57
2 15 35 46 65
2 16 42 49 66
2 17 28 39 71
2 18 45 48 69
2 19 41 55 64
2 20 31 37 60
2 21 40 54 68
2 22 24 32 70
2 23 29 38 63
3 8 29 54 67
3 9 31 49 61
3 10 28 55 58
3 11 37 41 59
3 12 38 45 56
3 13 24 48 62
3 14 39 42 65
3 15 32 40 57
3 16 43 51 69
3 17 30 36 63
3 18 46 52 66
3 19 44 53 68
3 20 27 34 70
3 21 47 50 64
3 22 26 33 60
3 23 25 35 71
4 5 6 7 72
4 8 33 41 58
4 9 36 45 62
4 10 34 40 67
4 11 24 51 57
4 12 28 50 65
4 13 35 42 61
4 14 29 53 56
4 15 31 52 59
4 16 25 37 68
4 17 47 49 70
4 18 30 32 64
4 19 26 39 69
4 20 46 55 63
4 21 27 38 66
4 22 43 54 71
4 23 44 48 60
5 8 38 43 62
5 9 37 47 58
5 10 39 46 61
5 11 25 55 65
5 12 27 48 57
5 13 32 44 67
5 14 26 49 59
5 15 30 54 56
5 16 29 34 64
5 17 40 51 60
5 18 28 33 68
5 19 24 36 66
5 20 45 53 71
5 21 31 35 69
5 22 42 50 63
5 23 41 52 70
6 8 34 42 60
6 9 35 40 63
6 10 33 45 70
6 11 26 54 64
6 12 30 49 69
6 13 36 41 71
6 14 25 48 66
6 15 27 55 68
6 16 46 50 67
6 17 29 32 59
6 18 43 53 58
6 19 47 52 62
6 20 24 38 65
6 21 44 51 61
6 22 31 39 56
6 23 28 37 57
7 8 25 51 70
7 9 27 50 71
7 10 30 52 60
7 11 32 42 68
7 12 39 40 66
7 13 26 53 63
7 14 38 41 69
7 15 37 45 64
7 16 28 35 62
7 17 44 54 65
7 18 29 36 61
7 19 31 33 67
7 20 43 48 59
7 21 24 34 58
7 22 46 49 57
7 23 47 55 56
8 9 10 11 72
8 9 12 13 73
8 9 14 15 74
8 16 32 48 56
8 17 37 53 66
8 18 31 47 57
8 19 35 50 59
8 20 36 49 68
8 21 30 45 65
8 22 28 40 69
8 23 27 46 64
9 16 26 41 57
9 17 24 42 64
9 18 34 51 56
9 19 29 43 65
9 20 25 44 69
9 21 39 55 59
9 22 38 52 68
9 23 33 54 66
10 11 12 13 74
10 11 14 15 73
10 16 24 44 59
10 17 26 43 68
10 18 37 49 65
10 19 25 42 56
10 20 29 41 66
10 21 36 53 57
10 22 35 48 64
10 23 32 50 69
11 16 31 40 71
11 17 27 45 61
11 18 38 50 60
11 19 30 46 70
11 20 28 47 67
11 21 33 48 63
11 22 34 53 62
11 23 39 49 58
12 13 14 15 72
12 16 36 55 60
12 17 35 52 58
12 18 26 44 71
12 19 37 51 63
12 20 32 54 62
12 21 29 42 70
12 22 25 41 67
12 23 24 43 61
13 16 33 52 65
13 17 34 55 69
13 18 27 40 59
13 19 38 54 57
13 20 39 51 64
13 21 28 46 56
13 22 30 47 66
13 23 31 45 68
14 16 27 47 63
14 17 31 46 62
14 18 35 54 70
14 19 28 45 60
14 20 30 40 58
14 21 32 52 71
14 22 37 55 61
14 23 36 51 67
15 16 39 53 70
15 17 38 48 67
15 18 24 41 63
15 19 34 49 71
15 20 33 50 61
15 21 25 43 60
15 22 29 44 58
15 23 26 42 62
16 17 18 19 72
16 17 20 21 73
16 17 22 23 74
18 19 20 21 74
18 19 22 23 73
20 21 22 23 72
24 25 26 27 72
24 25 28 29 73
24 25 30 31 74
24 33 40 49 56
24 35 47 53 60
24 37 46 54 69
24 39 45 52 67
25 32 45 49 63
25 34 47 54 61
25 36 40 52 64
25 38 46 53 59
26 27 28 29 74
26 27 30 31 73
26 32 47 51 65
26 34 45 50 66
26 36 46 48 58
26 38 40 55 70
27 33 42 53 69
27 35 43 49 67
27 37 44 52 56
27 39 41 54 60
28 29 30 31 72
28 32 41 53 61
28 34 43 52 63
28 36 42 54 59
28 38 44 49 64
29 33 46 51 71
29 35 45 55 57
29 37 40 50 62
29 39 47 48 68
30 33 44 55 62
30 35 41 51 68
30 37 42 48 71
30 39 43 50 57
31 32 43 55 66
31 34 41 48 65
31 36 44 50 70
31 38 42 51 58
32 33 34 35 72
32 33 36 37 73
32 33 38 39 74
34 35 36 37 74
34 35 38 39 73
36 37 38 39 72
40 41 42 43 72
40 41 44 45 73
40 41 46 47 74
42 43 44 45 74
42 43 46 47 73
44 45 46 47 72
48 49 50 51 72
48 49 52 53 73
48 49 54 55 74
50 51 52 53 74
50 51 54 55 73
52 53 54 55 72
56 57 58 62 65
56 57 61 64 74
56 59 69 70 71
56 60 63 73 74
56 66 67 68 72
57 58 59 63 66
57 60 70 71 72
57 67 68 69 73
58 59 60 64 67
58 61 71 72 73
58 68 69 70 74
59 60 61 65 68
59 62 72 73 74
60 61 62 66 69
61 62 63 67 70
62 63 64 68 71
63 64 65 69 72
64 65 66 70 73
65 66 67 71 74
