0 1 19
0 1 75
0 2 74
0 3 44
0 4 61
0 5 23
0 6 15
0 7 57
0 8 43
0 9 18
0 10 22
0 11 36
0 12 64
0 13 35
0 14 55
0 16 47
0 17 45
0 20 65
0 21 34
0 24 73
0 25 37
0 26 49
0 27 69
0 28 62
0 29 30
0 31 67
0 32 52
0 33 41
0 38 40
0 39 58
0 42 56
0 46 66
0 48 50
0 51 70
0 53 54
0 59 60
0 63 68
0 71 72
0 74 75
1 2 11
1 3 21
1 4 68
1 5 39
1 6 58
1 7 56
1 8 48
1 9 66
1 10 41
1 12 63
1 13 71
1 14 69
1 15 17
1 16 18
1 20 43
1 22 59
1 23 61
1 24 26
1 25 47
1 27 74
1 28 46
1 29 57
1 30 60
1 31 62
1 32 49
1 33 55
1 34 40
1 35 37
1 36 73
1 38 64
1 42 65
1 44 53
1 45 54
1 50 72
1 51 67
1 52 70
2 3 70
2 3 75
2 4 38
2 5 43
2 6 28
2 7 22
2 8 18
2 9 65
2 10 60
2 12 13
2 14 56
2 15 48
2 16 73
2 17 68
2 19 40
2 20 27
2 21 45
2 23 67
2 24 35
2 25 59
2 26 72
2 29 62
2 30 64
2 31 34
2 32 61
2 33 47
2 36 55
2 37 66
2 39 63
2 41 49
2 42 53
2 44 52
2 46 50
2 51 57
2 54 58
2 69 71
3 4 71
3 5 17
3 6 56
3 7 11
3 8 12
3 9 13
3 10 25
3 14 42
3 15 49
3 16 20
3 18 54
3 19 24
3 22 60
3 23 73
3 26 69
3 27 68
3 28 33
3 29 43
3 30 59
3 31 35
3 32 36
3 34 38
3 37 46
3 39 74
3 40 63
3 41 45
3 47 51
3 48 52
3 50 64
3 53 65
3 55 58
3 57 61
3 62 66
3 67 72
4 5 7
4 5 75
4 6 40
4 8 11
4 9 35
4 10 31
4 12 20
4 13 58
4 14 15
4 16 62
4 17 22
4 18 21
4 19 50
4 23 59
4 24 27
4 25 64
4 26 66
4 28 65
4 29 60
4 30 43
4 32 33
4 34 37
4 36 72
4 39 44
4 41 74
4 42 45
4 46 63
4 47 69
4 48 51
4 49 54
4 52 53
4 55 70
4 56 73
4 57 67
5 6 74
5 8 37
5 9 11
5 10 42
5 12 44
5 13 30
5 14 45
5 15 60
5 16 66
5 18 20
5 19 28
5 21 29
5 22 63
5 24 72
5 25 27
5 26 64
5 31 68
5 32 38
5 33 35
5 34 36
5 40 46
5 41 54
5 47 53
5 48 55
5 49 58
5 50 56
5 51 71
5 52 62
5 57 59
5 61 73
5 65 67
5 69 70
6 7 14
6 7 75
6 8 29
6 9 46
6 10 47
6 11 68
6 12 24
6 13 52
6 16 21
6 17 60
6 18 63
6 19 67
6 20 62
6 22 64
6 23 25
6 26 27
6 30 53
6 31 69
6 32 37
6 33 36
6 34 54
6 35 71
6 38 61
6 39 48
6 41 44
6 42 43
6 45 70
6 49 57
6 50 51
6 55 59
6 65 73
6 66 72
7 8 21
7 9 43
7 10 70
7 12 59
7 13 26
7 15 66
7 16 17
7 18 47
7 19 34
7 20 55
7 23 72
7 24 69
7 25 74
7 27 67
7 28 64
7 29 42
7 30 50
7 31 58
7 32 40
7 33 65
7 35 68
7 36 44
7 37 45
7 38 46
7 39 41
7 48 60
7 49 53
7 51 63
7 52 61
7 54 71
7 62 73
8 9 58
8 9 75
8 10 23
8 13 47
8 14 72
8 15 51
8 16 64
8 17 19
8 20 34
8 22 31
8 24 56
8 25 67
8 26 40
8 27 70
8 28 60
8 30 38
8 32 39
8 33 42
8 35 44
8 36 59
8 41 52
8 45 65
8 46 68
8 49 50
8 53 62
8 54 61
8 55 69
8 57 71
8 63 74
8 66 73
9 10 59
9 12 54
9 14 70
9 15 69
9 16 26
9 17 56
9 19 29
9 20 30
9 21 27
9 22 28
9 23 48
9 24 32
9 25 62
9 31 41
9 33 39
9 34 57
9 36 50
9 37 67
9 38 53
9 40 45
9 42 71
9 44 74
9 47 52
9 49 55
9 51 61
9 60 72
9 63 73
9 64 68
10 11 48
10 11 75
10 12 32
10 13 27
10 14 52
10 15 61
10 16 49
10 17 62
10 18 36
10 19 30
10 20 46
10 21 54
10 24 68
10 26 51
10 28 35
10 29 55
10 33 40
10 34 64
10 37 44
10 38 67
10 39 66
10 43 69
10 45 74
10 50 73
10 53 56
10 57 58
10 63 71
10 65 72
11 12 60
11 13 40
11 14 19
11 15 20
11 16 28
11 17 71
11 18 30
11 21 25
11 22 26
11 23 65
11 24 39
11 27 35
11 29 67
11 31 43
11 32 55
11 33 45
11 34 41
11 37 54
11 38 42
11 44 69
11 46 51
11 47 59
11 49 61
11 50 63
11 52 73
11 53 57
11 56 58
11 62 64
11 66 70
11 72 74
12 13 75
12 14 74
12 15 53
12 16 36
12 17 30
12 18 67
12 19 25
12 21 26
12 22 40
12 23 38
12 27 66
12 28 72
12 29 46
12 31 33
12 34 39
12 35 42
12 37 69
12 41 62
12 43 61
12 45 50
12 47 58
12 48 65
12 49 51
12 52 56
12 55 71
12 57 68
12 70 73
13 14 64
13 15 19
13 16 32
13 17 46
13 18 28
13 20 68
13 21 74
13 22 65
13 23 34
13 24 67
13 25 53
13 29 44
13 31 45
13 33 63
13 36 42
13 37 39
13 38 73
13 41 66
13 43 51
13 48 70
13 49 62
13 50 60
13 54 59
13 55 57
13 56 61
13 69 72
14 15 75
14 16 53
14 17 40
14 18 51
14 20 25
14 21 24
14 22 35
14 23 54
14 26 48
14 27 71
14 28 30
14 29 32
14 31 46
14 33 44
14 34 43
14 36 41
14 37 57
14 38 39
14 47 62
14 49 60
14 50 59
14 58 73
14 61 68
14 63 65
14 66 67
15 16 74
15 18 44
15 21 43
15 22 41
15 23 27
15 24 42
15 25 70
15 26 62
15 28 50
15 29 36
15 30 46
15 31 72
15 32 63
15 33 37
15 34 52
15 35 73
15 38 47
15 39 55
15 40 56
15 45 68
15 54 65
15 57 64
15 58 59
15 67 71
16 17 75
16 19 44
16 22 23
16 24 54
16 25 29
16 27 45
16 30 35
16 31 48
16 33 69
16 34 55
16 37 40
16 38 43
16 39 59
16 41 57
16 42 51
16 46 61
16 50 65
16 52 72
16 56 71
16 58 63
16 60 68
16 67 70
17 18 64
17 20 63
17 21 72
17 23 42
17 24 31
17 25 44
17 26 34
17 27 58
17 28 48
17 29 65
17 32 69
17 33 50
17 35 43
17 36 54
17 37 51
17 38 57
17 39 67
17 41 55
17 47 61
17 49 52
17 53 66
17 59 70
17 73 74
18 19 69
18 19 75
18 22 46
18 23 71
18 24 55
18 25 41
18 26 57
18 27 40
18 29 31
18 32 42
18 33 34
18 35 38
18 37 50
18 39 72
18 43 53
18 45 73
18 48 68
18 49 66
18 52 59
18 56 65
18 58 60
18 61 70
18 62 74
19 20 73
19 21 36
19 22 54
19 23 45
19 26 68
19 27 56
19 31 63
19 32 70
19 33 49
19 35 47
19 37 74
19 38 66
19 39 43
19 41 60
19 42 62
19 46 58
19 48 57
19 51 52
19 53 71
19 55 72
19 59 65
19 61 64
20 21 50
20 21 75
20 22 61
20 23 29
20 24 57
20 26 35
20 28 56
20 31 52
20 32 51
20 33 54
20 36 58
20 37 48
20 38 49
20 39 53
20 40 59
20 41 70
20 42 72
20 44 71
20 45 60
20 47 66
20 64 67
20 69 74
21 22 70
21 23 69
21 28 57
21 30 55
21 31 53
21 32 73
21 33 51
21 35 49
21 37 47
21 38 63
21 39 61
21 40 68
21 41 48
21 42 60
21 44 58
21 46 62
21 52 67
21 56 59
21 64 65
21 66 71
22 23 75
22 24 25
22 27 37
22 29 48
22 30 39
22 32 44
22 33 52
22 34 72
22 36 49
22 38 51
22 42 57
22 43 66
22 45 56
22 47 55
22 50 68
22 53 73
22 58 67
22 62 69
22 71 74
23 24 60
23 26 30
23 28 31
23 32 43
23 33 57
23 35 52
23 36 51
23 37 56
23 39 64
23 40 44
23 41 46
23 47 74
23 49 68
23 50 70
23 53 58
23 55 62
23 63 66
24 25 75
24 28 63
24 29 74
24 30 36
24 33 58
24 34 45
24 37 43
24 38 52
24 40 66
24 41 50
24 44 51
24 46 71
24 47 64
24 48 61
24 49 70
24 53 59
24 62 65
25 26 28
25 30 54
25 31 57
25 32 58
25 33 72
25 34 56
25 35 61
25 36 69
25 38 60
25 39 49
25 40 50
25 42 48
25 43 63
25 45 51
25 46 52
25 55 73
25 65 66
25 68 71
26 27 75
26 29 58
26 31 44
26 32 46
26 33 70
26 36 56
26 37 59
26 38 41
26 39 73
26 42 47
26 43 71
26 45 52
26 50 67
26 53 60
26 54 63
26 55 74
26 61 65
27 28 39
27 29 34
27 30 51
27 31 59
27 32 60
27 33 61
27 36 52
27 38 62
27 41 53
27 42 55
27 43 47
27 44 50
27 46 65
27 48 64
27 49 72
27 54 73
27 57 63
28 29 54
28 29 75
28 32 59
28 34 61
28 36 66
28 37 42
28 38 44
28 40 51
28 41 71
28 43 67
28 45 53
28 47 70
28 49 74
28 52 55
28 58 69
28 68 73
29 33 66
29 35 39
29 37 71
29 38 56
29 40 53
29 41 51
29 45 59
29 47 50
29 49 64
29 52 63
29 61 69
29 68 70
29 72 73
30 31 61
30 31 75
30 32 68
30 33 74
30 34 69
30 37 62
30 40 58
30 41 72
30 42 67
30 44 49
30 45 48
30 47 65
30 52 66
30 56 63
30 57 70
30 71 73
31 32 56
31 36 40
31 37 73
31 38 54
31 39 50
31 42 74
31 47 49
31 51 64
31 55 65
31 60 66
31 70 71
32 33 75
32 34 74
32 35 72
32 41 65
32 45 62
32 47 54
32 48 66
32 50 57
32 53 67
32 64 71
33 38 59
33 43 56
33 46 48
33 53 68
33 60 64
33 62 71
33 67 73
34 35 60
34 35 75
34 42 66
34 44 63
34 46 49
34 47 67
34 48 73
34 50 53
34 51 59
34 58 70
34 62 68
34 65 71
35 36 65
35 40 70
35 41 67
35 45 69
35 46 55
35 48 53
35 50 62
35 51 66
35 54 64
35 56 57
35 58 74
35 59 63
36 37 64
36 37 75
36 38 71
36 39 45
36 43 57
36 46 53
36 47 68
36 48 63
36 60 61
36 62 67
36 70 74
37 38 72
37 41 58
37 49 65
37 52 68
37 53 70
37 55 61
37 60 63
38 39 75
38 45 55
38 48 58
38 50 69
38 65 70
38 68 74
39 40 52
39 42 46
39 47 71
39 51 65
39 54 68
39 56 70
39 57 62
39 60 69
40 41 47
40 41 75
40 42 61
40 43 74
40 48 71
40 49 73
40 54 67
40 55 64
40 57 72
40 60 62
40 65 69
41 42 68
41 43 73
41 56 64
41 59 69
41 61 63
42 43 75
42 44 70
42 49 63
42 50 58
42 52 64
42 54 69
42 59 73
43 44 64
43 45 49
43 46 54
43 48 62
43 50 55
43 52 58
43 59 68
43 60 65
43 70 72
44 45 66
44 45 75
44 46 59
44 47 73
44 48 72
44 54 55
44 56 60
44 57 65
44 61 62
44 67 68
45 46 72
45 47 57
45 58 71
45 61 67
45 63 64
46 47 60
46 47 75
46 56 69
46 57 73
46 64 70
46 67 74
47 48 56
47 63 72
48 49 69
48 49 75
48 54 74
48 59 67
49 56 67
49 59 71
50 51 75
50 52 54
50 61 71
50 66 74
51 53 69
51 54 72
51 55 68
51 56 74
51 58 62
51 60 73
52 53 75
52 57 69
52 60 71
52 65 74
53 55 63
53 61 72
53 64 74
54 55 75
54 56 62
54 57 66
54 60 70
55 56 66
55 60 67
56 57 75
56 68 72
57 60 74
58 59 75
58 61 66
58 64 72
58 65 68
59 61 74
59 62 72
59 64 66
60 61 75
62 63 70
62 63 75
63 67 69
64 65 75
64 69 73
66 67 75
66 68 69
68 69 75
70 71 75
72 73 75
