0 1 2 5 6 8 74 78
0 2 3 5 6 7 76 77
0 2 4 5 6 72 73 75
0 9 18 27 43 49 60 67
0 10 25 31 38 50 62 63
0 11 22 30 39 48 61 71
0 12 24 34 37 45 55 69
0 13 26 33 44 51 54 70
0 14 21 28 36 52 56 65
0 15 20 32 40 53 57 68
0 16 23 35 42 46 59 64
0 17 19 29 41 47 58 66
1 3 4 7 8 73 74 75
1 8 54 55 56 72 76 77
1 9 21 35 38 47 54 71
1 10 19 28 40 46 61 69
1 11 25 27 37 53 58 64
1 12 20 31 44 49 59 65
1 13 18 32 39 50 56 66
1 14 26 34 41 48 60 63
1 15 23 29 43 52 55 70
1 16 24 30 36 51 57 67
1 17 22 33 42 45 62 68
2 9 19 33 39 53 55 65
2 10 23 30 37 49 54 66
2 11 20 29 42 51 56 63
2 12 18 35 36 48 58 68
2 13 25 28 41 45 59 67
2 14 22 27 38 46 57 70
2 15 21 34 44 50 61 64
2 16 26 32 43 47 62 69
2 17 24 31 40 52 60 71
3 9 22 32 37 52 59 63
3 10 24 27 44 47 56 68
3 11 23 33 36 50 60 69
3 12 21 30 41 53 62 70
3 13 19 34 42 49 57 71
3 14 25 35 40 51 55 66
3 15 26 31 39 46 58 67
3 16 18 29 38 45 61 65
3 17 20 28 43 48 54 64
3 26 33 38 71 72 74 78
3 41 48 62 68 76 77 78
4 9 25 29 44 48 57 69
4 10 20 35 39 45 60 70
4 11 24 32 41 46 54 65
4 12 26 27 42 52 61 66
4 13 22 31 36 47 55 64
4 14 19 30 43 50 59 68
4 15 18 28 37 51 62 71
4 16 17 30 59 76 77 78
4 16 21 33 40 49 58 63
4 17 23 34 38 53 56 67
5 9 20 34 36 46 62 66
5 10 18 33 41 52 57 64
5 11 26 28 38 49 55 68
5 12 22 29 40 50 54 67
5 13 24 35 43 53 61 63
5 14 23 32 44 45 58 71
5 15 25 30 42 47 60 65
5 16 19 31 37 48 56 70
5 17 21 27 39 51 59 69
6 9 26 30 40 45 56 64
6 10 22 34 43 51 58 65
6 11 19 35 44 52 62 67
6 12 23 28 39 47 57 63
6 13 21 29 37 46 60 68
6 14 18 31 42 53 54 69
6 15 24 33 38 48 59 66
6 16 20 27 41 50 55 71
6 17 25 32 36 49 61 70
7 9 24 28 42 50 58 70
7 10 13 19 35 72 74 78
7 10 26 29 36 53 59 71
7 11 21 31 43 45 57 66
7 12 19 32 38 51 60 64
7 13 23 27 40 48 62 65
7 14 20 33 37 47 61 67
7 15 22 35 41 49 56 69
7 16 25 34 39 52 54 68
7 17 18 30 44 46 55 63
8 9 23 31 41 51 61 68
8 10 21 32 42 48 55 67
8 11 18 34 40 47 59 70
8 12 25 33 43 46 56 71
8 13 20 30 38 52 58 69
8 14 24 29 39 49 62 64
8 15 19 27 36 45 54 63
8 16 22 28 44 53 60 66
8 17 26 35 37 50 57 65
9 10 11 13 14 15 76 77
9 12 14 15 16 17 72 74
9 42 44 45 51 73 75 78
10 11 12 13 16 17 73 75
11 23 37 43 70 72 74 78
12 32 39 47 61 76 77 78
14 18 24 29 64 73 75 78
15 27 40 53 66 73 75 78
18 19 21 23 24 26 76 77
18 20 21 22 24 25 72 74
19 20 22 23 25 26 73 75
20 22 25 31 50 76 77 78
21 28 34 65 71 73 75 78
27 28 29 30 31 32 72 74
27 28 29 33 34 35 76 77
30 31 32 33 34 35 73 75
34 46 49 52 67 72 74 78
36 37 38 39 41 43 73 75
36 39 40 41 42 44 72 74
36 55 58 63 69 76 77 78
37 38 40 42 43 44 76 77
45 46 49 51 52 53 76 77
45 47 48 50 51 53 72 74
46 47 48 49 50 52 73 75
54 56 57 58 60 72 75 78
54 56 58 59 61 62 73 74
55 57 59 60 61 62 72 75
55 57 60 73 74 75 76 77
63 64 65 66 68 69 72 74
63 67 68 69 70 71 73 75
64 65 66 67 70 71 76 77
