0 1 4 18
0 2 14 19
0 3 7 10
0 5 8 17
0 6 11 13
0 6 12 15
0 9 11 16
0 20 43 72
0 21 42 71
0 22 41 70
0 23 40 74
0 24 44 73
0 25 48 77
0 26 47 76
0 27 46 75
0 28 45 79
0 29 49 78
0 30 53 62
0 31 52 61
0 32 51 60
0 33 50 64
0 34 54 63
0 35 58 67
0 36 57 66
0 37 56 65
0 38 55 69
0 39 59 68
1 2 8 10
1 3 9 19
1 5 11 14
1 6 13 17
1 7 12 16
1 15 16 19
1 20 42 70
1 21 41 74
1 22 40 73
1 23 44 72
1 24 43 71
1 25 47 75
1 26 46 79
1 27 45 78
1 28 49 77
1 29 48 76
1 30 52 60
1 31 51 64
1 32 50 63
1 33 54 62
1 34 53 61
1 35 57 65
1 36 56 69
1 37 55 68
1 38 59 67
1 39 58 66
2 3 11 18
2 4 6 19
2 5 9 12
2 7 15 17
2 13 16 18
2 20 41 73
2 21 40 72
2 22 44 71
2 23 43 70
2 24 42 74
2 25 46 78
2 26 45 77
2 27 49 76
2 28 48 75
2 29 47 79
2 30 51 63
2 31 50 62
2 32 54 61
2 33 53 60
2 34 52 64
2 35 56 68
2 36 55 67
2 37 59 66
2 38 58 65
2 39 57 69
3 4 12 17
3 5 6 16
3 8 13 15
3 12 13 14
3 20 40 71
3 21 44 70
3 22 43 74
3 23 42 73
3 24 41 72
3 25 45 76
3 26 49 75
3 27 48 79
3 28 47 78
3 29 46 77
3 30 50 61
3 31 54 60
3 32 53 64
3 33 52 63
3 34 51 62
3 35 55 66
3 36 59 65
3 37 58 69
3 38 57 68
3 39 56 67
4 5 8 16
4 7 9 13
4 10 11 12
4 10 14 15
4 20 44 74
4 21 43 73
4 22 42 72
4 23 41 71
4 24 40 70
4 25 49 79
4 26 48 78
4 27 47 77
4 28 46 76
4 29 45 75
4 30 54 64
4 31 53 63
4 32 52 62
4 33 51 61
4 34 50 60
4 35 59 69
4 36 58 68
4 37 57 67
4 38 56 66
4 39 55 65
5 7 15 18
5 10 13 19
5 20 48 62
5 21 47 61
5 22 46 60
5 23 45 64
5 24 49 63
5 25 43 67
5 26 42 66
5 27 41 65
5 28 40 69
5 29 44 68
5 30 58 72
5 31 57 71
5 32 56 70
5 33 55 74
5 34 59 73
5 35 53 77
5 36 52 76
5 37 51 75
5 38 50 79
5 39 54 78
6 7 8 14
6 9 10 18
6 20 47 60
6 21 46 64
6 22 45 63
6 23 49 62
6 24 48 61
6 25 42 65
6 26 41 69
6 27 40 68
6 28 44 67
6 29 43 66
6 30 57 70
6 31 56 74
6 32 55 73
6 33 59 72
6 34 58 71
6 35 52 75
6 36 51 79
6 37 50 78
6 38 54 77
6 39 53 76
7 11 17 19
7 20 46 63
7 21 45 62
7 22 49 61
7 23 48 60
7 24 47 64
7 25 41 68
7 26 40 67
7 27 44 66
7 28 43 65
7 29 42 69
7 30 56 73
7 31 55 72
7 32 59 71
7 33 58 70
7 34 57 74
7 35 51 78
7 36 50 77
7 37 54 76
7 38 53 75
7 39 52 79
8 9 11 15
8 12 18 19
8 20 45 61
8 21 49 60
8 22 48 64
8 23 47 63
8 24 46 62
8 25 40 66
8 26 44 65
8 27 43 69
8 28 42 68
8 29 41 67
8 30 55 71
8 31 59 70
8 32 58 74
8 33 57 73
8 34 56 72
8 35 50 76
8 36 54 75
8 37 53 79
8 38 52 78
8 39 51 77
9 14 17 18
9 20 49 64
9 21 48 63
9 22 47 62
9 23 46 61
9 24 45 60
9 25 44 69
9 26 43 68
9 27 42 67
9 28 41 66
9 29 40 65
9 30 59 74
9 31 58 73
9 32 57 72
9 33 56 71
9 34 55 70
9 35 54 79
9 36 53 78
9 37 52 77
9 38 51 76
9 39 50 75
10 14 16 17
10 20 53 67
10 21 52 66
10 22 51 65
10 23 50 69
10 24 54 68
10 25 58 62
10 26 57 61
10 27 56 60
10 28 55 64
10 29 59 63
10 30 43 77
10 31 42 76
10 32 41 75
10 33 40 79
10 34 44 78
10 35 48 72
10 36 47 71
10 37 46 70
10 38 45 74
10 39 49 73
11 20 52 65
11 21 51 69
11 22 50 68
11 23 54 67
11 24 53 66
11 25 57 60
11 26 56 64
11 27 55 63
11 28 59 62
11 29 58 61
11 30 42 75
11 31 41 79
11 32 40 78
11 33 44 77
11 34 43 76
11 35 47 70
11 36 46 74
11 37 45 73
11 38 49 72
11 39 48 71
12 20 51 68
12 21 50 67
12 22 54 66
12 23 53 65
12 24 52 69
12 25 56 63
12 26 55 62
12 27 59 61
12 28 58 60
12 29 57 64
12 30 41 78
12 31 40 77
12 32 44 76
12 33 43 75
12 34 42 79
12 35 46 73
12 36 45 72
12 37 49 71
12 38 48 70
12 39 47 74
13 20 50 66
13 21 54 65
13 22 53 69
13 23 52 68
13 24 51 67
13 25 55 61
13 26 59 60
13 27 58 64
13 28 57 63
13 29 56 62
13 30 40 76
13 31 44 75
13 32 43 79
13 33 42 78
13 34 41 77
13 35 45 71
13 36 49 70
13 37 48 74
13 38 47 73
13 39 46 72
14 20 54 69
14 21 53 68
14 22 52 67
14 23 51 66
14 24 50 65
14 25 59 64
14 26 58 63
14 27 57 62
14 28 56 61
14 29 55 60
14 30 44 79
14 31 43 78
14 32 42 77
14 33 41 76
14 34 40 75
14 35 49 74
14 36 48 73
14 37 47 72
14 38 46 71
14 39 45 70
15 20 58 77
15 21 57 76
15 22 56 75
15 23 55 79
15 24 59 78
15 25 53 72
15 26 52 71
15 27 51 70
15 28 50 74
15 29 54 73
15 30 48 67
15 31 47 66
15 32 46 65
15 33 45 69
15 34 49 68
15 35 43 62
15 36 42 61
15 37 41 60
15 38 40 64
15 39 44 63
16 20 57 75
16 21 56 79
16 22 55 78
16 23 59 77
16 24 58 76
16 25 52 70
16 26 51 74
16 27 50 73
16 28 54 72
16 29 53 71
16 30 47 65
16 31 46 69
16 32 45 68
16 33 49 67
16 34 48 66
16 35 42 60
16 36 41 64
16 37 40 63
16 38 44 62
16 39 43 61
17 20 56 78
17 21 55 77
17 22 59 76
17 23 58 75
17 24 57 79
17 25 51 73
17 26 50 72
17 27 54 71
17 28 53 70
17 29 52 74
17 30 46 68
17 31 45 67
17 32 49 66
17 33 48 65
17 34 47 69
17 35 41 63
17 36 40 62
17 37 44 61
17 38 43 60
17 39 42 64
18 20 55 76
18 21 59 75
18 22 58 79
18 23 57 78
18 24 56 77
18 25 50 71
18 26 54 70
18 27 53 74
18 28 52 73
18 29 51 72
18 30 45 66
18 31 49 65
18 32 48 69
18 33 47 68
18 34 46 67
18 35 40 61
18 36 44 60
18 37 43 64
18 38 42 63
18 39 41 62
19 20 59 79
19 21 58 78
19 22 57 77
19 23 56 76
19 24 55 75
19 25 54 74
19 26 53 73
19 27 52 72
19 28 51 71
19 29 50 70
19 30 49 69
19 31 48 68
19 32 47 67
19 33 46 66
19 34 45 65
19 35 44 64
19 36 43 63
19 37 42 62
19 38 41 61
19 39 40 60
20 21 24 38
20 22 34 39
20 23 27 30
20 25 28 37
20 26 31 33
20 26 32 35
20 29 31 36
21 22 28 30
21 23 29 39
21 25 31 34
21 26 33 37
21 27 32 36
21 35 36 39
22 23 31 38
22 24 26 39
22 25 29 32
22 27 35 37
22 33 36 38
23 24 32 37
23 25 26 36
23 28 33 35
23 32 33 34
24 25 28 36
24 27 29 33
24 30 31 32
24 30 34 35
25 27 35 38
25 30 33 39
26 27 28 34
26 29 30 38
27 31 37 39
28 29 31 35
28 32 38 39
29 34 37 38
30 34 36 37
40 41 44 58
40 42 54 59
40 43 47 50
40 45 48 57
40 46 51 53
40 46 52 55
40 49 51 56
41 42 48 50
41 43 49 59
41 45 51 54
41 46 53 57
41 47 52 56
41 55 56 59
42 43 51 58
42 44 46 59
42 45 49 52
42 47 55 57
42 53 56 58
43 44 52 57
43 45 46 56
43 48 53 55
43 52 53 54
44 45 48 56
44 47 49 53
44 50 51 52
44 50 54 55
45 47 55 58
45 50 53 59
46 47 48 54
46 49 50 58
47 51 57 59
48 49 51 55
48 52 58 59
49 54 57 58
50 54 56 57
60 61 64 78
60 62 74 79
60 63 67 70
60 65 68 77
60 66 71 73
60 66 72 75
60 69 71 76
61 62 68 70
61 63 69 79
61 65 71 74
61 66 73 77
61 67 72 76
61 75 76 79
62 63 71 78
62 64 66 79
62 65 69 72
62 67 75 77
62 73 76 78
63 64 72 77
63 65 66 76
63 68 73 75
63 72 73 74
64 65 68 76
64 67 69 73
64 70 71 72
64 70 74 75
65 67 75 78
65 70 73 79
66 67 68 74
66 69 70 78
67 71 77 79
68 69 71 75
68 72 78 79
69 74 77 78
70 74 76 77
