0 1 9 19
0 2 13 25
0 3 17 32
0 4 24 46
0 5 26 53
0 5 45 52
0 6 34 50
0 7 38 43
0 8 18 82
0 10 74 75
0 11 23 81
0 12 70 72
0 14 29 80
0 15 66 69
0 16 49 55
0 20 42 79
0 21 48 78
0 22 59 63
0 27 57 62
0 28 44 77
0 30 35 56
0 31 36 76
0 33 39 67
0 37 41 61
0 40 47 78
0 51 54 68
0 58 60 71
0 64 65 73
1 2 10 20
1 3 14 26
1 4 18 33
1 5 25 47
1 6 27 54
1 6 46 53
1 7 35 51
1 8 39 44
1 11 75 76
1 12 24 82
1 13 71 73
1 15 30 81
1 16 67 70
1 17 50 56
1 21 43 80
1 22 49 79
1 23 60 64
1 28 58 63
1 29 45 78
1 31 36 57
1 32 37 77
1 34 40 68
1 38 42 62
1 41 48 79
1 52 55 69
1 59 61 72
1 65 66 74
2 3 11 21
2 4 15 27
2 5 19 34
2 6 26 48
2 7 28 55
2 7 47 54
2 8 36 52
2 9 40 45
2 12 76 77
2 14 72 74
2 16 31 82
2 17 68 71
2 18 51 57
2 22 44 81
2 23 50 80
2 24 61 65
2 29 59 64
2 30 46 79
2 32 37 58
2 33 38 78
2 35 41 69
2 39 43 63
2 42 49 80
2 53 56 70
2 60 62 73
2 66 67 75
3 4 12 22
3 5 16 28
3 6 20 35
3 7 27 49
3 8 29 56
3 8 48 55
3 9 37 53
3 10 41 46
3 13 77 78
3 15 73 75
3 18 69 72
3 19 52 58
3 23 45 82
3 24 51 81
3 25 62 66
3 30 60 65
3 31 47 80
3 33 38 59
3 34 39 79
3 36 42 70
3 40 44 64
3 43 50 81
3 54 57 71
3 61 63 74
3 67 68 76
4 5 13 23
4 6 17 29
4 7 21 36
4 8 28 50
4 9 30 57
4 9 49 56
4 10 38 54
4 11 42 47
4 14 78 79
4 16 74 76
4 19 70 73
4 20 53 59
4 25 52 82
4 26 63 67
4 31 61 66
4 32 48 81
4 34 39 60
4 35 40 80
4 37 43 71
4 41 45 65
4 44 51 82
4 55 58 72
4 62 64 75
4 68 69 77
5 6 14 24
5 7 18 30
5 8 22 37
5 9 29 51
5 10 31 58
5 10 50 57
5 11 39 55
5 12 43 48
5 15 79 80
5 17 75 77
5 20 71 74
5 21 54 60
5 27 64 68
5 32 62 67
5 33 49 82
5 35 40 61
5 36 41 81
5 38 44 72
5 42 46 66
5 56 59 73
5 63 65 76
5 69 70 78
6 7 15 25
6 8 19 31
6 9 23 38
6 10 30 52
6 11 32 59
6 11 51 58
6 12 40 56
6 13 44 49
6 16 80 81
6 18 76 78
6 21 72 75
6 22 55 61
6 28 65 69
6 33 63 68
6 36 41 62
6 37 42 82
6 39 45 73
6 43 47 67
6 57 60 74
6 64 66 77
6 70 71 79
7 8 16 26
7 9 20 32
7 10 24 39
7 11 31 53
7 12 33 60
7 12 52 59
7 13 41 57
7 14 45 50
7 17 81 82
7 19 77 79
7 22 73 76
7 23 56 62
7 29 66 70
7 34 64 69
7 37 42 63
7 40 46 74
7 44 48 68
7 58 61 75
7 65 67 78
7 71 72 80
8 9 17 27
8 10 21 33
8 11 25 40
8 12 32 54
8 13 34 61
8 13 53 60
8 14 42 58
8 15 46 51
8 20 78 80
8 23 74 77
8 24 57 63
8 30 67 71
8 35 65 70
8 38 43 64
8 41 47 75
8 45 49 69
8 59 62 76
8 66 68 79
8 72 73 81
9 10 18 28
9 11 22 34
9 12 26 41
9 13 33 55
9 14 35 62
9 14 54 61
9 15 43 59
9 16 47 52
9 21 79 81
9 24 75 78
9 25 58 64
9 31 68 72
9 36 66 71
9 39 44 65
9 42 48 76
9 46 50 70
9 60 63 77
9 67 69 80
9 73 74 82
10 11 19 29
10 12 23 35
10 13 27 42
10 14 34 56
10 15 36 63
10 15 55 62
10 16 44 60
10 17 48 53
10 22 80 82
10 25 76 79
10 26 59 65
10 32 69 73
10 37 67 72
10 40 45 66
10 43 49 77
10 47 51 71
10 61 64 78
10 68 70 81
11 12 20 30
11 13 24 36
11 14 28 43
11 15 35 57
11 16 37 64
11 16 56 63
11 17 45 61
11 18 49 54
11 26 77 80
11 27 60 66
11 33 70 74
11 38 68 73
11 41 46 67
11 44 50 78
11 48 52 72
11 62 65 79
11 69 71 82
12 13 21 31
12 14 25 37
12 15 29 44
12 16 36 58
12 17 38 65
12 17 57 64
12 18 46 62
12 19 50 55
12 27 78 81
12 28 61 67
12 34 71 75
12 39 69 74
12 42 47 68
12 45 51 79
12 49 53 73
12 63 66 80
13 14 22 32
13 15 26 38
13 16 30 45
13 17 37 59
13 18 39 66
13 18 58 65
13 19 47 63
13 20 51 56
13 28 79 82
13 29 62 68
13 35 72 76
13 40 70 75
13 43 48 69
13 46 52 80
13 50 54 74
13 64 67 81
14 15 23 33
14 16 27 39
14 17 31 46
14 18 38 60
14 19 40 67
14 19 59 66
14 20 48 64
14 21 52 57
14 30 63 69
14 36 73 77
14 41 71 76
14 44 49 70
14 47 53 81
14 51 55 75
14 65 68 82
15 16 24 34
15 17 28 40
15 18 32 47
15 19 39 61
15 20 41 68
15 20 60 67
15 21 49 65
15 22 53 58
15 31 64 70
15 37 74 78
15 42 72 77
15 45 50 71
15 48 54 82
15 52 56 76
16 17 25 35
16 18 29 41
16 19 33 48
16 20 40 62
16 21 42 69
16 21 61 68
16 22 50 66
16 23 54 59
16 32 65 71
16 38 75 79
16 43 73 78
16 46 51 72
16 53 57 77
17 18 26 36
17 19 30 42
17 20 34 49
17 21 41 63
17 22 43 70
17 22 62 69
17 23 51 67
17 24 55 60
17 33 66 72
17 39 76 80
17 44 74 79
17 47 52 73
17 54 58 78
18 19 27 37
18 20 31 43
18 21 35 50
18 22 42 64
18 23 44 71
18 23 63 70
18 24 52 68
18 25 56 61
18 34 67 73
18 40 77 81
18 45 75 80
18 48 53 74
18 55 59 79
19 20 28 38
19 21 32 44
19 22 36 51
19 23 43 65
19 24 45 72
19 24 64 71
19 25 53 69
19 26 57 62
19 35 68 74
19 41 78 82
19 46 76 81
19 49 54 75
19 56 60 80
20 21 29 39
20 22 33 45
20 23 37 52
20 24 44 66
20 25 46 73
20 25 65 72
20 26 54 70
20 27 58 63
20 36 69 75
20 47 77 82
20 50 55 76
20 57 61 81
21 22 30 40
21 23 34 46
21 24 38 53
21 25 45 67
21 26 47 74
21 26 66 73
21 27 55 71
21 28 59 64
21 37 70 76
21 51 56 77
21 58 62 82
22 23 31 41
22 24 35 47
22 25 39 54
22 26 46 68
22 27 48 75
22 27 67 74
22 28 56 72
22 29 60 65
22 38 71 77
22 52 57 78
23 24 32 42
23 25 36 48
23 26 40 55
23 27 47 69
23 28 49 76
23 28 68 75
23 29 57 73
23 30 61 66
23 39 72 78
23 53 58 79
24 25 33 43
24 26 37 49
24 27 41 56
24 28 48 70
24 29 50 77
24 29 69 76
24 30 58 74
24 31 62 67
24 40 73 79
24 54 59 80
25 26 34 44
25 27 38 50
25 28 42 57
25 29 49 71
25 30 51 78
25 30 70 77
25 31 59 75
25 32 63 68
25 41 74 80
25 55 60 81
26 27 35 45
26 28 39 51
26 29 43 58
26 30 50 72
26 31 52 79
26 31 71 78
26 32 60 76
26 33 64 69
26 42 75 81
26 56 61 82
27 28 36 46
27 29 40 52
27 30 44 59
27 31 51 73
27 32 53 80
27 32 72 79
27 33 61 77
27 34 65 70
27 43 76 82
28 29 37 47
28 30 41 53
28 31 45 60
28 32 52 74
28 33 54 81
28 33 73 80
28 34 62 78
28 35 66 71
29 30 38 48
29 31 42 54
29 32 46 61
29 33 53 75
29 34 55 82
29 34 74 81
29 35 63 79
29 36 67 72
30 31 39 49
30 32 43 55
30 33 47 62
30 34 54 76
30 35 75 82
30 36 64 80
30 37 68 73
31 32 40 50
31 33 44 56
31 34 48 63
31 35 55 77
31 37 65 81
31 38 69 74
32 33 41 51
32 34 45 57
32 35 49 64
32 36 56 78
32 38 66 82
32 39 70 75
33 34 42 52
33 35 46 58
33 36 50 65
33 37 57 79
33 40 71 76
34 35 43 53
34 36 47 59
34 37 51 66
34 38 58 80
34 41 72 77
35 36 44 54
35 37 48 60
35 38 52 67
35 39 59 81
35 42 73 78
36 37 45 55
36 38 49 61
36 39 53 68
36 40 60 82
36 43 74 79
37 38 46 56
37 39 50 62
37 40 54 69
37 44 75 80
38 39 47 57
38 40 51 63
38 41 55 70
38 45 76 81
39 40 48 58
39 41 52 64
39 42 56 71
39 46 77 82
40 41 49 59
40 42 53 65
40 43 57 72
41 42 50 60
41 43 54 66
41 44 58 73
42 43 51 61
42 44 55 67
42 45 59 74
43 44 52 62
43 45 56 68
43 46 60 75
44 45 53 63
44 46 57 69
44 47 61 76
45 46 54 64
45 47 58 70
45 48 62 77
46 47 55 65
46 48 59 71
46 49 63 78
47 48 56 66
47 49 60 72
47 50 64 79
48 49 57 67
48 50 61 73
48 51 65 80
49 50 58 68
49 51 62 74
49 52 66 81
50 51 59 69
50 52 63 75
50 53 67 82
51 52 60 70
51 53 64 76
52 53 61 71
52 54 65 77
53 54 62 72
53 55 66 78
54 55 63 73
54 56 67 79
55 56 64 74
55 57 68 80
56 57 65 75
56 58 69 81
57 58 66 76
57 59 70 82
58 59 67 77
59 60 68 78
60 61 69 79
61 62 70 80
62 63 71 81
63 64 72 82
