0 1 2 3 8 9
0 1 4 5 12 13
0 1 6 7 10 11
0 14 28 42 56 70
0 15 29 43 57 71
0 16 31 48 58 72
0 17 30 46 59 73
0 18 35 53 60 74
0 19 38 44 61 75
0 20 39 50 62 76
0 21 32 54 63 77
0 22 40 51 64 78
0 23 41 47 65 79
0 24 36 49 66 80
0 25 34 55 67 81
0 26 37 52 68 82
0 27 33 45 69 83
1 14 30 47 64 82
1 15 37 50 60 77
1 16 36 54 57 79
1 17 38 53 67 83
1 18 28 52 62 73
1 19 34 46 69 71
1 20 33 42 65 80
1 21 31 55 66 78
1 22 29 45 63 76
1 23 40 49 56 81
1 24 32 51 58 75
1 25 41 48 68 74
1 26 35 43 61 72
1 27 39 44 59 70
2 3 4 5 10 11
2 3 6 7 12 13
2 14 39 54 65 78
2 15 35 47 56 80
2 16 30 44 63 83
2 17 31 45 64 75
2 18 33 50 66 71
2 19 32 48 62 81
2 20 37 55 58 73
2 21 40 46 67 70
2 22 41 52 61 77
2 23 34 42 57 74
2 24 28 53 68 76
2 25 29 49 69 72
2 26 38 51 59 79
2 27 36 43 60 82
3 14 37 45 67 71
3 15 41 46 62 83
3 16 32 49 68 78
3 17 39 52 58 74
3 18 38 42 64 72
3 19 40 55 60 80
3 20 30 54 61 81
3 21 36 48 56 75
3 22 35 44 69 79
3 23 33 43 59 76
3 24 31 47 57 77
3 25 28 51 63 82
3 26 34 53 66 70
3 27 29 50 65 73
4 5 6 7 8 9
4 14 40 53 62 72
4 15 38 45 58 78
4 16 41 42 69 76
4 17 37 49 63 79
4 18 32 46 57 80
4 19 33 47 68 70
4 20 35 52 59 75
4 21 34 50 61 82
4 22 39 43 66 81
4 23 28 48 60 83
4 24 29 54 67 74
4 25 36 44 64 73
4 26 30 55 65 77
4 27 31 51 56 71
5 14 36 55 59 83
5 15 31 52 69 81
5 16 39 47 60 75
5 17 29 48 61 80
5 18 34 51 65 76
5 19 41 54 66 73
5 20 40 44 68 71
5 21 28 43 58 79
5 22 32 42 67 82
5 23 38 50 63 70
5 24 37 46 56 72
5 25 35 45 62 77
5 26 33 49 64 74
5 27 30 53 57 78
6 14 32 43 69 74
6 15 33 53 63 75
6 16 28 55 61 71
6 17 40 47 66 76
6 18 29 44 56 77
6 19 39 51 57 72
6 20 34 48 64 79
6 21 35 49 65 83
6 22 37 54 62 70
6 23 36 52 67 78
6 24 41 45 59 82
6 25 30 50 58 80
6 26 31 42 60 73
6 27 38 46 68 81
7 14 35 51 68 73
7 15 32 55 64 76
7 16 38 43 62 80
7 17 33 54 56 82
7 18 41 49 58 70
7 19 31 50 67 79
7 20 36 53 69 77
7 21 29 42 59 81
7 22 28 46 65 75
7 23 30 45 66 72
7 24 34 44 60 78
7 25 40 52 57 83
7 26 39 48 63 71
7 27 37 47 61 74
8 9 10 11 12 13
8 14 33 44 58 81
8 15 40 48 65 82
8 16 34 45 56 73
8 17 35 55 57 70
8 18 30 43 67 75
8 19 28 49 59 77
8 20 31 46 63 74
8 21 41 53 64 71
8 22 36 50 68 72
8 23 37 51 69 80
8 24 39 42 61 83
8 25 38 54 60 76
8 26 29 47 62 78
8 27 32 52 66 79
9 14 41 50 57 75
9 15 39 49 67 73
9 16 37 53 65 81
9 17 34 43 68 77
9 18 40 45 61 79
9 19 35 42 63 78
9 20 29 51 66 83
9 21 33 52 60 72
9 22 38 55 56 74
9 23 31 44 62 82
9 24 30 48 69 70
9 25 32 47 59 71
9 26 36 46 58 76
9 27 28 54 64 80
10 14 31 49 61 76
10 15 34 54 59 72
10 16 35 46 66 82
10 17 28 50 69 78
10 18 36 47 63 81
10 19 37 43 64 83
10 20 32 45 60 70
10 21 30 51 62 74
10 22 33 48 57 73
10 23 29 55 68 75
10 24 38 52 65 71
10 25 39 53 56 79
10 26 41 44 67 80
10 27 40 42 58 77
11 14 38 48 66 77
11 15 30 42 68 79
11 16 29 52 64 70
11 17 41 51 60 81
11 18 39 55 69 82
11 19 36 45 65 74
11 20 28 47 67 72
11 21 37 44 57 76
11 22 31 53 59 80
11 23 35 54 58 71
11 24 40 43 63 73
11 25 33 46 61 78
11 26 32 50 56 83
11 27 34 49 62 75
12 14 29 46 60 79
12 15 28 44 66 74
12 16 33 51 67 77
12 17 36 42 62 71
12 18 37 48 59 78
12 19 30 52 56 76
12 20 38 49 57 82
12 21 39 45 68 80
12 22 34 47 58 83
12 23 32 53 61 73
12 24 35 50 64 81
12 25 31 43 65 70
12 26 40 54 69 75
12 27 41 55 63 72
13 14 34 52 63 80
13 15 36 51 61 70
13 16 40 50 59 74
13 17 32 44 65 72
13 18 31 54 68 83
13 19 29 53 58 82
13 20 41 43 56 78
13 21 38 47 69 73
13 22 30 49 60 71
13 23 39 46 64 77
13 24 33 55 62 79
13 25 37 42 66 75
13 26 28 45 57 81
13 27 35 48 67 76
14 15 16 17 22 23
14 15 18 19 26 27
14 15 20 21 24 25
16 17 18 19 24 25
16 17 20 21 26 27
18 19 20 21 22 23
22 23 24 25 26 27
28 29 30 31 36 37
28 29 32 33 40 41
28 29 34 35 38 39
30 31 32 33 38 39
30 31 34 35 40 41
32 33 34 35 36 37
36 37 38 39 40 41
42 43 44 45 50 51
42 43 46 47 54 55
42 43 48 49 52 53
44 45 46 47 52 53
44 45 48 49 54 55
46 47 48 49 50 51
50 51 52 53 54 55
56 57 58 59 64 65
56 57 60 61 68 69
56 57 62 63 66 67
58 59 60 61 66 67
58 59 62 63 68 69
60 61 62 63 64 65
64 65 66 67 68 69
70 71 72 73 78 79
70 71 74 75 82 83
70 71 76 77 80 81
72 73 74 75 80 81
72 73 76 77 82 83
74 75 76 77 78 79
78 79 80 81 82 83
