0 1 3 4 5 6 7
0 1 12 22 56 59 72
0 2 18 38 43 62 83
0 3 35 37 39 58 73
0 5 19 33 40 46 69
0 6 14 26 66 67 77
0 7 24 28 42 47 81
0 8 20 31 49 60 79
0 9 30 52 61 63 80
0 10 11 21 32 41 65
0 13 34 44 48 53 71
0 15 25 45 51 68 78
0 16 17 55 57 64 82
0 23 27 29 36 70 74
0 23 27 29 36 75 76
0 43 44 45 50 54 57
1 2 10 27 53 57 58
1 3 18 47 65 75 79
1 4 14 19 31 41 48
1 5 52 55 68 74 81
1 7 8 23 37 51 63
1 9 11 26 43 64 70
1 13 20 30 33 54 77
1 15 36 38 46 67 80
1 16 34 45 49 50 66
1 17 21 24 25 60 62
1 17 21 24 25 61 71
1 28 32 35 69 76 82
1 29 42 44 73 78 83
1 39 40 41 46 47 53
2 3 4 12 15 17 77
2 5 24 49 63 70 73
2 6 9 31 35 42 74
2 7 13 25 26 69 75
2 8 9 10 11 12 13
2 8 32 36 47 56 71
2 14 28 33 34 72 79
2 14 28 33 34 78 80
2 16 19 39 51 54 67
2 20 21 45 52 59 76
2 22 46 48 50 61 81
2 23 40 41 44 64 66
2 29 30 60 65 68 82
2 37 38 51 52 55 58
3 5 7 43 44 45 67
3 6 11 50 59 69 83
3 7 22 30 31 32 57
3 8 21 26 29 33 38
3 9 16 25 36 48 72
3 10 20 40 51 70 80
3 13 14 23 56 61 68
3 19 28 49 53 62 74
3 24 34 41 52 54 82
3 27 60 63 64 78 81
3 42 46 55 66 71 76
4 5 6 8 53 65 72
4 7 9 21 34 58 68
4 10 16 28 38 44 61
4 11 30 35 51 71 81
4 13 24 32 64 80 83
4 18 20 39 57 69 78
4 22 33 47 52 60 66
4 23 27 29 36 50 54
4 25 37 43 46 49 82
4 26 45 55 56 62 73
4 40 42 59 63 67 79
4 50 54 70 74 75 76
5 9 28 29 39 41 56
5 10 14 25 47 64 76
5 11 15 20 23 48 62
5 12 13 21 37 42 50
5 16 58 59 71 75 80
5 17 35 38 54 66 78
5 18 26 34 36 51 60
5 22 30 31 32 57 67
5 27 61 77 79 82 83
6 7 10 46 54 56 79
6 12 34 38 57 70 81
6 13 27 41 43 51 55
6 15 16 29 32 37 52
6 17 21 24 25 39 40
6 18 44 49 68 76 80
6 19 23 30 47 58 78
6 20 22 28 36 64 73
6 33 45 48 63 75 82
6 39 40 60 61 62 71
7 11 16 60 73 76 77
7 12 27 62 65 66 80
7 14 20 38 71 74 82
7 15 33 39 50 53 64
7 17 19 52 70 72 83
7 18 29 35 40 48 55
7 36 41 49 59 61 78
8 9 13 15 18 19 59
8 9 13 66 73 81 82
8 11 27 39 44 46 52
8 12 24 43 48 76 78
8 14 16 30 42 62 70
8 17 41 45 69 74 80
8 22 25 54 55 58 83
8 28 40 50 57 68 77
8 34 35 61 64 67 75
9 12 14 44 54 60 69
9 17 22 51 53 76 79
9 20 24 50 55 65 67
9 23 33 49 57 71 83
9 27 37 38 40 45 47
9 32 46 62 75 77 78
10 12 30 39 49 55 75
10 15 18 19 59 66 81
10 15 18 19 59 73 82
10 17 33 36 42 43 68
10 22 29 34 62 63 69
10 23 24 35 45 72 77
10 26 31 50 52 71 78
10 37 48 60 67 74 83
11 12 31 36 40 58 82
11 13 17 29 47 49 67
11 14 28 33 34 37 55
11 18 42 45 53 54 61
11 19 22 24 38 68 75
11 25 56 57 63 66 74
11 37 55 72 78 79 80
12 16 20 26 35 53 63
12 18 23 25 28 52 67
12 19 29 45 64 71 79
12 32 33 51 61 73 74
12 41 46 47 63 68 83
13 16 22 40 65 74 78
13 28 45 46 58 60 70
13 31 38 39 63 72 76
13 35 36 52 57 62 79
14 15 21 22 27 35 49
14 17 18 32 50 58 63
14 24 29 46 51 57 59
14 36 39 45 65 81 83
14 40 43 52 53 73 75
15 24 26 44 58 74 79
15 28 43 54 63 65 71
15 30 34 40 56 76 83
15 31 47 55 61 69 70
15 41 42 57 60 72 75
16 18 24 27 31 33 56
16 20 26 35 41 46 47
16 20 26 35 53 68 83
16 21 23 43 69 79 81
17 20 37 44 56 75 81
17 23 31 34 46 65 73
17 26 27 28 30 48 59
18 21 30 46 64 72 74
18 22 37 41 70 71 77
19 20 25 27 32 34 42
19 21 36 44 55 63 77
19 26 37 57 61 65 76
19 35 43 50 56 60 80
20 29 43 58 61 66 72
21 28 31 51 66 75 83
21 47 48 54 57 73 80
21 53 56 67 70 78 82
22 23 26 39 42 80 82
22 30 31 32 43 44 45
23 32 38 53 55 59 60
24 30 36 37 53 66 69
25 29 31 53 77 80 81
25 30 38 41 50 73 79
25 33 35 44 59 65 70
26 32 40 49 54 72 81
27 67 68 69 71 72 73
31 37 54 59 62 64 68
32 39 48 66 68 70 79
33 41 58 62 67 76 81
34 39 43 47 59 74 77
38 42 48 49 51 52 56
38 51 52 64 65 69 77
42 48 49 56 58 64 65
42 48 49 56 58 69 77
44 47 50 51 62 72 82
