0 1 2 3 85
0 1 3 7 27
0 2 6 26 83
0 4 24 81 82
0 5 19 34 51
0 8 18 49 62
0 9 25 37 48
0 10 41 54 76
0 11 47 56 72
0 12 23 59 68
0 13 35 43 53
0 14 29 46 79
0 15 32 65 70
0 16 28 39 75
0 17 50 55 69
0 20 77 78 80
0 21 42 63 84
0 22 30 40 71
0 31 44 66 74
0 33 38 52 67
0 36 45 61 73
0 57 58 60 64
1 2 4 8 28
1 5 25 82 83
1 6 20 35 52
1 9 19 50 63
1 10 26 38 49
1 11 42 55 77
1 12 48 57 73
1 13 24 60 69
1 14 36 44 54
1 15 30 47 80
1 16 33 66 71
1 17 29 40 76
1 18 51 56 70
1 21 78 79 81
1 22 43 64 84
1 23 31 41 72
1 32 45 67 75
1 34 39 53 68
1 37 46 62 74
1 58 59 61 65
2 3 5 9 29
2 7 21 36 53
2 10 20 51 64
2 11 27 39 50
2 12 43 56 78
2 13 49 58 74
2 14 25 61 70
2 15 37 45 55
2 16 31 48 81
2 17 34 67 72
2 18 30 41 77
2 19 52 57 71
2 22 79 80 82
2 23 44 65 84
2 24 32 42 73
2 33 46 68 76
2 35 40 54 69
2 38 47 63 75
2 59 60 62 66
3 4 6 10 30
3 8 22 37 54
3 11 21 52 65
3 12 28 40 51
3 13 44 57 79
3 14 50 59 75
3 15 26 62 71
3 16 38 46 56
3 17 32 49 82
3 18 35 68 73
3 19 31 42 78
3 20 53 58 72
3 23 80 81 83
3 24 45 66 84
3 25 33 43 74
3 34 47 69 77
3 36 41 55 70
3 39 48 64 76
3 60 61 63 67
4 5 6 7 85
4 5 7 11 31
4 9 23 38 55
4 12 22 53 66
4 13 29 41 52
4 14 45 58 80
4 15 51 60 76
4 16 27 63 72
4 17 39 47 57
4 18 33 50 83
4 19 36 69 74
4 20 32 43 79
4 21 54 59 73
4 25 46 67 84
4 26 34 44 75
4 35 48 70 78
4 37 42 56 71
4 40 49 65 77
4 61 62 64 68
5 6 8 12 32
5 10 24 39 56
5 13 23 54 67
5 14 30 42 53
5 15 46 59 81
5 16 52 61 77
5 17 28 64 73
5 18 40 48 58
5 20 37 70 75
5 21 33 44 80
5 22 55 60 74
5 26 47 68 84
5 27 35 45 76
5 36 49 71 79
5 38 43 57 72
5 41 50 66 78
5 62 63 65 69
6 7 9 13 33
6 11 25 40 57
6 14 24 55 68
6 15 31 43 54
6 16 47 60 82
6 17 53 62 78
6 18 29 65 74
6 19 41 49 59
6 21 38 71 76
6 22 34 45 81
6 23 56 61 75
6 27 48 69 84
6 28 36 46 77
6 37 50 72 80
6 39 44 58 73
6 42 51 67 79
6 63 64 66 70
7 8 10 14 34
7 12 26 41 58
7 15 25 56 69
7 16 32 44 55
7 17 48 61 83
7 18 54 63 79
7 19 30 66 75
7 20 42 50 60
7 22 39 72 77
7 23 35 46 82
7 24 57 62 76
7 28 49 70 84
7 29 37 47 78
7 38 51 73 81
7 40 45 59 74
7 43 52 68 80
7 64 65 67 71
8 9 10 11 85
8 9 11 15 35
8 13 27 42 59
8 16 26 57 70
8 17 33 45 56
8 19 55 64 80
8 20 31 67 76
8 21 43 51 61
8 23 40 73 78
8 24 36 47 83
8 25 58 63 77
8 29 50 71 84
8 30 38 48 79
8 39 52 74 82
8 41 46 60 75
8 44 53 69 81
8 65 66 68 72
9 10 12 16 36
9 14 28 43 60
9 17 27 58 71
9 18 34 46 57
9 20 56 65 81
9 21 32 68 77
9 22 44 52 62
9 24 41 74 79
9 26 59 64 78
9 30 51 72 84
9 31 39 49 80
9 40 53 75 83
9 42 47 61 76
9 45 54 70 82
9 66 67 69 73
10 11 13 17 37
10 15 29 44 61
10 18 28 59 72
10 19 35 47 58
10 21 57 66 82
10 22 33 69 78
10 23 45 53 63
10 25 42 75 80
10 27 60 65 79
10 31 52 73 84
10 32 40 50 81
10 43 48 62 77
10 46 55 71 83
10 67 68 70 74
11 12 14 18 38
11 16 30 45 62
11 19 29 60 73
11 20 36 48 59
11 22 58 67 83
11 23 34 70 79
11 24 46 54 64
11 26 43 76 81
11 28 61 66 80
11 32 53 74 84
11 33 41 51 82
11 44 49 63 78
11 68 69 71 75
12 13 14 15 85
12 13 15 19 39
12 17 31 46 63
12 20 30 61 74
12 21 37 49 60
12 24 35 71 80
12 25 47 55 65
12 27 44 77 82
12 29 62 67 81
12 33 54 75 84
12 34 42 52 83
12 45 50 64 79
12 69 70 72 76
13 14 16 20 40
13 18 32 47 64
13 21 31 62 75
13 22 38 50 61
13 25 36 72 81
13 26 48 56 66
13 28 45 78 83
13 30 63 68 82
13 34 55 76 84
13 46 51 65 80
13 70 71 73 77
14 15 17 21 41
14 19 33 48 65
14 22 32 63 76
14 23 39 51 62
14 26 37 73 82
14 27 49 57 67
14 31 64 69 83
14 35 56 77 84
14 47 52 66 81
14 71 72 74 78
15 16 18 22 42
15 20 34 49 66
15 23 33 64 77
15 24 40 52 63
15 27 38 74 83
15 28 50 58 68
15 36 57 78 84
15 48 53 67 82
15 72 73 75 79
16 17 18 19 85
16 17 19 23 43
16 21 35 50 67
16 24 34 65 78
16 25 41 53 64
16 29 51 59 69
16 37 58 79 84
16 49 54 68 83
16 73 74 76 80
17 18 20 24 44
17 22 36 51 68
17 25 35 66 79
17 26 42 54 65
17 30 52 60 70
17 38 59 80 84
17 74 75 77 81
18 19 21 25 45
18 23 37 52 69
18 26 36 67 80
18 27 43 55 66
18 31 53 61 71
18 39 60 81 84
18 75 76 78 82
19 20 22 26 46
19 24 38 53 70
19 27 37 68 81
19 28 44 56 67
19 32 54 62 72
19 40 61 82 84
19 76 77 79 83
20 21 22 23 85
20 21 23 27 47
20 25 39 54 71
20 28 38 69 82
20 29 45 57 68
20 33 55 63 73
20 41 62 83 84
21 22 24 28 48
21 26 40 55 72
21 29 39 70 83
21 30 46 58 69
21 34 56 64 74
22 23 25 29 49
22 27 41 56 73
22 31 47 59 70
22 35 57 65 75
23 24 26 30 50
23 28 42 57 74
23 32 48 60 71
23 36 58 66 76
24 25 26 27 85
24 25 27 31 51
24 29 43 58 75
24 33 49 61 72
24 37 59 67 77
25 26 28 32 52
25 30 44 59 76
25 34 50 62 73
25 38 60 68 78
26 27 29 33 53
26 31 45 60 77
26 35 51 63 74
26 39 61 69 79
27 28 30 34 54
27 32 46 61 78
27 36 52 64 75
27 40 62 70 80
28 29 30 31 85
28 29 31 35 55
28 33 47 62 79
28 37 53 65 76
28 41 63 71 81
29 30 32 36 56
29 34 48 63 80
29 38 54 66 77
29 42 64 72 82
30 31 33 37 57
30 35 49 64 81
30 39 55 67 78
30 43 65 73 83
31 32 34 38 58
31 36 50 65 82
31 40 56 68 79
32 33 34 35 85
32 33 35 39 59
32 37 51 66 83
32 41 57 69 80
33 34 36 40 60
33 42 58 70 81
34 35 37 41 61
34 43 59 71 82
35 36 38 42 62
35 44 60 72 83
36 37 38 39 85
36 37 39 43 63
37 38 40 44 64
38 39 41 45 65
39 40 42 46 66
40 41 42 43 85
40 41 43 47 67
41 42 44 48 68
42 43 45 49 69
43 44 46 50 70
44 45 46 47 85
44 45 47 51 71
45 46 48 52 72
46 47 49 53 73
47 48 50 54 74
48 49 50 51 85
48 49 51 55 75
49 50 52 56 76
50 51 53 57 77
51 52 54 58 78
52 53 54 55 85
52 53 55 59 79
53 54 56 60 80
54 55 57 61 81
55 56 58 62 82
56 57 58 59 85
56 57 59 63 83
60 61 62 63 85
64 65 66 67 85
68 69 70 71 85
72 73 74 75 85
76 77 78 79 85
80 81 82 83 85
81 82 83 84 85
