0 1 8 14 26 34 43 56 60 73
0 2 20 24 27 38 42 63 80 83
0 3 16 21 33 37 43 55 81 86
0 4 28 30 36 54 59 70 75 78
0 5 6 12 22 23 66 68 76 84
0 7 41 45 48 49 57 58 62 71
0 9 10 18 32 51 52 53 64 65
0 11 13 17 19 25 29 50 69 72
0 15 34 44 46 47 58 74 77 85
0 31 35 39 40 54 61 67 79 82
1 2 32 45 50 58 59 68 72 81
1 3 10 22 24 30 40 41 47 69
1 4 6 7 18 21 29 42 51 61
1 5 9 25 54 55 57 67 83 85
1 11 20 23 31 46 49 53 70 86
1 12 28 33 49 50 52 63 77 82
1 13 16 18 35 36 38 48 66 74
1 15 17 27 37 62 65 75 76 79
1 19 39 43 44 64 71 78 80 84
2 3 7 19 23 34 54 65 74 82
2 4 13 26 33 40 44 53 57 76
2 5 31 34 37 48 51 69 77 78
2 6 9 14 36 47 50 71 79 86
2 8 11 15 28 41 55 61 64 66
2 10 12 25 35 43 60 61 62 70
2 16 22 29 39 49 52 56 75 85
2 17 18 21 30 46 49 67 73 84
3 4 8 25 32 38 49 77 79 84
3 5 15 18 26 29 50 63 70 71
3 6 11 27 35 52 57 58 73 78
3 9 13 28 34 39 42 46 62 68
3 12 14 17 48 53 59 61 80 85
3 20 44 45 50 51 60 66 67 75
3 31 36 56 58 61 64 72 76 83
4 5 35 41 46 50 56 65 80 81
4 9 15 20 22 43 48 72 73 82
4 10 19 27 34 49 50 66 85 86
4 11 12 18 37 39 43 45 47 83
4 14 16 23 58 62 63 64 67 69
4 17 24 31 52 55 60 68 71 74
5 7 8 10 17 20 33 36 39 58
5 11 14 32 40 42 43 49 74 75
5 13 21 27 47 49 59 60 64 82
5 16 19 24 28 45 53 54 73 79
5 30 38 44 50 52 61 62 72 86
6 8 13 30 31 43 45 63 65 85
6 10 26 28 37 49 67 72 74 80
6 15 38 39 49 53 54 60 69 81
6 16 17 32 34 41 44 70 82 83
6 18 19 20 40 55 56 59 62 77
6 24 25 33 34 46 48 61 64 75
7 9 11 16 30 49 60 76 77 80
7 12 13 15 24 32 56 67 78 86
7 14 18 22 25 27 28 31 44 81
7 26 43 46 52 59 66 69 79 83
7 34 35 47 53 55 63 72 75 84
7 37 38 40 50 64 68 70 73 85
8 9 23 24 29 35 37 44 59 76
8 12 16 27 40 46 51 54 71 72
8 18 34 57 68 69 75 80 82 86
8 19 42 47 48 52 67 70 76 81
8 21 22 50 53 54 62 74 78 83
9 12 19 21 26 31 38 41 58 75
9 17 18 40 54 63 66 76 78 81
9 27 33 45 56 61 69 70 74 84
10 11 21 44 48 54 56 63 68 79
10 13 23 61 71 73 75 77 81 83
10 14 29 38 45 46 55 76 78 82
10 15 16 24 31 42 50 57 59 84
11 22 33 34 38 59 65 67 71 76
11 24 26 36 51 62 81 82 84 85
12 20 29 30 34 57 64 74 79 81
12 24 36 42 44 49 55 65 69 73
13 14 20 37 41 43 52 54 58 84
13 18 22 24 51 55 58 70 79 80
14 15 19 30 33 35 49 51 68 83
14 21 24 39 57 65 66 70 72 77
15 21 23 25 34 36 40 45 52 80
16 20 25 26 47 49 61 65 68 78
17 22 26 35 42 45 54 64 77 86
17 23 24 28 38 43 47 51 56 57
18 23 33 41 42 60 72 78 79 85
19 22 32 36 37 46 57 60 61 63
20 21 28 32 35 43 69 71 76 85
23 26 27 30 32 39 48 50 55 76
25 30 37 42 53 56 58 66 71 82
25 39 41 51 59 63 73 74 76 86
27 29 36 41 43 50 53 67 68 77
28 29 40 48 58 60 65 83 84 86
29 31 32 33 47 54 62 66 73 80
