0 1 9 10
0 1 21 86
0 2 14 84
0 3 16 20
0 4 11 12
0 5 6 13
0 7 15 18
0 8 17 19
0 22 43 83
0 23 44 82
0 24 45 81
0 25 46 80
0 26 47 79
0 27 48 78
0 28 49 77
0 29 50 76
0 30 51 75
0 31 52 74
0 32 53 73
0 33 54 72
0 34 55 71
0 35 56 70
0 36 57 69
0 37 58 68
0 38 59 67
0 39 60 66
0 40 61 65
0 41 62 64
0 42 63 85
1 2 4 85
1 2 5 19
1 3 12 15
1 6 17 84
1 7 14 20
1 8 11 86
1 13 16 18
1 21 43 64
1 22 44 63
1 23 45 83
1 24 46 82
1 25 47 81
1 26 48 80
1 27 49 79
1 28 50 78
1 29 51 77
1 30 52 76
1 31 53 75
1 32 54 74
1 33 55 73
1 34 56 72
1 35 57 71
1 36 58 70
1 37 59 69
1 38 60 68
1 39 61 67
1 40 62 66
1 41 42 65
2 3 7 86
2 6 10 16
2 8 13 17
2 9 12 18
2 11 15 20
2 21 44 65
2 22 45 64
2 23 46 63
2 24 47 83
2 25 48 82
2 26 49 81
2 27 50 80
2 28 51 79
2 29 52 78
2 30 53 77
2 31 54 76
2 32 55 75
2 33 56 74
2 34 57 73
2 35 58 72
2 36 59 71
2 37 60 70
2 38 61 69
2 39 62 68
2 40 42 67
2 41 43 66
3 4 6 14
3 5 8 9
3 10 19 85
3 11 17 18
3 13 20 84
3 21 45 66
3 22 46 65
3 23 47 64
3 24 48 63
3 25 49 83
3 26 50 82
3 27 51 81
3 28 52 80
3 29 53 79
3 30 54 78
3 31 55 77
3 32 56 76
3 33 57 75
3 34 58 74
3 35 59 73
3 36 60 72
3 37 61 71
3 38 62 70
3 39 42 69
3 40 43 68
3 41 44 67
4 5 18 84
4 7 9 13
4 8 10 20
4 15 16 19
4 16 17 86
4 21 46 67
4 22 47 66
4 23 48 65
4 24 49 64
4 25 50 63
4 26 51 83
4 27 52 82
4 28 53 81
4 29 54 80
4 30 55 79
4 31 56 78
4 32 57 77
4 33 58 76
4 34 59 75
4 35 60 74
4 36 61 73
4 37 62 72
4 38 42 71
4 39 43 70
4 40 44 69
4 41 45 68
5 7 16 85
5 10 11 13
5 12 20 86
5 14 15 17
5 21 47 68
5 22 48 67
5 23 49 66
5 24 50 65
5 25 51 64
5 26 52 63
5 27 53 83
5 28 54 82
5 29 55 81
5 30 56 80
5 31 57 79
5 32 58 78
5 33 59 77
5 34 60 76
5 35 61 75
5 36 62 74
5 37 42 73
5 38 43 72
5 39 44 71
5 40 45 70
5 41 46 69
6 7 8 15
6 9 19 86
6 11 12 85
6 18 19 20
6 21 48 69
6 22 49 68
6 23 50 67
6 24 51 66
6 25 52 65
6 26 53 64
6 27 54 63
6 28 55 83
6 29 56 82
6 30 57 81
6 31 58 80
6 32 59 79
6 33 60 78
6 34 61 77
6 35 62 76
6 36 42 75
6 37 43 74
6 38 44 73
6 39 45 72
6 40 46 71
6 41 47 70
7 10 12 17
7 11 19 84
7 21 49 70
7 22 50 69
7 23 51 68
7 24 52 67
7 25 53 66
7 26 54 65
7 27 55 64
7 28 56 63
7 29 57 83
7 30 58 82
7 31 59 81
7 32 60 80
7 33 61 79
7 34 62 78
7 35 42 77
7 36 43 76
7 37 44 75
7 38 45 74
7 39 46 73
7 40 47 72
7 41 48 71
8 12 16 84
8 14 18 85
8 21 50 71
8 22 51 70
8 23 52 69
8 24 53 68
8 25 54 67
8 26 55 66
8 27 56 65
8 28 57 64
8 29 58 63
8 30 59 83
8 31 60 82
8 32 61 81
8 33 62 80
8 34 42 79
8 35 43 78
8 36 44 77
8 37 45 76
8 38 46 75
8 39 47 74
8 40 48 73
8 41 49 72
9 10 15 84
9 11 14 16
9 17 20 85
9 21 51 72
9 22 52 71
9 23 53 70
9 24 54 69
9 25 55 68
9 26 56 67
9 27 57 66
9 28 58 65
9 29 59 64
9 30 60 63
9 31 61 83
9 32 62 82
9 33 42 81
9 34 43 80
9 35 44 79
9 36 45 78
9 37 46 77
9 38 47 76
9 39 48 75
9 40 49 74
9 41 50 73
10 14 18 86
10 21 52 73
10 22 53 72
10 23 54 71
10 24 55 70
10 25 56 69
10 26 57 68
10 27 58 67
10 28 59 66
10 29 60 65
10 30 61 64
10 31 62 63
10 32 42 83
10 33 43 82
10 34 44 81
10 35 45 80
10 36 46 79
10 37 47 78
10 38 48 77
10 39 49 76
10 40 50 75
10 41 51 74
11 21 53 74
11 22 54 73
11 23 55 72
11 24 56 71
11 25 57 70
11 26 58 69
11 27 59 68
11 28 60 67
11 29 61 66
11 30 62 65
11 31 42 64
11 32 43 63
11 33 44 83
11 34 45 82
11 35 46 81
11 36 47 80
11 37 48 79
11 38 49 78
11 39 50 77
11 40 51 76
11 41 52 75
12 13 14 19
12 21 54 75
12 22 55 74
12 23 56 73
12 24 57 72
12 25 58 71
12 26 59 70
12 27 60 69
12 28 61 68
12 29 62 67
12 30 42 66
12 31 43 65
12 32 44 64
12 33 45 63
12 34 46 83
12 35 47 82
12 36 48 81
12 37 49 80
12 38 50 79
12 39 51 78
12 40 52 77
12 41 53 76
13 15 85 86
13 21 55 76
13 22 56 75
13 23 57 74
13 24 58 73
13 25 59 72
13 26 60 71
13 27 61 70
13 28 62 69
13 29 42 68
13 30 43 67
13 31 44 66
13 32 45 65
13 33 46 64
13 34 47 63
13 35 48 83
13 36 49 82
13 37 50 81
13 38 51 80
13 39 52 79
13 40 53 78
13 41 54 77
14 21 56 77
14 22 57 76
14 23 58 75
14 24 59 74
14 25 60 73
14 26 61 72
14 27 62 71
14 28 42 70
14 29 43 69
14 30 44 68
14 31 45 67
14 32 46 66
14 33 47 65
14 34 48 64
14 35 49 63
14 36 50 83
14 37 51 82
14 38 52 81
14 39 53 80
14 40 54 79
14 41 55 78
15 21 57 78
15 22 58 77
15 23 59 76
15 24 60 75
15 25 61 74
15 26 62 73
15 27 42 72
15 28 43 71
15 29 44 70
15 30 45 69
15 31 46 68
15 32 47 67
15 33 48 66
15 34 49 65
15 35 50 64
15 36 51 63
15 37 52 83
15 38 53 82
15 39 54 81
15 40 55 80
15 41 56 79
16 21 58 79
16 22 59 78
16 23 60 77
16 24 61 76
16 25 62 75
16 26 42 74
16 27 43 73
16 28 44 72
16 29 45 71
16 30 46 70
16 31 47 69
16 32 48 68
16 33 49 67
16 34 50 66
16 35 51 65
16 36 52 64
16 37 53 63
16 38 54 83
16 39 55 82
16 40 56 81
16 41 57 80
17 21 59 80
17 22 60 79
17 23 61 78
17 24 62 77
17 25 42 76
17 26 43 75
17 27 44 74
17 28 45 73
17 29 46 72
17 30 47 71
17 31 48 70
17 32 49 69
17 33 50 68
17 34 51 67
17 35 52 66
17 36 53 65
17 37 54 64
17 38 55 63
17 39 56 83
17 40 57 82
17 41 58 81
18 21 60 81
18 22 61 80
18 23 62 79
18 24 42 78
18 25 43 77
18 26 44 76
18 27 45 75
18 28 46 74
18 29 47 73
18 30 48 72
18 31 49 71
18 32 50 70
18 33 51 69
18 34 52 68
18 35 53 67
18 36 54 66
18 37 55 65
18 38 56 64
18 39 57 63
18 40 58 83
18 41 59 82
19 21 61 82
19 22 62 81
19 23 42 80
19 24 43 79
19 25 44 78
19 26 45 77
19 27 46 76
19 28 47 75
19 29 48 74
19 30 49 73
19 31 50 72
19 32 51 71
19 33 52 70
19 34 53 69
19 35 54 68
19 36 55 67
19 37 56 66
19 38 57 65
19 39 58 64
19 40 59 63
19 41 60 83
20 21 62 83
20 22 42 82
20 23 43 81
20 24 44 80
20 25 45 79
20 26 46 78
20 27 47 77
20 28 48 76
20 29 49 75
20 30 50 74
20 31 51 73
20 32 52 72
20 33 53 71
20 34 54 70
20 35 55 69
20 36 56 68
20 37 57 67
20 38 58 66
20 39 59 65
20 40 60 64
20 41 61 63
21 22 30 31
21 23 35 85
21 24 37 41
21 25 32 33
21 26 27 34
21 28 36 39
21 29 38 40
21 42 63 84
22 23 25 84
22 23 26 40
22 24 33 36
22 27 38 85
22 28 35 41
22 29 32 86
22 34 37 39
23 24 28 86
23 27 31 37
23 29 34 38
23 30 33 39
23 32 36 41
24 25 27 35
24 26 29 30
24 31 40 84
24 32 38 39
24 34 41 85
25 26 39 85
25 28 30 34
25 29 31 41
25 36 37 40
25 37 38 86
26 28 37 84
26 31 32 34
26 33 41 86
26 35 36 38
27 28 29 36
27 30 40 86
27 32 33 84
27 39 40 41
28 31 33 38
28 32 40 85
29 33 37 85
29 35 39 84
30 31 36 85
30 32 35 37
30 38 41 84
31 35 39 86
33 34 35 40
34 36 84 86
42 43 51 52
42 44 56 86
42 45 58 62
42 46 53 54
42 47 48 55
42 49 57 60
42 50 59 61
43 44 46 84
43 44 47 61
43 45 54 57
43 48 59 86
43 49 56 62
43 50 53 85
43 55 58 60
44 45 49 85
44 48 52 58
44 50 55 59
44 51 54 60
44 53 57 62
45 46 48 56
45 47 50 51
45 52 61 84
45 53 59 60
45 55 62 86
46 47 60 86
46 49 51 55
46 50 52 62
46 57 58 61
46 58 59 85
47 49 58 84
47 52 53 55
47 54 62 85
47 56 57 59
48 49 50 57
48 51 61 85
48 53 54 84
48 60 61 62
49 52 54 59
49 53 61 86
50 54 58 86
50 56 60 84
51 52 57 86
51 53 56 58
51 59 62 84
52 56 60 85
54 55 56 61
55 57 84 85
63 64 72 73
63 65 77 86
63 66 79 83
63 67 74 75
63 68 69 76
63 70 78 81
63 71 80 82
64 65 67 84
64 65 68 82
64 66 75 78
64 69 80 86
64 70 77 83
64 71 74 85
64 76 79 81
65 66 70 85
65 69 73 79
65 71 76 80
65 72 75 81
65 74 78 83
66 67 69 77
66 68 71 72
66 73 82 84
66 74 80 81
66 76 83 86
67 68 81 86
67 70 72 76
67 71 73 83
67 78 79 82
67 79 80 85
68 70 79 84
68 73 74 76
68 75 83 85
68 77 78 80
69 70 71 78
69 72 82 85
69 74 75 84
69 81 82 83
70 73 75 80
70 74 82 86
71 75 79 86
71 77 81 84
72 73 78 86
72 74 77 79
72 80 83 84
73 77 81 85
75 76 77 82
76 78 84 85
