0 1 5 21 27 40
0 2 9 32 60 74
0 3 11 36 48 82
0 4 20 26 39 88
0 6 19 68 69 73
0 7 10 18 43 55
0 7 30 58 72 87
0 8 33 45 79 86
0 12 46 53 56 64
0 13 62 63 67 83
0 14 29 31 38 61
0 15 17 24 47 75
0 16 22 35 84 85
0 23 51 65 80 82
0 25 37 71 78 81
0 28 42 57 59 66
0 34 41 44 52 77
0 49 50 54 70 76
1 2 6 22 28 41
1 3 10 33 61 75
1 4 12 37 49 83
1 7 20 69 70 74
1 8 11 19 44 56
1 8 31 59 73 88
1 9 34 46 80 87
1 13 47 54 57 65
1 14 63 64 68 84
1 15 30 32 39 62
1 16 18 25 48 76
1 17 23 36 85 86
1 24 52 66 81 83
1 26 38 72 79 82
1 29 43 58 60 67
1 35 42 45 53 78
1 50 51 55 71 77
2 3 7 23 29 42
2 4 11 34 62 76
2 5 13 38 50 84
2 8 21 70 71 75
2 9 12 20 45 57
2 10 35 47 81 88
2 14 48 55 58 66
2 15 64 65 69 85
2 16 31 33 40 63
2 17 19 26 49 77
2 18 24 37 86 87
2 25 53 67 82 84
2 27 39 73 80 83
2 30 44 59 61 68
2 36 43 46 54 79
2 51 52 56 72 78
3 4 8 24 30 43
3 5 12 35 63 77
3 6 14 39 51 85
3 9 22 71 72 76
3 10 13 21 46 58
3 15 49 56 59 67
3 16 65 66 70 86
3 17 32 34 41 64
3 18 20 27 50 78
3 19 25 38 87 88
3 26 54 68 83 85
3 28 40 74 81 84
3 31 45 60 62 69
3 37 44 47 55 80
3 52 53 57 73 79
4 5 9 25 31 44
4 6 13 36 64 78
4 7 15 40 52 86
4 10 23 72 73 77
4 11 14 22 47 59
4 16 50 57 60 68
4 17 66 67 71 87
4 18 33 35 42 65
4 19 21 28 51 79
4 27 55 69 84 86
4 29 41 75 82 85
4 32 46 61 63 70
4 38 45 48 56 81
4 53 54 58 74 80
5 6 10 26 32 45
5 7 14 37 65 79
5 8 16 41 53 87
5 11 24 73 74 78
5 12 15 23 48 60
5 17 51 58 61 69
5 18 67 68 72 88
5 19 34 36 43 66
5 20 22 29 52 80
5 28 56 70 85 87
5 30 42 76 83 86
5 33 47 62 64 71
5 39 46 49 57 82
5 54 55 59 75 81
6 7 11 27 33 46
6 8 15 38 66 80
6 9 17 42 54 88
6 12 25 74 75 79
6 13 16 24 49 61
6 18 52 59 62 70
6 20 35 37 44 67
6 21 23 30 53 81
6 29 57 71 86 88
6 31 43 77 84 87
6 34 48 63 65 72
6 40 47 50 58 83
6 55 56 60 76 82
7 8 12 28 34 47
7 9 16 39 67 81
7 13 26 75 76 80
7 14 17 25 50 62
7 19 53 60 63 71
7 21 36 38 45 68
7 22 24 31 54 82
7 32 44 78 85 88
7 35 49 64 66 73
7 41 48 51 59 84
7 56 57 61 77 83
8 9 13 29 35 48
8 10 17 40 68 82
8 14 27 76 77 81
8 15 18 26 51 63
8 20 54 61 64 72
8 22 37 39 46 69
8 23 25 32 55 83
8 36 50 65 67 74
8 42 49 52 60 85
8 57 58 62 78 84
9 10 14 30 36 49
9 11 18 41 69 83
9 15 28 77 78 82
9 16 19 27 52 64
9 21 55 62 65 73
9 23 38 40 47 70
9 24 26 33 56 84
9 37 51 66 68 75
9 43 50 53 61 86
9 58 59 63 79 85
10 11 15 31 37 50
10 12 19 42 70 84
10 16 29 78 79 83
10 17 20 28 53 65
10 22 56 63 66 74
10 24 39 41 48 71
10 25 27 34 57 85
10 38 52 67 69 76
10 44 51 54 62 87
10 59 60 64 80 86
11 12 16 32 38 51
11 13 20 43 71 85
11 17 30 79 80 84
11 18 21 29 54 66
11 23 57 64 67 75
11 25 40 42 49 72
11 26 28 35 58 86
11 39 53 68 70 77
11 45 52 55 63 88
11 60 61 65 81 87
12 13 17 33 39 52
12 14 21 44 72 86
12 18 31 80 81 85
12 19 22 30 55 67
12 24 58 65 68 76
12 26 41 43 50 73
12 27 29 36 59 87
12 40 54 69 71 78
12 61 62 66 82 88
13 14 18 34 40 53
13 15 22 45 73 87
13 19 32 81 82 86
13 20 23 31 56 68
13 25 59 66 69 77
13 27 42 44 51 74
13 28 30 37 60 88
13 41 55 70 72 79
14 15 19 35 41 54
14 16 23 46 74 88
14 20 33 82 83 87
14 21 24 32 57 69
14 26 60 67 70 78
14 28 43 45 52 75
14 42 56 71 73 80
15 16 20 36 42 55
15 21 34 83 84 88
15 22 25 33 58 70
15 27 61 68 71 79
15 29 44 46 53 76
15 43 57 72 74 81
16 17 21 37 43 56
16 23 26 34 59 71
16 28 62 69 72 80
16 30 45 47 54 77
16 44 58 73 75 82
17 18 22 38 44 57
17 24 27 35 60 72
17 29 63 70 73 81
17 31 46 48 55 78
17 45 59 74 76 83
18 19 23 39 45 58
18 25 28 36 61 73
18 30 64 71 74 82
18 32 47 49 56 79
18 46 60 75 77 84
19 20 24 40 46 59
19 26 29 37 62 74
19 31 65 72 75 83
19 33 48 50 57 80
19 47 61 76 78 85
20 21 25 41 47 60
20 27 30 38 63 75
20 32 66 73 76 84
20 34 49 51 58 81
20 48 62 77 79 86
21 22 26 42 48 61
21 28 31 39 64 76
21 33 67 74 77 85
21 35 50 52 59 82
21 49 63 78 80 87
22 23 27 43 49 62
22 29 32 40 65 77
22 34 68 75 78 86
22 36 51 53 60 83
22 50 64 79 81 88
23 24 28 44 50 63
23 30 33 41 66 78
23 35 69 76 79 87
23 37 52 54 61 84
24 25 29 45 51 64
24 31 34 42 67 79
24 36 70 77 80 88
24 38 53 55 62 85
25 26 30 46 52 65
25 32 35 43 68 80
25 39 54 56 63 86
26 27 31 47 53 66
26 33 36 44 69 81
26 40 55 57 64 87
27 28 32 48 54 67
27 34 37 45 70 82
27 41 56 58 65 88
28 29 33 49 55 68
28 35 38 46 71 83
29 30 34 50 56 69
29 36 39 47 72 84
30 31 35 51 57 70
30 37 40 48 73 85
31 32 36 52 58 71
31 38 41 49 74 86
32 33 37 53 59 72
32 39 42 50 75 87
33 34 38 54 60 73
33 40 43 51 76 88
34 35 39 55 61 74
35 36 40 56 62 75
36 37 41 57 63 76
37 38 42 58 64 77
38 39 43 59 65 78
39 40 44 60 66 79
40 41 45 61 67 80
41 42 46 62 68 81
42 43 47 63 69 82
43 44 48 64 70 83
44 45 49 65 71 84
45 46 50 66 72 85
46 47 51 67 73 86
47 48 52 68 74 87
48 49 53 69 75 88
