0 1 6 14
0 2 4 11
0 3 8 9
0 4 13 17
0 5 10 16
0 7 12 18
0 15 20 21
0 19 20 88
0 22 44 66
0 23 45 81
0 24 46 82
0 25 47 83
0 26 48 84
0 27 49 85
0 28 50 86
0 29 51 87
0 30 65 74
0 31 64 75
0 32 63 76
0 33 62 77
0 34 61 78
0 35 60 79
0 36 59 80
0 37 58 67
0 38 57 68
0 39 56 69
0 40 55 70
0 41 54 71
0 42 53 72
0 43 52 73
1 2 17 19
1 3 10 88
1 4 12 17
1 5 18 20
1 7 8 15
1 9 11 19
1 13 16 21
1 22 59 67
1 23 46 68
1 24 47 81
1 25 48 82
1 26 49 83
1 27 50 84
1 28 51 85
1 29 52 86
1 30 53 87
1 31 65 76
1 32 64 77
1 33 63 78
1 34 62 79
1 35 61 80
1 36 60 66
1 37 45 69
1 38 44 70
1 39 58 71
1 40 57 72
1 41 56 73
1 42 55 74
1 43 54 75
2 3 14 16
2 5 13 88
2 6 7 88
2 8 10 21
2 9 12 18
2 10 15 20
2 22 60 68
2 23 59 69
2 24 48 70
2 25 49 81
2 26 50 82
2 27 51 83
2 28 52 84
2 29 53 85
2 30 54 86
2 31 55 87
2 32 65 78
2 33 64 79
2 34 63 80
2 35 62 66
2 36 61 67
2 37 47 71
2 38 46 72
2 39 45 73
2 40 44 74
2 41 58 75
2 42 57 76
2 43 56 77
3 4 6 20
3 5 7 21
3 10 12 19
3 11 17 21
3 13 15 18
3 22 61 69
3 23 60 70
3 24 59 71
3 25 50 72
3 26 51 81
3 27 52 82
3 28 53 83
3 29 54 84
3 30 55 85
3 31 56 86
3 32 57 87
3 33 65 80
3 34 64 66
3 35 63 67
3 36 62 68
3 37 49 73
3 38 48 74
3 39 47 75
3 40 46 76
3 41 45 77
3 42 44 78
3 43 58 79
4 5 14 21
4 7 9 10
4 8 18 88
4 15 16 19
4 22 62 70
4 23 61 71
4 24 60 72
4 25 59 73
4 26 52 74
4 27 53 81
4 28 54 82
4 29 55 83
4 30 56 84
4 31 57 85
4 32 58 86
4 33 44 87
4 34 65 67
4 35 64 68
4 36 63 69
4 37 51 75
4 38 50 76
4 39 49 77
4 40 48 78
4 41 47 79
4 42 46 80
4 43 45 66
5 6 12 15
5 8 11 19
5 9 15 17
5 22 63 71
5 23 62 72
5 24 61 73
5 25 60 74
5 26 59 75
5 27 54 76
5 28 55 81
5 29 56 82
5 30 57 83
5 31 58 84
5 32 44 85
5 33 45 86
5 34 46 87
5 35 65 69
5 36 64 70
5 37 53 77
5 38 52 78
5 39 51 79
5 40 50 80
5 41 49 66
5 42 48 67
5 43 47 68
6 8 9 16
6 10 11 13
6 16 17 88
6 18 19 21
6 22 64 72
6 23 63 73
6 24 62 74
6 25 61 75
6 26 60 76
6 27 59 77
6 28 56 78
6 29 57 81
6 30 58 82
6 31 44 83
6 32 45 84
6 33 46 85
6 34 47 86
6 35 48 87
6 36 65 71
6 37 55 79
6 38 54 80
6 39 53 66
6 40 52 67
6 41 51 68
6 42 50 69
6 43 49 70
7 8 17 20
7 11 16 18
7 13 14 19
7 22 65 73
7 23 64 74
7 24 63 75
7 25 62 76
7 26 61 77
7 27 60 78
7 28 59 79
7 29 58 80
7 30 44 81
7 31 45 82
7 32 46 83
7 33 47 84
7 34 48 85
7 35 49 86
7 36 50 87
7 37 57 66
7 38 56 67
7 39 55 68
7 40 54 69
7 41 53 70
7 42 52 71
7 43 51 72
8 12 13 14
8 22 52 87
8 23 65 75
8 24 64 76
8 25 63 77
8 26 62 78
8 27 61 79
8 28 60 80
8 29 59 66
8 30 45 67
8 31 46 81
8 32 47 82
8 33 48 83
8 34 49 84
8 35 50 85
8 36 51 86
8 37 44 68
8 38 58 69
8 39 57 70
8 40 56 71
8 41 55 72
8 42 54 73
8 43 53 74
9 12 21 88
9 13 14 20
9 22 53 86
9 23 54 87
9 24 65 77
9 25 64 78
9 26 63 79
9 27 62 80
9 28 61 66
9 29 60 67
9 30 59 68
9 31 47 69
9 32 48 81
9 33 49 82
9 34 50 83
9 35 51 84
9 36 52 85
9 37 46 70
9 38 45 71
9 39 44 72
9 40 58 73
9 41 57 74
9 42 56 75
9 43 55 76
10 14 17 18
10 22 54 85
10 23 55 86
10 24 56 87
10 25 65 79
10 26 64 80
10 27 63 66
10 28 62 67
10 29 61 68
10 30 60 69
10 31 59 70
10 32 49 71
10 33 50 81
10 34 51 82
10 35 52 83
10 36 53 84
10 37 48 72
10 38 47 73
10 39 46 74
10 40 45 75
10 41 44 76
10 42 58 77
10 43 57 78
11 12 16 20
11 14 15 88
11 22 55 84
11 23 56 85
11 24 57 86
11 25 58 87
11 26 65 66
11 27 64 67
11 28 63 68
11 29 62 69
11 30 61 70
11 31 60 71
11 32 59 72
11 33 51 73
11 34 52 81
11 35 53 82
11 36 54 83
11 37 50 74
11 38 49 75
11 39 48 76
11 40 47 77
11 41 46 78
11 42 45 79
11 43 44 80
12 22 56 83
12 23 57 84
12 24 58 85
12 25 44 86
12 26 45 87
12 27 65 68
12 28 64 69
12 29 63 70
12 30 62 71
12 31 61 72
12 32 60 73
12 33 59 74
12 34 53 75
12 35 54 81
12 36 55 82
12 37 52 76
12 38 51 77
12 39 50 78
12 40 49 79
12 41 48 80
12 42 47 66
12 43 46 67
13 22 57 82
13 23 58 83
13 24 44 84
13 25 45 85
13 26 46 86
13 27 47 87
13 28 65 70
13 29 64 71
13 30 63 72
13 31 62 73
13 32 61 74
13 33 60 75
13 34 59 76
13 35 55 77
13 36 56 81
13 37 54 78
13 38 53 79
13 39 52 80
13 40 51 66
13 41 50 67
13 42 49 68
13 43 48 69
14 22 58 81
14 23 44 82
14 24 45 83
14 25 46 84
14 26 47 85
14 27 48 86
14 28 49 87
14 29 65 72
14 30 64 73
14 31 63 74
14 32 62 75
14 33 61 76
14 34 60 77
14 35 59 78
14 36 57 79
14 37 56 80
14 38 55 66
14 39 54 67
14 40 53 68
14 41 52 69
14 42 51 70
14 43 50 71
15 22 45 80
15 23 47 67
15 24 49 69
15 25 51 71
15 26 53 73
15 27 55 75
15 28 57 77
15 29 44 79
15 30 46 66
15 31 48 68
15 32 50 70
15 33 52 72
15 34 54 74
15 35 56 76
15 36 58 78
15 37 59 81
15 38 60 87
15 39 61 86
15 40 62 85
15 41 63 84
15 42 64 83
15 43 65 82
16 22 46 79
16 23 48 66
16 24 50 68
16 25 52 70
16 26 54 72
16 27 56 74
16 28 58 76
16 29 45 78
16 30 47 80
16 31 49 67
16 32 51 69
16 33 53 71
16 34 55 73
16 35 57 75
16 36 44 77
16 37 60 82
16 38 61 81
16 39 62 87
16 40 63 86
16 41 64 85
16 42 65 84
16 43 59 83
17 22 47 78
17 23 49 80
17 24 51 67
17 25 53 69
17 26 55 71
17 27 57 73
17 28 44 75
17 29 46 77
17 30 48 79
17 31 50 66
17 32 52 68
17 33 54 70
17 34 56 72
17 35 58 74
17 36 45 76
17 37 61 83
17 38 62 82
17 39 63 81
17 40 64 87
17 41 65 86
17 42 59 85
17 43 60 84
18 22 48 77
18 23 50 79
18 24 52 66
18 25 54 68
18 26 56 70
18 27 58 72
18 28 45 74
18 29 47 76
18 30 49 78
18 31 51 80
18 32 53 67
18 33 55 69
18 34 57 71
18 35 44 73
18 36 46 75
18 37 62 84
18 38 63 83
18 39 64 82
18 40 65 81
18 41 59 87
18 42 60 86
18 43 61 85
19 22 49 76
19 23 51 78
19 24 53 80
19 25 55 67
19 26 57 69
19 27 44 71
19 28 46 73
19 29 48 75
19 30 50 77
19 31 52 79
19 32 54 66
19 33 56 68
19 34 58 70
19 35 45 72
19 36 47 74
19 37 63 85
19 38 64 84
19 39 65 83
19 40 59 82
19 41 60 81
19 42 61 87
19 43 62 86
20 22 50 75
20 23 52 77
20 24 54 79
20 25 56 66
20 26 58 68
20 27 45 70
20 28 47 72
20 29 49 74
20 30 51 76
20 31 53 78
20 32 55 80
20 33 57 67
20 34 44 69
20 35 46 71
20 36 48 73
20 37 64 86
20 38 65 85
20 39 59 84
20 40 60 83
20 41 61 82
20 42 62 81
20 43 63 87
21 22 51 74
21 23 53 76
21 24 55 78
21 25 57 80
21 26 44 67
21 27 46 69
21 28 48 71
21 29 50 73
21 30 52 75
21 31 54 77
21 32 56 79
21 33 58 66
21 34 45 68
21 35 47 70
21 36 49 72
21 37 65 87
21 38 59 86
21 39 60 85
21 40 61 84
21 41 62 83
21 42 63 82
21 43 64 81
22 23 28 36
22 24 26 33
22 25 30 31
22 26 35 39
22 27 32 38
22 29 34 40
22 37 42 43
22 41 42 88
23 24 39 41
23 25 32 88
23 26 34 39
23 27 40 42
23 29 30 37
23 31 33 41
23 35 38 43
24 25 36 38
24 27 35 88
24 28 29 88
24 30 32 43
24 31 34 40
24 32 37 42
25 26 28 42
25 27 29 43
25 32 34 41
25 33 39 43
25 35 37 40
26 27 36 43
26 29 31 32
26 30 40 88
26 37 38 41
27 28 34 37
27 30 33 41
27 31 37 39
28 30 31 38
28 32 33 35
28 38 39 88
28 40 41 43
29 30 39 42
29 33 38 40
29 35 36 41
30 34 35 36
31 34 43 88
31 35 36 42
32 36 39 40
33 34 38 42
33 36 37 88
44 45 50 58
44 46 48 55
44 47 52 53
44 48 57 61
44 49 54 60
44 51 56 62
44 59 64 65
44 63 64 88
45 46 61 63
45 47 54 88
45 48 56 61
45 49 62 64
45 51 52 59
45 53 55 63
45 57 60 65
46 47 58 60
46 49 57 88
46 50 51 88
46 52 54 65
46 53 56 62
46 54 59 64
47 48 50 64
47 49 51 65
47 54 56 63
47 55 61 65
47 57 59 62
48 49 58 65
48 51 53 54
48 52 62 88
48 59 60 63
49 50 56 59
49 52 55 63
49 53 59 61
50 52 53 60
50 54 55 57
50 60 61 88
50 62 63 65
51 52 61 64
51 55 60 62
51 57 58 63
52 56 57 58
53 56 65 88
53 57 58 64
54 58 61 62
55 56 60 64
55 58 59 88
66 67 72 80
66 68 70 77
66 69 74 75
66 70 79 83
66 71 76 82
66 73 78 84
66 81 86 87
66 85 86 88
67 68 83 85
67 69 76 88
67 70 78 83
67 71 84 86
67 73 74 81
67 75 77 85
67 79 82 87
68 69 80 82
68 71 79 88
68 72 73 88
68 74 76 87
68 75 78 84
68 76 81 86
69 70 72 86
69 71 73 87
69 76 78 85
69 77 83 87
69 79 81 84
70 71 80 87
70 73 75 76
70 74 84 88
70 81 82 85
71 72 78 81
71 74 77 85
71 75 81 83
72 74 75 82
72 76 77 79
72 82 83 88
72 84 85 87
73 74 83 86
73 77 82 84
73 79 80 85
74 78 79 80
75 78 87 88
75 79 80 86
76 80 83 84
77 78 82 86
77 80 81 88
