0 1 2 3 4 5
0 1 2 3 4 91
0 6 7 8 9 10
0 11 12 13 14 15
0 16 17 18 19 20
0 21 22 23 24 25
0 26 27 28 29 30
0 31 32 33 34 35
0 36 37 38 39 40
0 41 42 43 44 45
0 46 47 48 49 50
0 51 52 53 54 55
0 56 57 58 59 60
0 61 62 63 64 65
0 66 67 68 69 70
0 71 72 73 74 75
0 76 77 78 79 80
0 81 82 83 84 85
0 86 87 88 89 90
1 2 4 8 26 39
1 3 7 25 38 91
1 5 23 36 89 90
1 6 21 33 47 76
1 9 18 48 58 81
1 10 40 50 73 84
1 11 34 45 53 62
1 12 20 29 59 69
1 13 27 56 72 77
1 14 67 68 70 74
1 15 44 60 65 80
1 16 28 42 71 87
1 17 22 37 49 63
1 19 32 85 86 88
1 24 35 43 52 82
1 30 46 51 66 78
1 31 41 64 75 83
1 54 55 57 61 79
2 3 5 9 27 40
2 6 24 37 90 91
2 7 22 34 48 77
2 10 19 49 59 82
2 11 41 51 74 85
2 12 35 46 54 63
2 13 21 30 60 70
2 14 28 57 73 78
2 15 68 69 71 75
2 16 45 61 66 81
2 17 29 43 72 88
2 18 23 38 50 64
2 20 33 86 87 89
2 25 36 44 53 83
2 31 47 52 67 79
2 32 42 65 76 84
2 55 56 58 62 80
3 4 6 10 28 41
3 8 23 35 49 78
3 11 20 50 60 83
3 12 42 52 75 86
3 13 36 47 55 64
3 14 22 31 61 71
3 15 29 58 74 79
3 16 69 70 72 76
3 17 46 62 67 82
3 18 30 44 73 89
3 19 24 39 51 65
3 21 34 87 88 90
3 26 37 45 54 84
3 32 48 53 68 80
3 33 43 66 77 85
3 56 57 59 63 81
4 5 7 11 29 42
4 9 24 36 50 79
4 12 21 51 61 84
4 13 43 53 76 87
4 14 37 48 56 65
4 15 23 32 62 72
4 16 30 59 75 80
4 17 70 71 73 77
4 18 47 63 68 83
4 19 31 45 74 90
4 20 25 40 52 66
4 22 35 88 89 91
4 27 38 46 55 85
4 33 49 54 69 81
4 34 44 67 78 86
4 57 58 60 64 82
5 6 8 12 30 43
5 10 25 37 51 80
5 13 22 52 62 85
5 14 44 54 77 88
5 15 38 49 57 66
5 16 24 33 63 73
5 17 31 60 76 81
5 18 71 72 74 78
5 19 48 64 69 84
5 20 32 46 75 91
5 21 26 41 53 67
5 28 39 47 56 86
5 34 50 55 70 82
5 35 45 68 79 87
5 58 59 61 65 83
6 7 9 13 31 44
6 11 26 38 52 81
6 14 23 53 63 86
6 15 45 55 78 89
6 16 39 50 58 67
6 17 25 34 64 74
6 18 32 61 77 82
6 19 72 73 75 79
6 20 49 65 70 85
6 22 27 42 54 68
6 29 40 48 57 87
6 35 51 56 71 83
6 36 46 69 80 88
6 59 60 62 66 84
7 8 10 14 32 45
7 12 27 39 53 82
7 15 24 54 64 87
7 16 46 56 79 90
7 17 40 51 59 68
7 18 26 35 65 75
7 19 33 62 78 83
7 20 73 74 76 80
7 21 50 66 71 86
7 23 28 43 55 69
7 30 41 49 58 88
7 36 52 57 72 84
7 37 47 70 81 89
7 60 61 63 67 85
8 9 11 15 33 46
8 13 28 40 54 83
8 16 25 55 65 88
8 17 47 57 80 91
8 18 41 52 60 69
8 19 27 36 66 76
8 20 34 63 79 84
8 21 74 75 77 81
8 22 51 67 72 87
8 24 29 44 56 70
8 31 42 50 59 89
8 37 53 58 73 85
8 38 48 71 82 90
8 61 62 64 68 86
9 10 12 16 34 47
9 14 29 41 55 84
9 17 26 56 66 89
9 19 42 53 61 70
9 20 28 37 67 77
9 21 35 64 80 85
9 22 75 76 78 82
9 23 52 68 73 88
9 25 30 45 57 71
9 32 43 51 60 90
9 38 54 59 74 86
9 39 49 72 83 91
9 62 63 65 69 87
10 11 13 17 35 48
10 15 30 42 56 85
10 18 27 57 67 90
10 20 43 54 62 71
10 21 29 38 68 78
10 22 36 65 81 86
10 23 76 77 79 83
10 24 53 69 74 89
10 26 31 46 58 72
10 33 44 52 61 91
10 39 55 60 75 87
10 63 64 66 70 88
11 12 14 18 36 49
11 16 31 43 57 86
11 19 28 58 68 91
11 21 44 55 63 72
11 22 30 39 69 79
11 23 37 66 82 87
11 24 77 78 80 84
11 25 54 70 75 90
11 27 32 47 59 73
11 40 56 61 76 88
11 64 65 67 71 89
12 13 15 19 37 50
12 17 32 44 58 87
12 22 45 56 64 73
12 23 31 40 70 80
12 24 38 67 83 88
12 25 78 79 81 85
12 26 55 71 76 91
12 28 33 48 60 74
12 41 57 62 77 89
12 65 66 68 72 90
13 14 16 20 38 51
13 18 33 45 59 88
13 23 46 57 65 74
13 24 32 41 71 81
13 25 39 68 84 89
13 26 79 80 82 86
13 29 34 49 61 75
13 42 58 63 78 90
13 66 67 69 73 91
14 15 17 21 39 52
14 19 34 46 60 89
14 24 47 58 66 75
14 25 33 42 72 82
14 26 40 69 85 90
14 27 80 81 83 87
14 30 35 50 62 76
14 43 59 64 79 91
15 16 18 22 40 53
15 20 35 47 61 90
15 25 48 59 67 76
15 26 34 43 73 83
15 27 41 70 86 91
15 28 81 82 84 88
15 31 36 51 63 77
16 17 19 23 41 54
16 21 36 48 62 91
16 26 49 60 68 77
16 27 35 44 74 84
16 29 82 83 85 89
16 32 37 52 64 78
17 18 20 24 42 55
17 27 50 61 69 78
17 28 36 45 75 85
17 30 83 84 86 90
17 33 38 53 65 79
18 19 21 25 43 56
18 28 51 62 70 79
18 29 37 46 76 86
18 31 84 85 87 91
18 34 39 54 66 80
19 20 22 26 44 57
19 29 52 63 71 80
19 30 38 47 77 87
19 35 40 55 67 81
20 21 23 27 45 58
20 30 53 64 72 81
20 31 39 48 78 88
20 36 41 56 68 82
21 22 24 28 46 59
21 31 54 65 73 82
21 32 40 49 79 89
21 37 42 57 69 83
22 23 25 29 47 60
22 32 55 66 74 83
22 33 41 50 80 90
22 38 43 58 70 84
23 24 26 30 48 61
23 33 56 67 75 84
23 34 42 51 81 91
23 39 44 59 71 85
24 25 27 31 49 62
24 34 57 68 76 85
24 40 45 60 72 86
25 26 28 32 50 63
25 35 58 69 77 86
25 41 46 61 73 87
26 27 29 33 51 64
26 36 59 70 78 87
26 42 47 62 74 88
27 28 30 34 52 65
27 37 60 71 79 88
27 43 48 63 75 89
28 29 31 35 53 66
28 38 61 72 80 89
28 44 49 64 76 90
29 30 32 36 54 67
29 39 62 73 81 90
29 45 50 65 77 91
30 31 33 37 55 68
30 40 63 74 82 91
31 32 34 38 56 69
32 33 35 39 57 70
33 34 36 40 58 71
34 35 37 41 59 72
35 36 38 42 60 73
36 37 39 43 61 74
37 38 40 44 62 75
38 39 41 45 63 76
39 40 42 46 64 77
40 41 43 47 65 78
41 42 44 48 66 79
42 43 45 49 67 80
43 44 46 50 68 81
44 45 47 51 69 82
45 46 48 52 70 83
46 47 49 53 71 84
47 48 50 54 72 85
48 49 51 55 73 86
49 50 52 56 74 87
50 51 53 57 75 88
51 52 54 58 76 89
52 53 55 59 77 90
53 54 56 60 78 91
