0 1 6 14
0 2 4 11
0 3 8 9
0 4 13 17
0 5 10 16
0 7 12 18
0 15 20 21
0 19 20 22
0 23 46 69
0 24 47 91
0 25 48 90
0 26 49 89
0 27 50 88
0 28 51 87
0 29 52 86
0 30 53 85
0 31 54 84
0 32 55 83
0 33 56 82
0 34 57 81
0 35 58 80
0 36 59 79
0 37 60 78
0 38 61 77
0 39 62 76
0 40 63 75
0 41 64 74
0 42 65 73
0 43 66 72
0 44 67 71
0 45 68 70
1 2 17 19
1 3 10 22
1 4 12 17
1 5 18 20
1 7 8 15
1 9 11 19
1 13 16 21
1 23 47 70
1 24 48 69
1 25 49 91
1 26 50 90
1 27 51 89
1 28 52 88
1 29 53 87
1 30 54 86
1 31 55 85
1 32 56 84
1 33 57 83
1 34 58 82
1 35 59 81
1 36 60 80
1 37 61 79
1 38 62 78
1 39 63 77
1 40 64 76
1 41 65 75
1 42 66 74
1 43 67 73
1 44 68 72
1 45 46 71
2 3 14 16
2 5 13 22
2 6 7 22
2 8 10 21
2 9 12 18
2 10 15 20
2 23 48 71
2 24 49 70
2 25 50 69
2 26 51 91
2 27 52 90
2 28 53 89
2 29 54 88
2 30 55 87
2 31 56 86
2 32 57 85
2 33 58 84
2 34 59 83
2 35 60 82
2 36 61 81
2 37 62 80
2 38 63 79
2 39 64 78
2 40 65 77
2 41 66 76
2 42 67 75
2 43 68 74
2 44 46 73
2 45 47 72
3 4 6 20
3 5 7 21
3 10 12 19
3 11 17 21
3 13 15 18
3 23 49 72
3 24 50 71
3 25 51 70
3 26 52 69
3 27 53 91
3 28 54 90
3 29 55 89
3 30 56 88
3 31 57 87
3 32 58 86
3 33 59 85
3 34 60 84
3 35 61 83
3 36 62 82
3 37 63 81
3 38 64 80
3 39 65 79
3 40 66 78
3 41 67 77
3 42 68 76
3 43 46 75
3 44 47 74
3 45 48 73
4 5 14 21
4 7 9 10
4 8 18 22
4 15 16 19
4 23 50 73
4 24 51 72
4 25 52 71
4 26 53 70
4 27 54 69
4 28 55 91
4 29 56 90
4 30 57 89
4 31 58 88
4 32 59 87
4 33 60 86
4 34 61 85
4 35 62 84
4 36 63 83
4 37 64 82
4 38 65 81
4 39 66 80
4 40 67 79
4 41 68 78
4 42 46 77
4 43 47 76
4 44 48 75
4 45 49 74
5 6 12 15
5 8 11 19
5 9 15 17
5 23 51 74
5 24 52 73
5 25 53 72
5 26 54 71
5 27 55 70
5 28 56 69
5 29 57 91
5 30 58 90
5 31 59 89
5 32 60 88
5 33 61 87
5 34 62 86
5 35 63 85
5 36 64 84
5 37 65 83
5 38 66 82
5 39 67 81
5 40 68 80
5 41 46 79
5 42 47 78
5 43 48 77
5 44 49 76
5 45 50 75
6 8 9 16
6 10 11 13
6 16 17 22
6 18 19 21
6 23 52 75
6 24 53 74
6 25 54 73
6 26 55 72
6 27 56 71
6 28 57 70
6 29 58 69
6 30 59 91
6 31 60 90
6 32 61 89
6 33 62 88
6 34 63 87
6 35 64 86
6 36 65 85
6 37 66 84
6 38 67 83
6 39 68 82
6 40 46 81
6 41 47 80
6 42 48 79
6 43 49 78
6 44 50 77
6 45 51 76
7 8 17 20
7 11 16 18
7 13 14 19
7 23 53 76
7 24 54 75
7 25 55 74
7 26 56 73
7 27 57 72
7 28 58 71
7 29 59 70
7 30 60 69
7 31 61 91
7 32 62 90
7 33 63 89
7 34 64 88
7 35 65 87
7 36 66 86
7 37 67 85
7 38 68 84
7 39 46 83
7 40 47 82
7 41 48 81
7 42 49 80
7 43 50 79
7 44 51 78
7 45 52 77
8 12 13 14
8 23 54 77
8 24 55 76
8 25 56 75
8 26 57 74
8 27 58 73
8 28 59 72
8 29 60 71
8 30 61 70
8 31 62 69
8 32 63 91
8 33 64 90
8 34 65 89
8 35 66 88
8 36 67 87
8 37 68 86
8 38 46 85
8 39 47 84
8 40 48 83
8 41 49 82
8 42 50 81
8 43 51 80
8 44 52 79
8 45 53 78
9 12 21 22
9 13 14 20
9 23 55 78
9 24 56 77
9 25 57 76
9 26 58 75
9 27 59 74
9 28 60 73
9 29 61 72
9 30 62 71
9 31 63 70
9 32 64 69
9 33 65 91
9 34 66 90
9 35 67 89
9 36 68 88
9 37 46 87
9 38 47 86
9 39 48 85
9 40 49 84
9 41 50 83
9 42 51 82
9 43 52 81
9 44 53 80
9 45 54 79
10 14 17 18
10 23 56 79
10 24 57 78
10 25 58 77
10 26 59 76
10 27 60 75
10 28 61 74
10 29 62 73
10 30 63 72
10 31 64 71
10 32 65 70
10 33 66 69
10 34 67 91
10 35 68 90
10 36 46 89
10 37 47 88
10 38 48 87
10 39 49 86
10 40 50 85
10 41 51 84
10 42 52 83
10 43 53 82
10 44 54 81
10 45 55 80
11 12 16 20
11 14 15 22
11 23 57 80
11 24 58 79
11 25 59 78
11 26 60 77
11 27 61 76
11 28 62 75
11 29 63 74
11 30 64 73
11 31 65 72
11 32 66 71
11 33 67 70
11 34 68 69
11 35 46 91
11 36 47 90
11 37 48 89
11 38 49 88
11 39 50 87
11 40 51 86
11 41 52 85
11 42 53 84
11 43 54 83
11 44 55 82
11 45 56 81
12 23 58 81
12 24 59 80
12 25 60 79
12 26 61 78
12 27 62 77
12 28 63 76
12 29 64 75
12 30 65 74
12 31 66 73
12 32 67 72
12 33 68 71
12 34 46 70
12 35 47 69
12 36 48 91
12 37 49 90
12 38 50 89
12 39 51 88
12 40 52 87
12 41 53 86
12 42 54 85
12 43 55 84
12 44 56 83
12 45 57 82
13 23 59 82
13 24 60 81
13 25 61 80
13 26 62 79
13 27 63 78
13 28 64 77
13 29 65 76
13 30 66 75
13 31 67 74
13 32 68 73
13 33 46 72
13 34 47 71
13 35 48 70
13 36 49 69
13 37 50 91
13 38 51 90
13 39 52 89
13 40 53 88
13 41 54 87
13 42 55 86
13 43 56 85
13 44 57 84
13 45 58 83
14 23 60 83
14 24 61 82
14 25 62 81
14 26 63 80
14 27 64 79
14 28 65 78
14 29 66 77
14 30 67 76
14 31 68 75
14 32 46 74
14 33 47 73
14 34 48 72
14 35 49 71
14 36 50 70
14 37 51 69
14 38 52 91
14 39 53 90
14 40 54 89
14 41 55 88
14 42 56 87
14 43 57 86
14 44 58 85
14 45 59 84
15 23 61 84
15 24 62 83
15 25 63 82
15 26 64 81
15 27 65 80
15 28 66 79
15 29 67 78
15 30 68 77
15 31 46 76
15 32 47 75
15 33 48 74
15 34 49 73
15 35 50 72
15 36 51 71
15 37 52 70
15 38 53 69
15 39 54 91
15 40 55 90
15 41 56 89
15 42 57 88
15 43 58 87
15 44 59 86
15 45 60 85
16 23 62 85
16 24 63 84
16 25 64 83
16 26 65 82
16 27 66 81
16 28 67 80
16 29 68 79
16 30 46 78
16 31 47 77
16 32 48 76
16 33 49 75
16 34 50 74
16 35 51 73
16 36 52 72
16 37 53 71
16 38 54 70
16 39 55 69
16 40 56 91
16 41 57 90
16 42 58 89
16 43 59 88
16 44 60 87
16 45 61 86
17 23 63 86
17 24 64 85
17 25 65 84
17 26 66 83
17 27 67 82
17 28 68 81
17 29 46 80
17 30 47 79
17 31 48 78
17 32 49 77
17 33 50 76
17 34 51 75
17 35 52 74
17 36 53 73
17 37 54 72
17 38 55 71
17 39 56 70
17 40 57 69
17 41 58 91
17 42 59 90
17 43 60 89
17 44 61 88
17 45 62 87
18 23 64 87
18 24 65 86
18 25 66 85
18 26 67 84
18 27 68 83
18 28 46 82
18 29 47 81
18 30 48 80
18 31 49 79
18 32 50 78
18 33 51 77
18 34 52 76
18 35 53 75
18 36 54 74
18 37 55 73
18 38 56 72
18 39 57 71
18 40 58 70
18 41 59 69
18 42 60 91
18 43 61 90
18 44 62 89
18 45 63 88
19 23 65 88
19 24 66 87
19 25 67 86
19 26 68 85
19 27 46 84
19 28 47 83
19 29 48 82
19 30 49 81
19 31 50 80
19 32 51 79
19 33 52 78
19 34 53 77
19 35 54 76
19 36 55 75
19 37 56 74
19 38 57 73
19 39 58 72
19 40 59 71
19 41 60 70
19 42 61 69
19 43 62 91
19 44 63 90
19 45 64 89
20 23 66 89
20 24 67 88
20 25 68 87
20 26 46 86
20 27 47 85
20 28 48 84
20 29 49 83
20 30 50 82
20 31 51 81
20 32 52 80
20 33 53 79
20 34 54 78
20 35 55 77
20 36 56 76
20 37 57 75
20 38 58 74
20 39 59 73
20 40 60 72
20 41 61 71
20 42 62 70
20 43 63 69
20 44 64 91
20 45 65 90
21 23 67 90
21 24 68 89
21 25 46 88
21 26 47 87
21 27 48 86
21 28 49 85
21 29 50 84
21 30 51 83
21 31 52 82
21 32 53 81
21 33 54 80
21 34 55 79
21 35 56 78
21 36 57 77
21 37 58 76
21 38 59 75
21 39 60 74
21 40 61 73
21 41 62 72
21 42 63 71
21 43 64 70
21 44 65 69
21 45 66 91
22 23 68 91
22 24 46 90
22 25 47 89
22 26 48 88
22 27 49 87
22 28 50 86
22 29 51 85
22 30 52 84
22 31 53 83
22 32 54 82
22 33 55 81
22 34 56 80
22 35 57 79
22 36 58 78
22 37 59 77
22 38 60 76
22 39 61 75
22 40 62 74
22 41 63 73
22 42 64 72
22 43 65 71
22 44 66 70
22 45 67 69
23 24 29 37
23 25 27 34
23 26 31 32
23 27 36 40
23 28 33 39
23 30 35 41
23 38 43 44
23 42 43 45
24 25 40 42
24 26 33 45
24 27 35 40
24 28 41 43
24 30 31 38
24 32 34 42
24 36 39 44
25 26 37 39
25 28 36 45
25 29 30 45
25 31 33 44
25 32 35 41
25 33 38 43
26 27 29 43
26 28 30 44
26 33 35 42
26 34 40 44
26 36 38 41
27 28 37 44
27 30 32 33
27 31 41 45
27 38 39 42
28 29 35 38
28 31 34 42
28 32 38 40
29 31 32 39
29 33 34 36
29 39 40 45
29 41 42 44
30 31 40 43
30 34 39 41
30 36 37 42
31 35 36 37
32 35 44 45
32 36 37 43
33 37 40 41
34 35 39 43
34 37 38 45
46 47 52 60
46 48 50 57
46 49 54 55
46 50 59 63
46 51 56 62
46 53 58 64
46 61 66 67
46 65 66 68
47 48 63 65
47 49 56 68
47 50 58 63
47 51 64 66
47 53 54 61
47 55 57 65
47 59 62 67
48 49 60 62
48 51 59 68
48 52 53 68
48 54 56 67
48 55 58 64
48 56 61 66
49 50 52 66
49 51 53 67
49 56 58 65
49 57 63 67
49 59 61 64
50 51 60 67
50 53 55 56
50 54 64 68
50 61 62 65
51 52 58 61
51 54 57 65
51 55 61 63
52 54 55 62
52 56 57 59
52 62 63 68
52 64 65 67
53 54 63 66
53 57 62 64
53 59 60 65
54 58 59 60
55 58 67 68
55 59 60 66
56 60 63 64
57 58 62 66
57 60 61 68
69 70 75 83
69 71 73 80
69 72 77 78
69 73 82 86
69 74 79 85
69 76 81 87
69 84 89 90
69 88 89 91
70 71 86 88
70 72 79 91
70 73 81 86
70 74 87 89
70 76 77 84
70 78 80 88
70 82 85 90
71 72 83 85
71 74 82 91
71 75 76 91
71 77 79 90
71 78 81 87
71 79 84 89
72 73 75 89
72 74 76 90
72 79 81 88
72 80 86 90
72 82 84 87
73 74 83 90
73 76 78 79
73 77 87 91
73 84 85 88
74 75 81 84
74 77 80 88
74 78 84 86
75 77 78 85
75 79 80 82
75 85 86 91
75 87 88 90
76 77 86 89
76 80 85 87
76 82 83 88
77 81 82 83
78 81 90 91
78 82 83 89
79 83 86 87
80 81 85 89
80 83 84 91
