0 1 2 84 86 87 89 93
0 1 65 85 88 90 91 92
0 3 4 18 21 24 26 67
0 3 51 52 53 54 58 64
0 3 55 56 57 59 60 61
0 3 62 63 69 70 71 72
0 4 19 20 23 25 27 28
0 4 22 41 42 44 45 46
0 4 29 32 33 36 37 38
0 4 30 31 34 35 39 66
0 4 40 43 47 48 49 50
0 5 7 8 12 13 17 68
0 5 9 10 11 14 15 16
0 6 73 75 76 79 80 82
0 6 74 75 77 78 81 83
1 3 5 74 79 80 82 83
1 3 18 20 21 22 25 28
1 3 19 22 23 24 26 27
1 3 29 31 35 37 38 39
1 3 30 32 33 34 36 75
1 3 40 45 46 48 49 68
1 3 41 42 43 44 47 50
1 4 7 9 12 13 14 15
1 4 8 10 11 16 17 62
1 4 63 71 73 74 76 83
1 4 77 78 79 80 81 82
1 5 64 66 67 69 70 72
1 6 51 53 55 56 60 67
1 6 52 54 57 58 59 61
2 3 4 86 87 88 90 92
2 4 5 6 85 86 87 91
2 7 28 39 50 61 72 83
2 8 23 33 43 53 63 73
2 9 18 38 47 56 65 74
2 10 24 32 40 59 67 75
2 11 19 37 44 51 69 76
2 12 25 31 48 54 71 77
2 13 20 36 41 57 62 78
2 14 26 30 45 60 64 79
2 15 21 35 49 52 66 80
2 16 27 29 42 55 68 81
2 17 22 34 46 58 70 82
3 4 84 85 89 90 91 93
3 5 65 73 76 77 78 81
3 6 7 10 11 12 13 16
3 6 8 9 14 15 17 66
4 5 51 53 57 59 61 75
4 5 52 54 55 56 58 60
4 6 64 65 68 69 70 72
5 6 18 19 21 22 23 27
5 6 20 24 25 26 28 90
5 6 29 30 34 37 38 71
5 6 31 32 33 35 36 39
5 6 40 41 42 44 48 49
5 6 43 45 46 47 50 62
5 6 63 84 88 89 92 93
7 18 29 40 51 62 73 84
7 19 30 41 52 63 74 85
7 20 31 42 53 64 75 86
7 21 32 43 54 65 76 87
7 22 33 44 55 66 77 88
7 23 34 45 56 67 78 89
7 24 35 46 57 68 79 90
7 25 36 47 58 69 80 91
7 26 37 48 59 70 81 92
7 27 38 49 60 71 82 93
8 18 39 49 59 69 79 89
8 19 29 50 60 70 80 90
8 20 30 40 61 71 81 91
8 21 31 41 51 72 82 92
8 22 32 42 52 62 83 93
8 24 34 44 54 64 74 84
8 25 35 45 55 65 75 85
8 26 36 46 56 66 76 86
8 27 37 47 57 67 77 87
8 28 38 48 58 68 78 88
9 19 39 48 57 66 75 84
9 20 29 49 58 67 76 85
9 21 30 50 59 68 77 86
9 22 31 40 60 69 78 87
9 23 32 41 61 70 79 88
9 24 33 42 51 71 80 89
9 25 34 43 52 72 81 90
9 26 35 44 53 62 82 91
9 27 36 45 54 63 83 92
9 28 37 46 55 64 73 93
10 18 37 45 53 72 80 88
10 19 38 46 54 62 81 89
10 20 39 47 55 63 82 90
10 21 29 48 56 64 83 91
10 22 30 49 57 65 73 92
10 23 31 50 58 66 74 93
10 25 33 41 60 68 76 84
10 26 34 42 61 69 77 85
10 27 35 43 51 70 78 86
10 28 36 44 52 71 79 87
11 18 36 43 61 68 75 93
11 20 38 45 52 70 77 84
11 21 39 46 53 71 78 85
11 22 29 47 54 72 79 86
11 23 30 48 55 62 80 87
11 24 31 49 56 63 81 88
11 25 32 50 57 64 82 89
11 26 33 40 58 65 83 90
11 27 34 41 59 66 73 91
11 28 35 42 60 67 74 92
12 18 35 41 58 64 81 87
12 19 36 42 59 65 82 88
12 20 37 43 60 66 83 89
12 21 38 44 61 67 73 90
12 22 39 45 51 68 74 91
12 23 29 46 52 69 75 92
12 24 30 47 53 70 76 93
12 26 32 49 55 72 78 84
12 27 33 50 56 62 79 85
12 28 34 40 57 63 80 86
13 18 34 50 55 71 76 92
13 19 35 40 56 72 77 93
13 21 37 42 58 63 79 84
13 22 38 43 59 64 80 85
13 23 39 44 60 65 81 86
13 24 29 45 61 66 82 87
13 25 30 46 51 67 83 88
13 26 31 47 52 68 73 89
13 27 32 48 53 69 74 90
13 28 33 49 54 70 75 91
14 18 33 48 52 67 82 86
14 19 34 49 53 68 83 87
14 20 35 50 54 69 73 88
14 21 36 40 55 70 74 89
14 22 37 41 56 71 75 90
14 23 38 42 57 72 76 91
14 24 39 43 58 62 77 92
14 25 29 44 59 63 78 93
14 27 31 46 61 65 80 84
14 28 32 47 51 66 81 85
15 18 32 46 60 63 77 91
15 19 33 47 61 64 78 92
15 20 34 48 51 65 79 93
15 22 36 50 53 67 81 84
15 23 37 40 54 68 82 85
15 24 38 41 55 69 83 86
15 25 39 42 56 70 73 87
15 26 29 43 57 71 74 88
15 27 30 44 58 72 75 89
15 28 31 45 59 62 76 90
16 18 31 44 57 70 83 85
16 19 32 45 58 71 73 86
16 20 33 46 59 72 74 87
16 21 34 47 60 62 75 88
16 22 35 48 61 63 76 89
16 23 36 49 51 64 77 90
16 24 37 50 52 65 78 91
16 25 38 40 53 66 79 92
16 26 39 41 54 67 80 93
16 28 30 43 56 69 82 84
17 18 30 42 54 66 78 90
17 19 31 43 55 67 79 91
17 20 32 44 56 68 80 92
17 21 33 45 57 69 81 93
17 23 35 47 59 71 83 84
17 24 36 48 60 72 73 85
17 25 37 49 61 62 74 86
17 26 38 50 51 63 75 87
17 27 39 40 52 64 76 88
17 28 29 41 53 65 77 89
62 63 64 65 66 67 68 71
