0 1 2 3 94
0 4 12 26 72
0 5 36 41 95
0 6 55 61 92
0 7 10 21 90
0 8 22 68 89
0 9 39 43 75
0 11 38 57 83
0 13 29 35 79
0 14 60 64 87
0 15 66 69 91
0 16 33 58 82
0 17 42 56 78
0 18 34 51 86
0 19 20 44 81
0 23 38 45 74
0 24 52 71 76
0 25 32 63 85
0 27 37 46 73
0 28 47 48 88
0 30 53 67 80
0 31 40 65 77
0 49 59 70 93
0 50 54 62 84
1 4 19 70 91
1 5 38 47 84
1 6 30 58 77
1 7 44 57 72
1 8 39 48 79
1 9 21 49 80
1 10 36 63 82
1 11 22 24 93
1 12 18 67 92
1 13 41 65 78
1 14 39 46 88
1 15 20 50 85
1 16 27 54 87
1 17 23 60 76
1 25 33 45 86
1 26 40 56 74
1 28 51 66 81
1 29 53 61 75
1 31 35 64 73
1 32 37 68 95
1 34 43 69 83
1 42 55 71 89
1 52 59 62 90
2 4 53 63 93
2 5 8 23 91
2 6 14 24 72
2 7 38 43 95
2 9 36 59 83
2 10 20 70 89
2 11 37 41 75
2 12 62 66 87
2 13 64 71 90
2 15 31 33 79
2 16 32 49 86
2 17 22 46 81
2 18 35 56 82
2 19 40 58 78
2 21 36 47 74
2 25 39 44 73
2 26 54 69 76
2 27 34 61 85
2 28 55 65 80
2 29 42 67 77
2 30 45 50 88
2 48 52 60 84
2 51 57 68 92
3 4 28 56 77
3 5 46 59 72
3 6 17 68 90
3 7 36 45 84
3 8 38 61 82
3 9 20 26 92
3 10 37 50 79
3 11 23 51 80
3 12 37 44 88
3 13 22 48 85
3 14 16 65 93
3 15 43 67 78
3 18 25 52 87
3 19 21 62 76
3 24 42 58 74
3 27 35 47 86
3 29 33 66 73
3 30 49 64 81
3 31 55 63 75
3 32 41 71 83
3 34 39 70 95
3 40 53 69 89
3 54 57 60 91
4 5 6 7 94
4 8 16 30 73
4 9 40 45 95
4 10 59 65 92
4 11 14 25 90
4 13 43 47 76
4 15 42 61 84
4 17 33 39 80
4 18 64 68 88
4 20 37 62 83
4 21 46 60 79
4 22 38 55 87
4 23 24 48 82
4 27 42 49 75
4 29 36 67 86
4 31 41 50 74
4 32 51 52 89
4 34 57 71 81
4 35 44 69 78
4 54 58 66 85
5 9 42 51 85
5 10 34 62 78
5 11 48 61 73
5 12 43 52 80
5 13 25 53 81
5 14 40 67 83
5 15 26 28 93
5 16 22 71 92
5 17 45 69 79
5 18 43 50 89
5 19 24 54 86
5 20 31 58 88
5 21 27 64 77
5 29 37 49 87
5 30 44 60 75
5 32 55 70 82
5 33 57 65 76
5 35 39 68 74
5 56 63 66 90
6 8 57 67 93
6 9 12 27 91
6 10 18 28 73
6 11 42 47 95
6 13 40 63 84
6 15 41 45 76
6 16 66 70 88
6 19 35 37 80
6 20 36 53 87
6 21 26 50 82
6 22 39 60 83
6 23 44 62 79
6 25 40 51 75
6 29 43 48 74
6 31 38 65 86
6 32 59 69 81
6 33 46 71 78
6 34 49 54 89
6 52 56 64 85
7 8 32 60 78
7 9 50 63 73
7 11 40 49 85
7 12 42 65 83
7 13 24 30 92
7 14 41 54 80
7 15 27 55 81
7 16 41 48 89
7 17 26 52 86
7 18 20 69 93
7 19 47 71 79
7 22 29 56 88
7 23 25 66 77
7 28 46 62 75
7 31 39 51 87
7 33 37 70 74
7 34 53 68 82
7 35 59 67 76
7 58 61 64 91
8 9 10 11 94
8 12 20 34 74
8 13 44 49 95
8 14 63 69 92
8 15 18 29 90
8 17 47 51 77
8 19 46 65 85
8 21 37 43 81
8 24 41 66 84
8 25 50 64 80
8 26 42 59 88
8 27 28 52 83
8 31 46 53 76
8 33 40 71 87
8 35 45 54 75
8 36 55 56 72
8 58 62 70 86
9 13 46 55 86
9 14 38 66 79
9 15 52 65 74
9 16 47 56 81
9 17 29 57 82
9 18 44 71 84
9 19 30 32 93
9 22 47 54 72
9 23 28 58 87
9 24 35 62 89
9 25 31 68 78
9 33 41 53 88
9 34 48 64 76
9 37 61 69 77
9 60 67 70 90
10 12 61 71 93
10 13 16 31 91
10 14 22 32 74
10 15 46 51 95
10 17 44 67 85
10 19 45 49 77
10 23 39 41 81
10 24 40 57 88
10 25 30 54 83
10 26 43 64 84
10 27 48 66 80
10 29 44 55 76
10 33 47 52 75
10 35 42 69 87
10 38 53 58 72
10 56 60 68 86
11 12 36 64 79
11 13 54 67 74
11 15 44 53 86
11 16 46 69 84
11 17 28 34 92
11 18 45 58 81
11 19 31 59 82
11 20 45 52 72
11 21 30 56 87
11 26 33 60 89
11 27 29 70 78
11 32 50 66 76
11 35 43 55 88
11 39 63 71 77
11 62 65 68 91
12 13 14 15 94
12 16 24 38 75
12 17 48 53 95
12 19 22 33 90
12 21 51 55 78
12 23 50 69 86
12 25 41 47 82
12 28 45 70 85
12 29 54 68 81
12 30 46 63 89
12 31 32 56 84
12 35 50 57 77
12 39 49 58 76
12 40 59 60 73
13 17 50 59 87
13 18 42 70 80
13 19 56 69 75
13 20 51 60 82
13 21 33 61 83
13 23 34 36 93
13 26 51 58 73
13 27 32 62 88
13 28 39 66 72
13 37 45 57 89
13 38 52 68 77
14 17 20 35 91
14 18 26 36 75
14 19 50 55 95
14 21 48 71 86
14 23 49 53 78
14 27 43 45 82
14 28 44 61 89
14 29 34 58 84
14 30 47 68 85
14 31 52 70 81
14 33 48 59 77
14 37 51 56 76
14 42 57 62 73
15 16 40 68 80
15 17 58 71 75
15 19 48 57 87
15 21 32 38 92
15 22 49 62 82
15 23 35 63 83
15 24 49 56 73
15 25 34 60 88
15 30 37 64 72
15 36 54 70 77
15 39 47 59 89
16 17 18 19 94
16 20 28 42 76
16 21 52 57 95
16 23 26 37 90
16 25 55 59 79
16 29 45 51 83
16 34 50 67 72
16 35 36 60 85
16 39 54 61 78
16 43 53 62 77
16 44 63 64 74
17 21 54 63 88
17 24 55 64 83
17 25 37 65 84
17 27 38 40 93
17 30 55 62 74
17 31 36 66 89
17 32 43 70 73
17 41 49 61 72
18 21 24 39 91
18 22 30 40 76
18 23 54 59 95
18 27 53 57 79
18 31 47 49 83
18 32 48 65 72
18 33 38 62 85
18 37 52 63 78
18 41 55 60 77
18 46 61 66 74
19 23 52 61 88
19 25 36 42 92
19 26 53 66 83
19 27 39 67 84
19 28 53 60 74
19 29 38 64 89
19 34 41 68 73
19 43 51 63 72
20 21 22 23 94
20 24 32 46 77
20 25 56 61 95
20 27 30 41 90
20 29 59 63 80
20 33 49 55 84
20 38 54 71 73
20 39 40 64 86
20 43 58 65 79
20 47 57 66 78
20 48 67 68 75
21 25 58 67 89
21 28 59 68 84
21 29 41 69 85
21 31 42 44 93
21 34 59 66 75
21 35 40 70 72
21 45 53 65 73
22 25 28 43 91
22 26 34 44 77
22 27 58 63 95
22 31 57 61 80
22 35 51 53 84
22 36 52 69 73
22 37 42 66 86
22 41 56 67 79
22 45 59 64 78
22 50 65 70 75
23 27 56 65 89
23 29 40 46 92
23 30 57 70 84
23 31 43 71 85
23 32 57 64 75
23 33 42 68 72
23 47 55 67 73
24 25 26 27 94
24 28 36 50 78
24 29 60 65 95
24 31 34 45 90
24 33 63 67 81
24 37 53 59 85
24 43 44 68 87
24 47 62 69 80
24 51 61 70 79
25 29 62 71 72
25 35 46 48 93
25 38 63 70 76
25 49 57 69 74
26 29 32 47 91
26 30 38 48 78
26 31 62 67 95
26 35 61 65 81
26 39 55 57 85
26 41 46 70 87
26 45 60 71 80
26 49 63 68 79
27 31 60 69 72
27 33 44 50 92
27 36 61 68 76
27 51 59 71 74
28 29 30 31 94
28 32 40 54 79
28 33 64 69 95
28 35 38 49 90
28 37 67 71 82
28 41 57 63 86
29 39 50 52 93
30 33 36 51 91
30 34 42 52 79
30 35 66 71 95
30 39 65 69 82
30 43 59 61 86
31 37 48 54 92
32 33 34 35 94
32 36 44 58 80
32 39 42 53 90
32 45 61 67 87
33 43 54 56 93
34 37 40 55 91
34 38 46 56 80
34 47 63 65 87
35 41 52 58 92
36 37 38 39 94
36 40 48 62 81
36 43 46 57 90
36 49 65 71 88
37 47 58 60 93
38 41 44 59 91
38 42 50 60 81
38 51 67 69 88
39 45 56 62 92
40 41 42 43 94
40 44 52 66 82
40 47 50 61 90
41 51 62 64 93
42 45 48 63 91
42 46 54 64 82
43 49 60 66 92
44 45 46 47 94
44 48 56 70 83
44 51 54 65 90
45 55 66 68 93
46 49 52 67 91
46 50 58 68 83
47 53 64 70 92
48 49 50 51 94
48 55 58 69 90
50 53 56 71 91
52 53 54 55 94
56 57 58 59 94
60 61 62 63 94
64 65 66 67 94
68 69 70 71 94
72 73 74 75 76
72 77 82 87 92
72 78 82 84 90
72 79 86 88 95
72 80 83 91 94
72 81 85 89 93
73 77 86 90 94
73 78 83 88 93
73 79 85 91 92
73 80 82 87 89
73 81 84 87 95
74 77 85 88 93
74 78 82 91 95
74 79 84 89 94
74 80 86 87 93
74 81 83 90 92
75 77 84 91 93
75 78 86 89 92
75 79 82 83 87
75 80 85 90 95
75 81 82 88 94
76 77 83 89 95
76 78 85 87 94
76 79 82 90 93
76 80 84 88 92
76 81 86 91 95
77 78 79 80 81
81 92 93 94 95
82 83 84 85 86
87 88 89 90 91
