0 1 4 9 14 76 92
0 2 3 5 6 71 81
0 7 8 10 11 72 82
0 12 13 15 16 74 83
0 17 18 19 22 84 95
0 20 21 23 27 80 86
0 24 25 26 28 66 85
0 29 30 31 32 78 87
0 33 34 35 36 75 88
0 37 45 46 48 65 90
0 38 39 40 41 73 89
0 42 43 44 47 67 91
0 49 54 59 64 68 79
0 50 51 52 53 69 94
0 55 56 57 58 70 93
0 60 61 62 63 77 81
1 2 7 18 39 67 91
1 3 20 30 56 84 95
1 5 13 33 54 70 93
1 6 44 51 62 74 83
1 8 23 34 60 71 81
1 10 16 28 47 68 79
1 11 32 48 64 80 86
1 12 17 29 50 66 85
1 15 46 58 63 78 87
1 19 21 37 43 69 94
1 22 25 35 57 73 89
1 24 31 40 61 72 82
1 26 27 52 59 75 88
1 36 41 45 53 77 83
1 38 42 49 55 65 90
2 4 16 34 64 70 82
2 8 25 49 62 69 87
2 9 21 29 57 84 95
2 10 18 42 50 59 78
2 10 36 44 58 66 86
2 11 27 37 51 73 93
2 12 28 52 55 69 80
2 13 38 43 46 75 85
2 14 42 53 61 74 89
2 15 17 20 60 65 68
2 19 24 30 47 77 88
2 22 45 56 59 72 83
2 23 26 33 40 78 90
2 31 35 48 63 79 94
2 32 41 50 54 76 92
3 4 43 52 60 74 86
3 7 23 46 50 68 73
3 8 33 47 55 66 94
3 9 11 17 40 67 87
3 10 26 63 64 69 89
3 12 37 41 42 75 82
3 13 24 53 58 80 91
3 14 15 35 49 70 93
3 16 18 21 61 65 88
3 19 48 54 57 72 81
3 22 28 29 44 77 90
3 25 27 36 39 78 83
3 31 38 51 59 76 92
3 32 34 45 62 79 85
4 5 8 22 41 67 88
4 6 23 31 58 91 95
4 7 20 33 62 71 81
4 10 29 46 54 80 83
4 11 13 26 42 68 79
4 12 48 56 61 78 87
4 15 19 32 53 66 90
4 17 27 44 45 69 94
4 18 24 36 55 73 89
4 21 28 49 51 75 91
4 25 30 38 63 72 93
4 35 37 39 50 77 84
4 40 47 57 59 65 85
5 7 24 59 60 69 90
5 9 47 50 63 74 83
5 10 21 45 52 73 87
5 11 35 43 56 66 92
5 12 19 23 62 65 89
5 14 27 32 55 68 95
5 15 26 51 57 80 82
5 16 40 44 48 75 84
5 17 25 31 42 77 86
5 18 37 49 58 72 85
5 20 28 34 38 78 94
5 29 39 53 64 76 92
5 30 36 46 61 79 91
6 7 34 42 57 66 87
6 8 20 48 53 73 85
6 9 12 36 59 70 94
6 10 14 19 38 67 91
6 11 28 54 61 69 84
6 13 22 27 63 65 82
6 15 39 45 47 75 86
6 16 25 50 56 80 90
6 17 46 55 64 72 88
6 18 26 32 43 77 93
6 21 24 35 41 68 78
6 29 33 37 60 79 89
6 30 40 49 52 76 92
7 9 31 45 49 80 89
7 12 14 25 43 79 84
7 13 17 36 48 76 92
7 15 21 54 55 77 85
7 16 41 51 63 86 95
7 19 44 52 64 78 93
7 22 32 58 61 75 94
7 26 30 35 53 65 83
7 27 29 38 47 70 87
7 28 37 40 56 74 88
8 9 15 24 44 66 79
8 12 27 57 64 77 91
8 13 39 52 61 90 95
8 14 30 37 59 80 86
8 16 19 35 46 76 92
8 17 43 51 54 78 89
8 18 29 56 63 68 75
8 21 32 40 42 70 83
8 26 38 45 58 74 84
8 28 31 36 50 65 93
9 10 27 35 61 71 85
9 13 18 30 51 66 81
9 16 37 55 62 78 91
9 19 26 34 56 73 86
9 20 22 42 46 69 93
9 23 25 53 54 75 88
9 28 32 39 60 72 82
9 33 38 48 52 68 77
9 41 43 58 64 65 90
10 12 40 53 60 93 95
10 13 23 49 56 77 94
10 15 22 34 37 76 92
10 17 30 57 62 75 90
10 20 31 39 43 70 88
10 24 32 33 51 65 84
10 25 41 48 55 74 81
11 12 18 33 45 76 92
11 14 21 36 63 71 90
11 15 38 50 62 88 95
11 16 20 58 59 77 89
11 19 31 55 60 75 83
11 22 47 49 53 78 81
11 23 30 41 44 70 85
11 24 39 46 57 74 94
11 25 29 34 52 65 91
12 20 35 47 51 72 90
12 21 26 31 46 67 81
12 22 24 38 54 71 86
12 30 34 39 58 68 69
12 32 44 49 63 73 88
13 14 45 57 60 78 88
13 19 28 41 59 71 87
13 20 25 32 37 67 90
13 21 34 44 50 72 89
13 29 35 40 55 69 86
13 31 47 62 64 73 84
14 16 22 31 52 66 85
14 17 28 33 58 73 83
14 18 23 47 48 69 82
14 20 24 50 64 75 87
14 26 29 41 62 72 94
14 34 40 46 51 77 87
14 39 44 54 56 65 81
15 18 25 40 64 71 94
15 23 36 42 52 72 84
15 27 28 30 48 67 89
15 29 43 59 61 73 81
15 31 33 41 56 69 91
16 17 26 39 49 69 71
16 23 24 29 45 67 93
16 27 33 43 53 72 87
16 30 42 54 60 73 94
16 32 36 38 57 69 81
17 21 38 53 56 79 82
17 23 32 35 59 74 91
17 24 37 52 63 70 81
17 34 41 47 61 80 93
18 20 41 52 57 79 83
18 27 31 34 54 74 90
18 28 46 53 62 70 86
18 35 38 44 60 80 87
19 20 29 36 49 74 82
19 25 45 51 61 68 70
19 27 40 50 58 79 81
19 33 39 42 63 80 85
20 26 44 55 61 76 92
20 40 45 54 63 66 91
21 22 30 33 64 74 87
21 25 47 58 60 76 92
21 39 48 59 62 66 93
22 23 39 51 55 79 87
22 26 48 50 60 70 91
22 36 40 43 62 68 80
23 28 43 57 63 76 92
23 37 38 61 64 66 83
24 27 42 56 62 76 92
24 34 43 48 49 83 95
25 33 44 46 59 82 95
26 36 37 47 54 87 95
27 41 46 49 60 66 84
28 35 42 45 64 81 95
29 42 48 51 58 71 88
30 43 45 50 55 71 82
31 37 44 53 57 68 71
32 46 47 52 56 71 89
33 49 50 57 61 67 86
34 53 55 59 63 67 84
35 52 54 58 62 67 82
36 51 56 60 64 67 85
65 66 67 69 76 83 87
65 67 70 71 74 75 77
65 67 72 76 78 79 86
65 67 73 80 92 94 95
66 67 68 74 76 80 88
66 69 70 72 75 89 95
66 71 73 77 78 82 91
68 72 83 85 87 91 92
68 76 81 82 84 89 91
68 86 88 90 91 93 94
69 72 73 74 79 88 93
69 74 77 78 85 92 95
70 73 75 76 79 90 92
70 75 78 80 81 84 93
71 72 76 77 79 80 95
71 83 84 89 92 93 94
76 81 82 85 87 93 94
81 82 83 86 88 90 92
84 85 86 87 88 89 90
