# # E_gamma (MeV)  Final State Radiation (MeV^-1 s^-1)
5.145440e-01 1.985098e+09
5.413360e-01 1.483343e+09
5.695230e-01 1.323777e+09
5.991770e-01 1.115968e+09
6.303750e-01 9.843537e+08
6.631980e-01 6.301651e+08
6.977300e-01 5.590617e+08
7.340600e-01 4.859982e+08
7.722810e-01 3.349845e+08
8.124930e-01 2.920930e+08
8.547980e-01 1.795047e+08
8.993070e-01 1.550446e+08
9.461320e-01 8.861226e+07
9.953960e-01 4.720412e+07
1.047230e+00 4.049767e+07
1.101750e+00 1.762979e+07
1.159120e+00 9.842912e+06
1.219470e+00 8.448852e+06
1.282970e+00 5.075300e+06
1.349770e+00 1.506780e+06
1.420050e+00 8.615504e+05
1.493990e+00 7.282843e+05
1.571780e+00 1.505528e+05
1.653620e+00 1.203893e+05
1.739730e+00 2.854215e+04
1.830310e+00 2.433308e+04
1.925610e+00 1.238532e+04
2.025880e+00 4.278895e+03
2.131360e+00 1.729569e+03
2.242340e+00 6.633275e+02
2.359100e+00 5.609193e+02
2.481930e+00 2.075906e+02
2.611160e+00 1.556575e+02
2.747120e+00 2.890233e+01
2.890160e+00 1.594373e+00
3.040650e+00 4.373479e-01
3.198970e+00 3.678562e-01
3.365530e+00 2.062160e-01
3.540770e+00 7.224213e-03
3.725140e+00 3.910147e-03
3.919100e+00 1.664527e-03
4.123160e+00 1.851121e-04
4.337850e+00 3.027737e-06
4.563720e+00 1.224795e-06
4.801340e+00 9.749723e-07
5.051340e+00 4.718794e-08
5.314360e+00 5.002082e-09
5.591070e+00 2.884261e-09
5.882190e+00 2.077472e-11
6.188470e+00 5.439772e-12
6.510690e+00 3.588372e-14
6.849700e+00 1.553663e-15
7.206350e+00 5.687824e-17
7.581580e+00 1.678546e-18
7.976340e+00 9.295128e-19
8.391660e+00 2.337607e-20
8.828600e+00 7.917956e-21
9.288290e+00 1.303531e-22
9.771920e+00 6.313770e-25
1.028070e+01 4.817787e-25
1.081600e+01 6.035466e-27
1.137920e+01 8.087605e-31
1.197170e+01 8.116849e-33
1.259510e+01 3.699989e-33
1.325090e+01 3.830220e-36
1.394080e+01 1.291170e-40
1.466670e+01 6.967288e-41
1.543040e+01 2.822375e-45
1.623380e+01 6.746414e-50
1.707910e+01 5.546025e-53
1.796840e+01 5.793178e-56
1.890400e+01 3.154015e-56
1.988830e+01 2.127107e-60
2.092380e+01 4.832010e-64
2.201330e+01 3.162314e-70
2.315950e+01 2.419366e-76
2.436540e+01 4.484731e-77
2.563410e+01 6.307953e-81
2.696880e+01 2.861770e-91
2.837300e+01 2.631143e-96
2.985040e+01 5.372934e-102
3.140470e+01 2.112312e-108
3.303990e+01 1.000890e-108
3.476020e+01 4.754216e-121
3.657010e+01 4.200485e-128
3.847430e+01 3.522825e-135
4.047760e+01 2.135349e-135
4.258520e+01 4.931937e-143
4.480250e+01 1.839198e-151
4.713530e+01 3.538801e-169
4.958960e+01 3.600353e-179
5.217170e+01 6.187852e-188
5.488820e+01 1.527182e-188
5.774620e+01 1.339052e-198
6.075290e+01 1.923212e-221
6.391620e+01 1.788308e-233
6.724430e+01 1.197148e-233
7.074560e+01 8.062079e-260
7.442920e+01 4.092703e-274
7.830470e+01 5.550956e-289
8.238190e+01 1.264704e-304
8.667140e+01 0.000000e+00
