# E_gamma(MeV)   IFA_secondary_masked(MeV^-1 s^-1)
5.145440e-01 1.476713e+06
5.413360e-01 1.570817e+06
5.695230e-01 1.697167e+06
5.991770e-01 3.642204e+06
6.303750e-01 3.100595e+07
6.631980e-01 1.485022e+08
6.977300e-01 4.398008e+08
7.340600e-01 8.884499e+08
7.722810e-01 1.461716e+09
8.124930e-01 2.017713e+09
8.547980e-01 2.371653e+09
8.993070e-01 2.466324e+09
9.461320e-01 2.289972e+09
9.953960e-01 1.866617e+09
1.047230e+00 1.392100e+09
1.101750e+00 9.831733e+08
1.159120e+00 6.284250e+08
1.219470e+00 3.763314e+08
1.282970e+00 2.330086e+08
1.349770e+00 1.289598e+08
1.420050e+00 6.780331e+07
1.493990e+00 3.709318e+07
1.571780e+00 1.706185e+07
1.653620e+00 7.956359e+06
1.739730e+00 2.814583e+06
1.830310e+00 1.252357e+06
1.925610e+00 6.595104e+05
2.025880e+00 3.668263e+05
2.131360e+00 1.736996e+05
2.242340e+00 5.768734e+04
2.359100e+00 2.147884e+04
2.481930e+00 8.871842e+03
2.611160e+00 3.248289e+03
2.747120e+00 1.431490e+03
2.890160e+00 5.476437e+02
3.040650e+00 2.406547e+02
3.198970e+00 6.973289e+01
3.365530e+00 7.782698e+00
3.540770e+00 1.878215e+00
3.725140e+00 6.178149e-01
3.919100e+00 2.647065e-01
4.123160e+00 7.252898e-02
4.337850e+00 2.097696e-02
4.563720e+00 6.053357e-03
4.801340e+00 1.661604e-03
5.051340e+00 6.019058e-04
5.314360e+00 1.645716e-04
5.591070e+00 6.048713e-05
5.882190e+00 1.436378e-05
6.188470e+00 5.555610e-06
6.510690e+00 1.417033e-06
6.849700e+00 5.730480e-07
7.206350e+00 1.509983e-07
7.581580e+00 5.747778e-08
7.976340e+00 1.401521e-08
8.391660e+00 5.619997e-09
8.828600e+00 0.000000e+00
9.288290e+00 0.000000e+00
9.771920e+00 0.000000e+00
1.028070e+01 0.000000e+00
1.081600e+01 0.000000e+00
1.137920e+01 0.000000e+00
1.197170e+01 0.000000e+00
1.259510e+01 0.000000e+00
1.325090e+01 0.000000e+00
1.394080e+01 0.000000e+00
1.466670e+01 0.000000e+00
1.543040e+01 0.000000e+00
1.623380e+01 0.000000e+00
1.707910e+01 0.000000e+00
1.796840e+01 0.000000e+00
1.890400e+01 0.000000e+00
1.988830e+01 0.000000e+00
2.092380e+01 0.000000e+00
2.201330e+01 0.000000e+00
2.315950e+01 0.000000e+00
2.436540e+01 0.000000e+00
2.563410e+01 0.000000e+00
2.696880e+01 0.000000e+00
2.837300e+01 0.000000e+00
2.985040e+01 0.000000e+00
3.140470e+01 0.000000e+00
3.303990e+01 0.000000e+00
3.476020e+01 0.000000e+00
3.657010e+01 0.000000e+00
3.847430e+01 0.000000e+00
4.047760e+01 0.000000e+00
4.258520e+01 0.000000e+00
4.480250e+01 0.000000e+00
4.713530e+01 0.000000e+00
4.958960e+01 0.000000e+00
5.217170e+01 0.000000e+00
5.488820e+01 0.000000e+00
5.774620e+01 0.000000e+00
6.075290e+01 0.000000e+00
6.391620e+01 0.000000e+00
6.724430e+01 0.000000e+00
7.074560e+01 0.000000e+00
7.442920e+01 0.000000e+00
7.830470e+01 0.000000e+00
8.238190e+01 0.000000e+00
8.667140e+01 0.000000e+00
