Hawking secondary spectra for each particle type.
energy/particle         photon       electron           nu_e          nu_mu         nu_tau         proton
    1.00000e-06    1.20107e+16    0.00000e+00    1.70577e+23    6.60023e+18    0.00000e+00    0.00000e+00
    1.05207e-06    2.20498e+16    0.00000e+00    1.83824e+23    9.99704e+18    6.48937e+12    0.00000e+00
    1.10685e-06    2.34763e+16    0.00000e+00    1.93968e+23    9.65192e+18    7.15778e+12    0.00000e+00
    1.16448e-06    2.47975e+16    0.00000e+00    2.00200e+23    1.12159e+19    7.89501e+12    0.00000e+00
    1.22511e-06    2.87656e+16    0.00000e+00    2.17416e+23    1.56801e+19    8.70817e+12    0.00000e+00
    1.28890e-06    4.82013e+16    0.00000e+00    2.30847e+23    1.63285e+19    9.60512e+12    0.00000e+00
    1.35602e-06    5.35713e+16    0.00000e+00    2.45513e+23    2.08806e+19    1.05946e+13    0.00000e+00
    1.42662e-06    5.81758e+16    0.00000e+00    2.58485e+23    2.10367e+19    1.16857e+13    0.00000e+00
    1.50090e-06    1.16879e+17    0.00000e+00    2.78236e+23    2.58927e+19    1.28894e+13    0.00000e+00
    1.57905e-06    1.35770e+17    0.00000e+00    2.86157e+23    3.21128e+19    1.42170e+13    0.00000e+00
    1.66127e-06    1.25828e+17    0.00000e+00    3.05071e+23    3.29591e+19    1.56814e+13    0.00000e+00
    1.74777e-06    2.19114e+17    0.00000e+00    3.19973e+23    4.66004e+19    1.72966e+13    0.00000e+00
    1.83878e-06    2.55419e+17    0.00000e+00    3.36184e+23    4.78356e+19    1.90782e+13    0.00000e+00
    1.93452e-06    2.62122e+17    0.00000e+00    3.54334e+23    5.50299e+19    2.10433e+13    0.00000e+00
    2.03525e-06    3.46924e+17    0.00000e+00    3.67109e+23    7.37330e+19    2.32108e+13    0.00000e+00
    2.14122e-06    4.28648e+17    0.00000e+00    3.81567e+23    8.34874e+19    2.56015e+13    0.00000e+00
    2.25271e-06    5.67489e+17    0.00000e+00    4.02070e+23    8.90775e+19    2.82384e+13    0.00000e+00
    2.37001e-06    5.82550e+17    0.00000e+00    4.13734e+23    1.05915e+20    3.11471e+13    0.00000e+00
    2.49341e-06    7.45227e+17    0.00000e+00    4.29515e+23    1.16488e+20    3.43552e+13    0.00000e+00
    2.62324e-06    8.51880e+17    0.00000e+00    4.44057e+23    1.49118e+20    3.78939e+13    0.00000e+00
    2.75983e-06    9.42100e+17    0.00000e+00    4.60806e+23    1.69540e+20    4.17970e+13    0.00000e+00
    2.90353e-06    1.29531e+18    0.00000e+00    4.74545e+23    1.76630e+20    4.61022e+13    0.00000e+00
    3.05471e-06    1.55932e+18    0.00000e+00    4.85027e+23    2.13978e+20    5.08506e+13    0.00000e+00
    3.21376e-06    1.72500e+18    0.00000e+00    4.96387e+23    2.36127e+20    5.60882e+13    0.00000e+00
    3.38110e-06    2.06859e+18    0.00000e+00    5.07923e+23    2.94385e+20    6.18654e+13    0.00000e+00
    3.55715e-06    2.71889e+18    0.00000e+00    5.16757e+23    3.56409e+20    6.82377e+13    0.00000e+00
    3.74237e-06    3.40069e+18    0.00000e+00    5.24403e+23    3.74670e+20    7.52664e+13    0.00000e+00
    3.93723e-06    3.26072e+18    0.00000e+00    5.36440e+23    4.32567e+20    8.30189e+13    0.00000e+00
    4.14223e-06    4.09145e+18    0.00000e+00    5.38365e+23    4.96195e+20    9.15697e+13    0.00000e+00
    4.35791e-06    5.70625e+18    0.00000e+00    5.42980e+23    5.73277e+20    1.01001e+14    0.00000e+00
    4.58482e-06    6.34102e+18    0.00000e+00    5.45727e+23    6.73932e+20    1.11405e+14    0.00000e+00
    4.82355e-06    6.89200e+18    0.00000e+00    5.47455e+23    7.32542e+20    1.22880e+14    0.00000e+00
    5.07471e-06    9.23484e+18    0.00000e+00    5.43364e+23    7.67748e+20    1.35537e+14    0.00000e+00
    5.33894e-06    9.97108e+18    0.00000e+00    5.39927e+23    9.56536e+20    1.49497e+14    0.00000e+00
    5.61693e-06    1.14878e+19    0.00000e+00    5.33448e+23    1.08399e+21    1.64895e+14    0.00000e+00
    5.90940e-06    1.30900e+19    0.00000e+00    5.26363e+23    1.22337e+21    1.81880e+14    0.00000e+00
    6.21709e-06    1.55028e+19    0.00000e+00    5.17984e+23    1.30197e+21    2.00613e+14    0.00000e+00
    6.54081e-06    1.87425e+19    0.00000e+00    5.09701e+23    1.46515e+21    2.21277e+14    0.00000e+00
    6.88138e-06    2.12596e+19    0.00000e+00    4.93209e+23    1.70630e+21    2.44069e+14    0.00000e+00
    7.23968e-06    2.69627e+19    0.00000e+00    4.81228e+23    1.89333e+21    2.69208e+14    0.00000e+00
    7.61664e-06    2.95458e+19    0.00000e+00    4.65289e+23    2.05349e+21    2.96936e+14    0.00000e+00
    8.01323e-06    3.06850e+19    0.00000e+00    4.49603e+23    2.36725e+21    3.27521e+14    0.00000e+00
    8.43047e-06    4.17313e+19    0.00000e+00    4.31314e+23    2.59428e+21    3.61256e+14    0.00000e+00
    8.86943e-06    5.06796e+19    0.00000e+00    4.12856e+23    2.85185e+21    3.98466e+14    0.00000e+00
    9.33125e-06    5.45540e+19    0.00000e+00    3.90349e+23    3.27956e+21    4.39508e+14    0.00000e+00
    9.81712e-06    6.18550e+19    0.00000e+00    3.74004e+23    3.62916e+21    4.84779e+14    0.00000e+00
    1.03283e-05    7.18603e+19    0.00000e+00    3.50964e+23    3.83533e+21    5.34713e+14    0.00000e+00
    1.08661e-05    8.35702e+19    0.00000e+00    3.31187e+23    4.42423e+21    5.89791e+14    0.00000e+00
    1.14318e-05    1.03754e+20    0.00000e+00    3.09642e+23    4.79438e+21    6.50531e+14    0.00000e+00
    1.20271e-05    1.12609e+20    0.00000e+00    2.90596e+23    5.36388e+21    7.17544e+14    0.00000e+00
    1.26533e-05    1.21716e+20    0.00000e+00    2.69518e+23    5.61239e+21    7.91447e+14    0.00000e+00
    1.33122e-05    1.37212e+20    0.00000e+00    2.50752e+23    6.36043e+21    8.72975e+14    0.00000e+00
    1.40053e-05    1.71523e+20    0.00000e+00    2.30535e+23    6.90177e+21    9.62885e+14    0.00000e+00
    1.47345e-05    2.02474e+20    0.00000e+00    2.14355e+23    7.54021e+21    1.06206e+15    0.00000e+00
    1.55018e-05    2.32436e+20    0.00000e+00    1.95239e+23    8.24894e+21    1.17147e+15    0.00000e+00
    1.63089e-05    2.55902e+20    0.00000e+00    1.79957e+23    9.08810e+21    1.29212e+15    0.00000e+00
    1.71581e-05    2.83726e+20    0.00000e+00    1.65100e+23    9.47616e+21    1.42521e+15    0.00000e+00
    1.80515e-05    3.23073e+20    0.00000e+00    1.51532e+23    1.05933e+22    1.57201e+15    0.00000e+00
    1.89914e-05    3.93812e+20    0.00000e+00    1.37146e+23    1.16569e+22    1.73393e+15    0.00000e+00
    1.99803e-05    4.48158e+20    0.00000e+00    1.25719e+23    1.23908e+22    1.91253e+15    0.00000e+00
    2.10206e-05    4.70297e+20    0.00000e+00    1.14109e+23    1.32714e+22    2.10951e+15    0.00000e+00
    2.21151e-05    5.33453e+20    0.00000e+00    1.03971e+23    1.46200e+22    2.32679e+15    0.00000e+00
    2.32666e-05    6.47938e+20    0.00000e+00    9.41615e+22    1.55310e+22    2.56645e+15    0.00000e+00
    2.44781e-05    6.74922e+20    0.00000e+00    8.59656e+22    1.68654e+22    2.83081e+15    0.00000e+00
    2.57526e-05    7.62611e+20    0.00000e+00    7.84957e+22    1.82867e+22    3.12238e+15    0.00000e+00
    2.70935e-05    8.72953e+20    0.00000e+00    7.18555e+22    1.96013e+22    3.44398e+15    0.00000e+00
    2.85043e-05    9.83899e+20    0.00000e+00    6.59437e+22    2.07639e+22    3.79874e+15    0.00000e+00
    2.99884e-05    1.05165e+21    0.00000e+00    6.09423e+22    2.24184e+22    4.18999e+15    0.00000e+00
    3.15499e-05    1.21035e+21    0.00000e+00    5.61354e+22    2.41842e+22    4.62158e+15    0.00000e+00
    3.31927e-05    1.32118e+21    0.00000e+00    5.27239e+22    2.58872e+22    5.09762e+15    0.00000e+00
    3.49210e-05    1.46789e+21    0.00000e+00    4.94983e+22    2.71643e+22    5.62268e+15    0.00000e+00
    3.67392e-05    1.62419e+21    0.00000e+00    4.61937e+22    2.92762e+22    6.20179e+15    0.00000e+00
    3.86522e-05    1.87112e+21    0.00000e+00    4.41473e+22    3.12172e+22    6.84059e+15    0.00000e+00
    4.06648e-05    2.00097e+21    0.00000e+00    4.27990e+22    3.30098e+22    7.54519e+15    0.00000e+00
    4.27821e-05    2.15455e+21    0.00000e+00    4.11035e+22    3.49760e+22    8.32233e+15    0.00000e+00
    4.50098e-05    2.42903e+21    0.00000e+00    4.01013e+22    3.73580e+22    9.17958e+15    0.00000e+00
    4.73533e-05    2.74089e+21    0.00000e+00    3.96922e+22    3.92399e+22    1.01250e+16    0.00000e+00
    4.98190e-05    2.95875e+21    0.00000e+00    3.94094e+22    4.15653e+22    1.11680e+16    0.00000e+00
    5.24130e-05    3.20782e+21    0.00000e+00    3.93696e+22    4.39289e+22    1.23183e+16    0.00000e+00
    5.51421e-05    3.46152e+21    0.00000e+00    3.96181e+22    4.63347e+22    1.35871e+16    0.00000e+00
    5.80132e-05    3.77214e+21    0.00000e+00    3.99436e+22    4.82789e+22    1.49865e+16    0.00000e+00
    6.10339e-05    4.15183e+21    0.00000e+00    4.02262e+22    5.11012e+22    1.65302e+16    0.00000e+00
    6.42119e-05    4.56334e+21    0.00000e+00    4.11682e+22    5.37714e+22    1.82328e+16    0.00000e+00
    6.75553e-05    4.88227e+21    0.00000e+00    4.20864e+22    5.61934e+22    2.01108e+16    0.00000e+00
    7.10728e-05    5.33731e+21    0.00000e+00    4.30116e+22    5.84485e+22    2.21822e+16    0.00000e+00
    7.47735e-05    5.74116e+21    0.00000e+00    4.38956e+22    6.10738e+22    2.44671e+16    0.00000e+00
    7.86668e-05    6.21896e+21    0.00000e+00    4.52113e+22    6.35195e+22    2.69872e+16    0.00000e+00
    8.27629e-05    6.68578e+21    0.00000e+00    4.60615e+22    6.65221e+22    2.97669e+16    0.00000e+00
    8.70722e-05    7.24243e+21    0.00000e+00    4.73097e+22    6.91645e+22    3.28329e+16    0.00000e+00
    9.16060e-05    7.68716e+21    0.00000e+00    4.87128e+22    7.14260e+22    3.62147e+16    0.00000e+00
    9.63758e-05    8.20422e+21    0.00000e+00    4.97501e+22    7.38952e+22    3.99449e+16    0.00000e+00
    1.01394e-04    8.88602e+21    0.00000e+00    5.09285e+22    7.67341e+22    4.40593e+16    0.00000e+00
    1.06673e-04    9.54082e+21    0.00000e+00    5.23305e+22    7.93373e+22    4.85971e+16    0.00000e+00
    1.12228e-04    1.00313e+22    0.00000e+00    5.33570e+22    8.17246e+22    5.36032e+16    0.00000e+00
    1.18071e-04    1.06579e+22    0.00000e+00    5.44002e+22    8.40776e+22    5.91239e+16    0.00000e+00
    1.24219e-04    1.13253e+22    0.00000e+00    5.57096e+22    8.65491e+22    6.52139e+16    0.00000e+00
    1.30687e-04    1.20318e+22    0.00000e+00    5.67204e+22    8.93453e+22    7.19311e+16    0.00000e+00
    1.37492e-04    1.27021e+22    0.00000e+00    5.74846e+22    9.13563e+22    7.93404e+16    0.00000e+00
    1.44651e-04    1.34168e+22    0.00000e+00    5.87148e+22    9.35943e+22    8.75125e+16    0.00000e+00
    1.52183e-04    1.40532e+22    0.00000e+00    5.96031e+22    9.59308e+22    9.65267e+16    0.00000e+00
    1.60106e-04    1.48510e+22    0.00000e+00    6.04927e+22    9.78968e+22    1.06468e+17    0.00000e+00
    1.68443e-04    1.56796e+22    0.00000e+00    6.14116e+22    9.95755e+22    1.17435e+17    0.00000e+00
    1.77214e-04    1.64550e+22    0.00000e+00    6.19175e+22    1.01781e+23    1.29531e+17    0.00000e+00
    1.86441e-04    1.71560e+22    0.00000e+00    6.24204e+22    1.03373e+23    1.42873e+17    0.00000e+00
    1.96149e-04    1.80095e+22    0.00000e+00    6.33800e+22    1.05266e+23    1.57589e+17    0.00000e+00
    2.06362e-04    1.88140e+22    0.00000e+00    6.38753e+22    1.06801e+23    1.73821e+17    0.00000e+00
    2.17107e-04    1.95303e+22    0.00000e+00    6.40612e+22    1.08301e+23    1.91724e+17    0.00000e+00
    2.28411e-04    2.03628e+22    0.00000e+00    6.44054e+22    1.09414e+23    2.11471e+17    0.00000e+00
    2.40304e-04    2.13042e+22    0.00000e+00    6.48312e+22    1.10457e+23    2.33296e+17    0.00000e+00
    2.52817e-04    2.19766e+22    0.00000e+00    6.50190e+22    1.11575e+23    2.57386e+17    0.00000e+00
    2.65980e-04    2.26338e+22    0.00000e+00    6.51762e+22    1.12661e+23    2.83778e+17    0.00000e+00
    2.79830e-04    2.35184e+22    0.00000e+00    6.52019e+22    1.13042e+23    3.13076e+17    0.00000e+00
    2.94400e-04    2.43490e+22    0.00000e+00    6.51032e+22    1.13575e+23    3.45415e+17    0.00000e+00
    3.09729e-04    2.49569e+22    0.00000e+00    6.48705e+22    1.14197e+23    3.80810e+17    0.00000e+00
    3.25856e-04    2.56679e+22    0.00000e+00    6.48169e+22    1.14613e+23    4.20256e+17    0.00000e+00
    3.42823e-04    2.64330e+22    0.00000e+00    6.46089e+22    1.14612e+23    4.63297e+17    0.00000e+00
    3.60673e-04    2.70126e+22    0.00000e+00    6.41261e+22    1.14498e+23    5.11316e+17    0.00000e+00
    3.79453e-04    2.76476e+22    0.00000e+00    6.36213e+22    1.14326e+23    5.63838e+17    0.00000e+00
    3.99211e-04    2.83190e+22    0.00000e+00    6.33358e+22    1.14074e+23    6.21925e+17    0.00000e+00
    4.19997e-04    2.89236e+22    0.00000e+00    6.27836e+22    1.13468e+23    6.85994e+17    0.00000e+00
    4.41866e-04    2.93097e+22    0.00000e+00    6.20607e+22    1.12978e+23    7.56379e+17    0.00000e+00
    4.64873e-04    2.98051e+22    0.00000e+00    6.14270e+22    1.11929e+23    8.34573e+17    0.00000e+00
    4.89079e-04    3.03691e+22   4.31940e-110    6.07440e+22    1.10825e+23    9.20553e+17    0.00000e+00
    5.14544e-04    3.08539e+22    5.36595e+22    5.96312e+22    1.09949e+23    1.01539e+18    0.00000e+00
    5.41336e-04    3.11302e+22    5.30055e+22    5.87806e+22    1.08750e+23    1.11999e+18    0.00000e+00
    5.69523e-04    3.15594e+22    5.24218e+22    5.79343e+22    1.07194e+23    1.23538e+18    0.00000e+00
    5.99177e-04    3.18297e+22    5.17481e+22    5.69852e+22    1.05590e+23    1.36333e+18    0.00000e+00
    6.30375e-04    3.19932e+22    5.09007e+22    5.57468e+22    1.03977e+23    1.50313e+18    0.00000e+00
    6.63198e-04    3.22585e+22    5.01069e+22    5.46584e+22    1.02241e+23    1.65709e+18    0.00000e+00
    6.97730e-04    3.25073e+22    4.92610e+22    5.35145e+22    1.00349e+23    1.82868e+18    0.00000e+00
    7.34060e-04    3.25712e+22    4.82768e+22    5.22172e+22    9.84226e+22    2.01828e+18    0.00000e+00
    7.72281e-04    3.25894e+22    4.73855e+22    5.10449e+22    9.62992e+22    2.22369e+18    0.00000e+00
    8.12493e-04    3.26153e+22    4.64474e+22    4.97472e+22    9.40859e+22    2.45570e+18    0.00000e+00
    8.54798e-04    3.25969e+22    4.53323e+22    4.83533e+22    9.20027e+22    2.70719e+18    0.00000e+00
    8.99307e-04    3.24487e+22    4.42899e+22    4.68995e+22    8.96920e+22    2.98612e+18    0.00000e+00
    9.46132e-04    3.23664e+22    4.31909e+22    4.56873e+22    8.72684e+22    3.29378e+18    0.00000e+00
    9.95396e-04    3.21440e+22    4.20473e+22    4.42130e+22    8.47481e+22    3.63040e+18    0.00000e+00
    1.04723e-03    3.19031e+22    4.09065e+22    4.26937e+22    8.23780e+22    4.00712e+18    0.00000e+00
    1.10175e-03    3.15837e+22    3.97039e+22    4.11384e+22    7.97093e+22    4.41991e+18    0.00000e+00
    1.15912e-03    3.12824e+22    3.84476e+22    3.97908e+22    7.71488e+22    4.87533e+18    0.00000e+00
    1.21947e-03    3.09037e+22    3.72725e+22    3.83321e+22    7.45352e+22    5.38232e+18    0.00000e+00
    1.28297e-03    3.05154e+22    3.60029e+22    3.68609e+22    7.18887e+22    5.92700e+18    0.00000e+00
    1.34977e-03    2.99481e+22    3.47739e+22    3.53503e+22    6.91601e+22    6.54284e+18    0.00000e+00
    1.42005e-03    2.94581e+22    3.34468e+22    3.39290e+22    6.65133e+22    7.22396e+18    0.00000e+00
    1.49399e-03    2.89525e+22    3.22618e+22    3.24271e+22    6.38959e+22    7.96152e+18    0.00000e+00
    1.57178e-03    2.83500e+22    3.09429e+22    3.10428e+22    6.12167e+22    8.78185e+18    0.00000e+00
    1.65362e-03    2.77392e+22    2.96660e+22    2.95989e+22    5.84894e+22    9.68669e+18    0.00000e+00
    1.73973e-03    2.70709e+22    2.84523e+22    2.81472e+22    5.59971e+22    1.06731e+19    0.00000e+00
    1.83031e-03    2.63486e+22    2.72349e+22    2.67311e+22    5.33141e+22    1.17974e+19    0.00000e+00
    1.92561e-03    2.57132e+22    2.59397e+22    2.54226e+22    5.07235e+22    1.28683e+19    0.00000e+00
    2.02588e-03    2.49948e+22    2.47358e+22    2.40810e+22    4.82207e+22    1.42182e+19    0.00000e+00
    2.13136e-03    2.42277e+22    2.35211e+22    2.27767e+22    4.58176e+22    1.56932e+19    0.00000e+00
    2.24234e-03    2.34522e+22    2.23688e+22    2.15096e+22    4.33067e+22    1.73579e+19    0.00000e+00
    2.35910e-03    2.26847e+22    2.11823e+22    2.02758e+22    4.09550e+22    1.91733e+19    0.00000e+00
    2.48193e-03    2.18736e+22    2.00459e+22    1.90859e+22    3.86067e+22    2.12104e+19    0.00000e+00
    2.61116e-03    2.11510e+22    1.89607e+22    1.79122e+22    3.64152e+22    2.34002e+19    0.00000e+00
    2.74712e-03    2.03247e+22    1.79033e+22    1.68125e+22    3.41937e+22    2.58430e+19    0.00000e+00
    2.89016e-03    1.94820e+22    1.68631e+22    1.57073e+22    3.20604e+22    2.85081e+19    0.00000e+00
    3.04065e-03    1.86810e+22    1.58374e+22    1.46770e+22    3.00323e+22    3.15080e+19    0.00000e+00
    3.19897e-03    1.79304e+22    1.48585e+22    1.36904e+22    2.81108e+22    3.48244e+19    0.00000e+00
    3.36553e-03    1.71036e+22    1.39136e+22    1.27455e+22    2.61422e+22    3.84021e+19    0.00000e+00
    3.54077e-03    1.63004e+22    1.29931e+22    1.18109e+22    2.43537e+22    4.23411e+19    0.00000e+00
    3.72514e-03    1.55220e+22    1.21270e+22    1.09775e+22    2.26268e+22    4.68011e+19    0.00000e+00
    3.91910e-03    1.47656e+22    1.12764e+22    1.01451e+22    2.09705e+22    5.15951e+19    0.00000e+00
    4.12316e-03    1.40065e+22    1.04872e+22    9.38317e+21    1.93910e+22    5.69139e+19    0.00000e+00
    4.33785e-03    1.32655e+22    9.73934e+21    8.62713e+21    1.79228e+22    6.27808e+19    0.00000e+00
    4.56372e-03    1.25241e+22    9.01470e+21    7.94344e+21    1.64727e+22    6.92260e+19    0.00000e+00
    4.80134e-03    1.18373e+22    8.35271e+21    7.29166e+21    1.51805e+22    7.63250e+19    0.00000e+00
    5.05134e-03    1.11407e+22    7.70049e+21    6.68086e+21    1.39055e+22    8.41630e+19    0.00000e+00
    5.31436e-03    1.04523e+22    7.10313e+21    6.10292e+21    1.27603e+22    9.27501e+19    0.00000e+00
    5.59107e-03    9.80792e+21    6.54256e+21    5.58108e+21    1.16382e+22    1.02231e+20    0.00000e+00
    5.88219e-03    9.18058e+21    6.02372e+21    5.08225e+21    1.06187e+22    1.12613e+20    0.00000e+00
    6.18847e-03    8.57294e+21    5.53217e+21    4.63339e+21    9.67499e+21    1.24046e+20    0.00000e+00
    6.51069e-03    7.98012e+21    5.08412e+21    4.20268e+21    8.79007e+21    1.36620e+20    0.00000e+00
    6.84970e-03    7.42510e+21    4.67116e+21    3.82297e+21    7.96679e+21    1.50389e+20    0.00000e+00
    7.20635e-03    6.88748e+21    4.28613e+21    3.46724e+21    7.21886e+21    1.65539e+20    0.00000e+00
    7.58158e-03    6.37897e+21    3.93159e+21    3.14496e+21    6.52102e+21    1.82148e+20    0.00000e+00
    7.97634e-03    5.88912e+21    3.62475e+21    2.85317e+21    5.88014e+21    2.00336e+20    0.00000e+00
    8.39166e-03    5.43498e+21    3.33547e+21    2.58817e+21    5.31109e+21    2.20334e+20    0.00000e+00
    8.82860e-03    4.99854e+21    3.07697e+21    2.35097e+21    4.78120e+21    2.42195e+20    0.00000e+00
    9.28829e-03    4.58434e+21    2.85475e+21    2.13574e+21    4.30333e+21    2.66135e+20    0.00000e+00
    9.77192e-03    4.19545e+21    2.65939e+21    1.94735e+21    3.87259e+21    2.92371e+20    0.00000e+00
    1.02807e-02    3.83069e+21    2.48260e+21    1.78844e+21    3.49399e+21    3.21003e+20    0.00000e+00
    1.08160e-02    3.48715e+21    2.33551e+21    1.63802e+21    3.15407e+21    3.52359e+20    0.00000e+00
    1.13792e-02    3.16832e+21    2.21842e+21    1.51102e+21    2.84506e+21    3.86596e+20    0.00000e+00
    1.19717e-02    2.87194e+21    2.12398e+21    1.41301e+21    2.57803e+21    4.23904e+20    0.00000e+00
    1.25951e-02    2.59556e+21    2.04586e+21    1.32604e+21    2.35436e+21    4.64718e+20    0.00000e+00
    1.32509e-02    2.34185e+21    1.99673e+21    1.25462e+21    2.15691e+21    5.09123e+20    0.00000e+00
    1.39408e-02    2.10597e+21    1.97141e+21    1.20211e+21    1.98284e+21    5.57483e+20    0.00000e+00
    1.46667e-02    1.89088e+21    1.96558e+21    1.16874e+21    1.84620e+21    6.10179e+20    0.00000e+00
    1.54304e-02    1.69628e+21    1.97907e+21    1.14708e+21    1.73600e+21    6.67379e+20    0.00000e+00
    1.62338e-02    1.51581e+21    2.01650e+21    1.14016e+21    1.64420e+21    7.29618e+20    0.00000e+00
    1.70791e-02    1.35056e+21    2.07401e+21    1.14643e+21    1.58080e+21    7.97160e+20    0.00000e+00
    1.79684e-02    1.20388e+21    2.15073e+21    1.16728e+21    1.54025e+21    8.70310e+20    0.00000e+00
    1.89040e-02    1.07164e+21    2.25127e+21    1.20063e+21    1.51925e+21    9.49760e+20    0.00000e+00
    1.98883e-02    9.54256e+20    2.36967e+21    1.24628e+21    1.51707e+21    1.03564e+21    0.00000e+00
    2.09238e-02    8.48117e+20    2.50871e+21    1.30492e+21    1.53598e+21    1.12854e+21    0.00000e+00
    2.20133e-02    7.56300e+20    2.67119e+21    1.37578e+21    1.57123e+21    1.22901e+21    0.00000e+00
    2.31595e-02    6.72926e+20    2.85346e+21    1.45879e+21    1.62429e+21    1.33732e+21    0.00000e+00
    2.43654e-02    6.03704e+20    3.05725e+21    1.55453e+21    1.69255e+21    1.45427e+21    0.00000e+00
    2.56341e-02    5.43272e+20    3.28471e+21    1.66311e+21    1.77856e+21    1.58023e+21    0.00000e+00
    2.69688e-02    4.93049e+20    3.53360e+21    1.78355e+21    1.87933e+21    1.71567e+21    0.00000e+00
    2.83730e-02    4.50795e+20    3.80674e+21    1.91635e+21    1.99677e+21    1.86150e+21    0.00000e+00
    2.98504e-02    4.18760e+20    4.10388e+21    2.06134e+21    2.12870e+21    2.01786e+21    0.00000e+00
    3.14047e-02    3.94478e+20    4.42686e+21    2.22108e+21    2.27686e+21    2.18545e+21    0.00000e+00
    3.30399e-02    3.80497e+20    4.77402e+21    2.39279e+21    2.43934e+21    2.36472e+21    0.00000e+00
    3.47602e-02    3.72274e+20    5.14716e+21    2.57783e+21    2.61623e+21    2.55577e+21    0.00000e+00
    3.65701e-02    3.72348e+20    5.54618e+21    2.77602e+21    2.80764e+21    2.75882e+21    0.00000e+00
    3.84743e-02    3.79634e+20    5.96939e+21    2.98677e+21    3.01267e+21    2.97332e+21    0.00000e+00
    4.04776e-02    3.95604e+20    6.41435e+21    3.20878e+21    3.23005e+21    3.19838e+21    0.00000e+00
    4.25852e-02    4.19266e+20    6.87690e+21    3.43959e+21    3.45705e+21    3.43166e+21    0.00000e+00
    4.48025e-02    4.51113e+20    7.35096e+21    3.67623e+21    3.69041e+21    3.67024e+21    0.00000e+00
    4.71353e-02    4.90591e+20    7.82588e+21    3.91335e+21    3.92486e+21    3.90887e+21    0.00000e+00
    4.95896e-02    5.39521e+20    8.28323e+21    4.14195e+21    4.15123e+21    4.13856e+21    0.00000e+00
    5.21717e-02    5.96951e+20    8.70638e+21    4.35335e+21    4.36078e+21    4.35089e+21    0.00000e+00
    5.48882e-02    6.63868e+20    9.05899e+21    4.52959e+21    4.53544e+21    4.52777e+21    0.00000e+00
    5.77462e-02    7.39486e+20    9.30843e+21    4.65423e+21    4.65894e+21    4.65296e+21    0.00000e+00
    6.07529e-02    8.23967e+20    9.42259e+21    4.71129e+21    4.71498e+21    4.71037e+21    0.00000e+00
    6.39162e-02    9.16508e+20    9.33703e+21    4.66851e+21    4.67138e+21    4.66786e+21    0.00000e+00
    6.72443e-02    1.01493e+21    9.04687e+21    4.52341e+21    4.52563e+21    4.52297e+21    0.00000e+00
    7.07456e-02    1.11642e+21    8.52950e+21    4.26473e+21    4.26643e+21    4.26443e+21    0.00000e+00
    7.44292e-02    1.21391e+21    7.79540e+21    3.89767e+21    3.89899e+21    3.89748e+21    0.00000e+00
    7.83047e-02    1.30032e+21    6.90106e+21    3.45051e+21    3.45145e+21    3.45038e+21    0.00000e+00
    8.23819e-02    1.36084e+21    5.90373e+21    2.95185e+21    2.95253e+21    2.95176e+21    0.00000e+00
    8.66714e-02    1.38161e+21    4.88661e+21    2.44329e+21    2.44378e+21    2.44324e+21    0.00000e+00
    9.11843e-02    1.35110e+21    3.91052e+21    1.95525e+21    1.95559e+21    1.95522e+21    0.00000e+00
    9.59321e-02    1.25376e+21    3.04875e+21    1.52437e+21    1.52460e+21    1.52435e+21    0.00000e+00
    1.00927e-01    1.10302e+21    2.31079e+21    1.15539e+21    1.15554e+21    1.15538e+21    0.00000e+00
    1.06182e-01    9.14175e+20    1.71476e+21    8.57378e+20    8.57479e+20    8.57371e+20    0.00000e+00
    1.11711e-01    7.15850e+20    1.25935e+21    6.29674e+20    6.29739e+20    6.29670e+20    0.00000e+00
    1.17528e-01    5.30900e+20    9.14568e+20    4.57282e+20    4.57323e+20    4.57280e+20    0.00000e+00
    1.23647e-01    3.77780e+20    6.70707e+20    3.35353e+20    3.35378e+20    3.35352e+20    0.00000e+00
    1.30085e-01    2.59435e+20    4.96074e+20    2.48037e+20    2.48051e+20    2.48036e+20    0.00000e+00
    1.36859e-01    1.72332e+20    3.67747e+20    1.83873e+20    1.83882e+20    1.83873e+20    0.00000e+00
    1.43985e-01    1.14749e+20    2.71843e+20    1.35921e+20    1.35927e+20    1.35921e+20    0.00000e+00
    1.51482e-01    7.57950e+19    1.92798e+20    9.63987e+19    9.64015e+19    9.63986e+19    0.00000e+00
    1.59369e-01    5.09046e+19    1.29006e+20    6.45030e+19    6.45046e+19    6.45030e+19    0.00000e+00
    1.67668e-01    3.48712e+19    8.15600e+19    4.07800e+19    4.07809e+19    4.07800e+19    0.00000e+00
    1.76398e-01    2.33420e+19    4.82614e+19    2.41307e+19    2.41311e+19    2.41307e+19    0.00000e+00
    1.85583e-01    1.48458e+19    2.78728e+19    1.39364e+19    1.39366e+19    1.39364e+19    0.00000e+00
    1.95246e-01    8.71508e+18    1.58101e+19    7.90507e+18    7.90520e+18    7.90506e+18    0.00000e+00
    2.05412e-01    4.67572e+18    8.89283e+18    4.44641e+18    4.44647e+18    4.44641e+18    0.00000e+00
    2.16107e-01    2.47147e+18    5.18605e+18    2.59303e+18    2.59305e+18    2.59303e+18    0.00000e+00
    2.27360e-01    1.25208e+18    2.86011e+18    1.43006e+18    1.43007e+18    1.43006e+18    0.00000e+00
    2.39198e-01    6.43794e+17    1.44827e+18    7.24133e+17    7.24139e+17    7.24133e+17    0.00000e+00
    2.51653e-01    3.36451e+17    6.86963e+17    3.43481e+17    3.43484e+17    3.43481e+17    0.00000e+00
    2.64756e-01    1.60860e+17    3.00224e+17    1.50112e+17    1.50113e+17    1.50112e+17    0.00000e+00
    2.78541e-01    7.10754e+16    1.35107e+17    6.75535e+16    6.75541e+16    6.75535e+16    0.00000e+00
    2.93045e-01    2.89119e+16    6.03548e+16    3.01774e+16    3.01776e+16    3.01774e+16    0.00000e+00
    3.08303e-01    1.10558e+16    2.44230e+16    1.22115e+16    1.22115e+16    1.22115e+16    0.00000e+00
    3.24356e-01    4.61987e+15    9.48067e+15    4.74033e+15    4.74036e+15    4.74033e+15    0.00000e+00
    3.41245e-01    1.72216e+15    3.25236e+15    1.62618e+15    1.62619e+15    1.62618e+15    0.00000e+00
    3.59013e-01    5.67517e+14    1.12225e+15    5.61127e+14    5.61129e+14    5.61127e+14    0.00000e+00
    3.77706e-01    1.81910e+14    3.88804e+14    1.94402e+14    1.94402e+14    1.94402e+14    0.00000e+00
    3.97373e-01    5.43836e+13    1.10948e+14    5.54740e+13    5.54741e+13    5.54740e+13    0.00000e+00
    4.18064e-01    1.64171e+13    3.14063e+13    1.57031e+13    1.57032e+13    1.57031e+13    0.00000e+00
    4.39832e-01    4.20147e+12    8.52074e+12    4.26037e+12    4.26038e+12    4.26037e+12    0.00000e+00
    4.62733e-01    9.35125e+11    1.95964e+12    9.79822e+11    9.79823e+11    9.79822e+11    0.00000e+00
    4.86827e-01    2.43283e+11    4.72955e+11    2.36477e+11    2.36478e+11    2.36477e+11    0.00000e+00
    5.12176e-01    4.77137e+10    9.60899e+10    4.80450e+10    4.80450e+10    4.80450e+10    0.00000e+00
    5.38844e-01    8.94500e+09    1.84616e+10    9.23080e+09    9.23081e+09    9.23080e+09    0.00000e+00
    5.66901e-01    1.71082e+09    3.31483e+09    1.65742e+09    1.65742e+09    1.65742e+09    0.00000e+00
    5.96418e-01    2.36620e+08    4.92370e+08    2.46185e+08    2.46185e+08    2.46185e+08    0.00000e+00
    6.27473e-01    3.81822e+07    7.61622e+07    3.80811e+07    3.80811e+07    3.80811e+07    0.00000e+00
    6.60145e-01    4.86806e+06    9.72679e+06    4.86340e+06    4.86340e+06    4.86340e+06    0.00000e+00
    6.94518e-01    4.70305e+05    9.36364e+05    4.68182e+05    4.68182e+05    4.68182e+05    0.00000e+00
    7.30680e-01    6.11344e+04    1.20804e+05    6.04020e+04    6.04020e+04    6.04020e+04    0.00000e+00
    7.68726e-01    4.95965e+03    9.99346e+03    4.99673e+03    4.99673e+03    4.99673e+03    0.00000e+00
    8.08752e-01    4.00472e+02    8.03546e+02    4.01773e+02    4.01773e+02    4.01773e+02    0.00000e+00
    8.50863e-01    3.10289e+01    6.20848e+01    3.10424e+01    3.10424e+01    3.10424e+01    0.00000e+00
    8.95166e-01    1.46718e+00    3.02006e+00    1.51003e+00    1.51003e+00    1.51003e+00   2.32706e-112
    9.41777e-01    9.98911e-02    1.97780e-01    9.88900e-02    9.88900e-02    9.88900e-02    1.24422e-07
    9.90814e-01    4.42248e-03    8.76736e-03    4.38368e-03    4.38368e-03    4.38368e-03    2.49533e-08
    1.04240e+00    1.85068e-04    3.65665e-04    1.82832e-04    1.82832e-04    1.82832e-04    7.89515e-10
    1.09668e+00    5.69101e-06    1.12209e-05    5.61043e-06    5.61043e-06    5.61043e-06    2.02149e-11
    1.15378e+00    1.56093e-07    3.08011e-07    1.54005e-07    1.54005e-07    1.54005e-07    6.35230e-14
    1.21386e+00    4.14955e-09    8.16965e-09    4.08482e-09    4.08482e-09    4.08482e-09    1.14488e-14
    1.27706e+00    8.21873e-11    1.60571e-10    8.02856e-11    8.02856e-11    8.02856e-11    2.58212e-18
    1.34356e+00    1.15149e-12    2.24937e-12    1.12469e-12    1.12469e-12    1.12469e-12    2.87464e-20
    1.41352e+00    1.58999e-14    3.11566e-14    1.55783e-14    1.55783e-14    1.55783e-14    2.20151e-22
    1.48712e+00    1.73887e-16    3.36694e-16    1.68347e-16    1.68347e-16    1.68347e-16    8.33087e-24
    1.56455e+00    1.21830e-18    2.35802e-18    1.17901e-18    1.17901e-18    1.17901e-18    1.50043e-24
    1.64601e+00    8.48773e-21    1.65049e-20    8.25245e-21    8.25245e-21    8.25245e-21    2.68642e-29
    1.73172e+00    4.05575e-23    7.74330e-23    3.87165e-23    3.87165e-23    3.87165e-23    8.70555e-32
    1.82189e+00    1.36026e-25    2.62867e-25    1.31433e-25    1.31433e-25    1.31433e-25    8.60013e-34
    1.91675e+00    4.24468e-28    8.07840e-28    4.03920e-28    4.03920e-28    4.03920e-28    1.55848e-34
    2.01655e+00    7.32772e-31    1.39743e-30    6.98715e-31    6.98715e-31    6.98715e-31    2.73826e-37
    2.12155e+00    1.23552e-33    2.34269e-33    1.17135e-33    1.17135e-33    1.17135e-33    1.23657e-42
    2.23202e+00    1.08894e-36    2.05651e-36    1.02825e-36    1.02825e-36    1.02825e-36    2.23051e-43
    2.34823e+00    9.61014e-40    1.80106e-39    9.00529e-40    9.00529e-40    9.00529e-40    1.00303e-46
    2.47050e+00    4.20797e-43    7.93631e-43    3.96815e-43    3.96815e-43    3.96815e-43    4.87026e-53
    2.59914e+00    1.46143e-46    2.67645e-46    1.33822e-46    1.33822e-46    1.33822e-46    8.77515e-54
    2.73447e+00    3.48388e-50    6.54778e-50    3.27389e-50    3.27389e-50    3.27389e-50    1.17120e-57
    2.87685e+00    4.92947e-54    9.06014e-54    4.53007e-54    4.53007e-54    4.53007e-54    3.94360e-65
    3.02665e+00    4.11227e-58    7.40545e-58    3.70273e-58    3.70273e-58    3.70273e-58    7.10293e-66
    3.18424e+00    2.60009e-62    4.80049e-62    2.40024e-62    2.40024e-62    2.40024e-62    2.19486e-70
    3.35004e+00    7.57212e-67    1.39164e-66    6.95818e-67    6.95818e-67    6.95818e-67    4.35181e-75
    3.52447e+00    2.38551e-71    4.28855e-71    2.14428e-71    2.14428e-71    2.14428e-71    3.50775e-85
    3.70799e+00    1.49613e-76    2.58801e-76    1.29401e-76    1.29401e-76    1.29401e-76    6.69257e-90
    3.90106e+00    9.42731e-82    1.63194e-81    8.15971e-82    8.15971e-82    8.15971e-82    1.20529e-90
    4.10418e+00    5.40075e-87    9.37069e-87    4.68534e-87    4.68534e-87    4.68534e-87   1.82164e-102
    4.31788e+00    5.11070e-93    8.85186e-93    4.42593e-93    4.42593e-93    4.42593e-93   7.43513e-109
    4.54271e+00    4.26667e-99    7.27811e-99    3.63905e-99    3.63905e-99    3.63905e-99   7.97333e-115
    4.77924e+00   1.70124e-105   2.82362e-105   1.41181e-105   1.41181e-105   1.41181e-105   1.90998e-115
    5.02809e+00   3.02384e-112   4.89782e-112   2.44891e-112   2.44891e-112   2.44891e-112   2.33123e-116
    5.28989e+00   3.57602e-117   5.79314e-117   2.89657e-117   2.89657e-117   2.89657e-117   3.47015e-123
    5.56533e+00   6.64527e-125   1.09895e-124   5.49475e-125   5.49475e-125   5.49475e-125   1.40961e-130
    5.85511e+00   4.69942e-133   8.14498e-133   4.07249e-133   4.07249e-133   4.07249e-133   3.95495e-146
    6.15998e+00   7.01896e-143   1.10790e-142   5.53952e-143   5.53952e-143   5.53952e-143   1.17648e-147
    6.48072e+00   1.63312e-151   2.70752e-151   1.35376e-151   1.35376e-151   1.35376e-151   1.22833e-155
    6.81816e+00   1.11077e-156   1.84156e-156   9.20778e-157   9.20778e-157   9.20778e-157   1.07353e-173
    7.17317e+00   1.56676e-165   2.40636e-165   1.20318e-165   1.20318e-165   1.20318e-165   7.34056e-175
    7.54667e+00   2.27328e-175   3.46320e-175   1.73160e-175   1.73160e-175   1.73160e-175   1.14712e-184
    7.93962e+00   5.23234e-191   8.06813e-191   4.03407e-191   4.03407e-191   4.03407e-191   3.67058e-195
    8.35302e+00   4.04381e-196   6.23554e-196   3.11777e-196   3.11777e-196   3.11777e-196   1.60557e-217
    8.78795e+00   3.30493e-207   4.76093e-207   2.38047e-207   2.38047e-207   2.38047e-207   2.84325e-218
    9.24553e+00   1.50849e-219   2.11860e-219   1.05930e-219   1.05930e-219   1.05930e-219   1.84695e-230
    9.72693e+00   1.94879e-231   2.80740e-231   1.40370e-231   1.40370e-231   1.40370e-231   1.72383e-256
    1.02334e+01   1.05627e-244   1.61817e-244   8.09083e-245   8.09083e-245   8.09083e-245   4.32732e-259
    1.07662e+01   4.55209e-257   6.20546e-257   3.10273e-257   3.10273e-257   3.10273e-257   9.28830e-272
    1.13268e+01   9.32793e-272   1.22263e-271   6.11315e-272   6.11315e-272   6.11315e-272   3.36250e-287
    1.19166e+01   1.57629e-298   2.25185e-298   1.12592e-298   1.12592e-298   1.12592e-298    0.00000e+00
    1.25371e+01    0.00000e+00    0.00000e+00    0.00000e+00    0.00000e+00    0.00000e+00    0.00000e+00
    1.31899e+01    0.00000e+00    0.00000e+00    0.00000e+00    0.00000e+00    0.00000e+00    0.00000e+00
    1.38766e+01    0.00000e+00    0.00000e+00    0.00000e+00    0.00000e+00    0.00000e+00    0.00000e+00
    1.45992e+01    0.00000e+00    0.00000e+00    0.00000e+00    0.00000e+00    0.00000e+00    0.00000e+00
    1.53593e+01    0.00000e+00    0.00000e+00    0.00000e+00    0.00000e+00    0.00000e+00    0.00000e+00
    1.61591e+01    0.00000e+00    0.00000e+00    0.00000e+00    0.00000e+00    0.00000e+00    0.00000e+00
    1.70005e+01    0.00000e+00    0.00000e+00    0.00000e+00    0.00000e+00    0.00000e+00    0.00000e+00
    1.78857e+01    0.00000e+00    0.00000e+00    0.00000e+00    0.00000e+00    0.00000e+00    0.00000e+00
    1.88169e+01    0.00000e+00    0.00000e+00    0.00000e+00    0.00000e+00    0.00000e+00    0.00000e+00
    1.97967e+01    0.00000e+00    0.00000e+00    0.00000e+00    0.00000e+00    0.00000e+00    0.00000e+00
    2.08275e+01    0.00000e+00    0.00000e+00    0.00000e+00    0.00000e+00    0.00000e+00    0.00000e+00
    2.19120e+01    0.00000e+00    0.00000e+00    0.00000e+00    0.00000e+00    0.00000e+00    0.00000e+00
    2.30529e+01    0.00000e+00    0.00000e+00    0.00000e+00    0.00000e+00    0.00000e+00    0.00000e+00
    2.42532e+01    0.00000e+00    0.00000e+00    0.00000e+00    0.00000e+00    0.00000e+00    0.00000e+00
    2.55161e+01    0.00000e+00    0.00000e+00    0.00000e+00    0.00000e+00    0.00000e+00    0.00000e+00
    2.68446e+01    0.00000e+00    0.00000e+00    0.00000e+00    0.00000e+00    0.00000e+00    0.00000e+00
    2.82424e+01    0.00000e+00    0.00000e+00    0.00000e+00    0.00000e+00    0.00000e+00    0.00000e+00
    2.97130e+01    0.00000e+00    0.00000e+00    0.00000e+00    0.00000e+00    0.00000e+00    0.00000e+00
    3.12601e+01    0.00000e+00    0.00000e+00    0.00000e+00    0.00000e+00    0.00000e+00    0.00000e+00
    3.28877e+01    0.00000e+00    0.00000e+00    0.00000e+00    0.00000e+00    0.00000e+00    0.00000e+00
    3.46002e+01    0.00000e+00    0.00000e+00    0.00000e+00    0.00000e+00    0.00000e+00    0.00000e+00
    3.64017e+01    0.00000e+00    0.00000e+00    0.00000e+00    0.00000e+00    0.00000e+00    0.00000e+00
    3.82971e+01    0.00000e+00    0.00000e+00    0.00000e+00    0.00000e+00    0.00000e+00    0.00000e+00
    4.02912e+01    0.00000e+00    0.00000e+00    0.00000e+00    0.00000e+00    0.00000e+00    0.00000e+00
    4.23891e+01    0.00000e+00    0.00000e+00    0.00000e+00    0.00000e+00    0.00000e+00    0.00000e+00
    4.45963e+01    0.00000e+00    0.00000e+00    0.00000e+00    0.00000e+00    0.00000e+00    0.00000e+00
    4.69183e+01    0.00000e+00    0.00000e+00    0.00000e+00    0.00000e+00    0.00000e+00    0.00000e+00
    4.93613e+01    0.00000e+00    0.00000e+00    0.00000e+00    0.00000e+00    0.00000e+00    0.00000e+00
    5.19315e+01    0.00000e+00    0.00000e+00    0.00000e+00    0.00000e+00    0.00000e+00    0.00000e+00
    5.46355e+01    0.00000e+00    0.00000e+00    0.00000e+00    0.00000e+00    0.00000e+00    0.00000e+00
    5.74803e+01    0.00000e+00    0.00000e+00    0.00000e+00    0.00000e+00    0.00000e+00    0.00000e+00
    6.04732e+01    0.00000e+00    0.00000e+00    0.00000e+00    0.00000e+00    0.00000e+00    0.00000e+00
    6.36220e+01    0.00000e+00    0.00000e+00    0.00000e+00    0.00000e+00    0.00000e+00    0.00000e+00
    6.69347e+01    0.00000e+00    0.00000e+00    0.00000e+00    0.00000e+00    0.00000e+00    0.00000e+00
    7.04199e+01    0.00000e+00    0.00000e+00    0.00000e+00    0.00000e+00    0.00000e+00    0.00000e+00
    7.40866e+01    0.00000e+00    0.00000e+00    0.00000e+00    0.00000e+00    0.00000e+00    0.00000e+00
    7.79442e+01    0.00000e+00    0.00000e+00    0.00000e+00    0.00000e+00    0.00000e+00    0.00000e+00
    8.20026e+01    0.00000e+00    0.00000e+00    0.00000e+00    0.00000e+00    0.00000e+00    0.00000e+00
    8.62724e+01    0.00000e+00    0.00000e+00    0.00000e+00    0.00000e+00    0.00000e+00    0.00000e+00
    9.07645e+01    0.00000e+00    0.00000e+00    0.00000e+00    0.00000e+00    0.00000e+00    0.00000e+00
    9.54904e+01    0.00000e+00    0.00000e+00    0.00000e+00    0.00000e+00    0.00000e+00    0.00000e+00
    1.00463e+02    0.00000e+00    0.00000e+00    0.00000e+00    0.00000e+00    0.00000e+00    0.00000e+00
    1.05693e+02    0.00000e+00    0.00000e+00    0.00000e+00    0.00000e+00    0.00000e+00    0.00000e+00
    1.11197e+02    0.00000e+00    0.00000e+00    0.00000e+00    0.00000e+00    0.00000e+00    0.00000e+00
    1.16987e+02    0.00000e+00    0.00000e+00    0.00000e+00    0.00000e+00    0.00000e+00    0.00000e+00
    1.23078e+02    0.00000e+00    0.00000e+00    0.00000e+00    0.00000e+00    0.00000e+00    0.00000e+00
    1.29486e+02    0.00000e+00    0.00000e+00    0.00000e+00    0.00000e+00    0.00000e+00    0.00000e+00
    1.36229e+02    0.00000e+00    0.00000e+00    0.00000e+00    0.00000e+00    0.00000e+00    0.00000e+00
    1.43322e+02    0.00000e+00    0.00000e+00    0.00000e+00    0.00000e+00    0.00000e+00    0.00000e+00
    1.50785e+02    0.00000e+00    0.00000e+00    0.00000e+00    0.00000e+00    0.00000e+00    0.00000e+00
    1.58636e+02    0.00000e+00    0.00000e+00    0.00000e+00    0.00000e+00    0.00000e+00    0.00000e+00
    1.66896e+02    0.00000e+00    0.00000e+00    0.00000e+00    0.00000e+00    0.00000e+00    0.00000e+00
    1.75586e+02    0.00000e+00    0.00000e+00    0.00000e+00    0.00000e+00    0.00000e+00    0.00000e+00
    1.84728e+02    0.00000e+00    0.00000e+00    0.00000e+00    0.00000e+00    0.00000e+00    0.00000e+00
    1.94347e+02    0.00000e+00    0.00000e+00    0.00000e+00    0.00000e+00    0.00000e+00    0.00000e+00
    2.04466e+02    0.00000e+00    0.00000e+00    0.00000e+00    0.00000e+00    0.00000e+00    0.00000e+00
    2.15112e+02    0.00000e+00    0.00000e+00    0.00000e+00    0.00000e+00    0.00000e+00    0.00000e+00
    2.26313e+02    0.00000e+00    0.00000e+00    0.00000e+00    0.00000e+00    0.00000e+00    0.00000e+00
    2.38097e+02    0.00000e+00    0.00000e+00    0.00000e+00    0.00000e+00    0.00000e+00    0.00000e+00
    2.50494e+02    0.00000e+00    0.00000e+00    0.00000e+00    0.00000e+00    0.00000e+00    0.00000e+00
    2.63537e+02    0.00000e+00    0.00000e+00    0.00000e+00    0.00000e+00    0.00000e+00    0.00000e+00
    2.77259e+02    0.00000e+00    0.00000e+00    0.00000e+00    0.00000e+00    0.00000e+00    0.00000e+00
    2.91696e+02    0.00000e+00    0.00000e+00    0.00000e+00    0.00000e+00    0.00000e+00    0.00000e+00
    3.06884e+02    0.00000e+00    0.00000e+00    0.00000e+00    0.00000e+00    0.00000e+00    0.00000e+00
    3.22863e+02    0.00000e+00    0.00000e+00    0.00000e+00    0.00000e+00    0.00000e+00    0.00000e+00
    3.39674e+02    0.00000e+00    0.00000e+00    0.00000e+00    0.00000e+00    0.00000e+00    0.00000e+00
    3.57360e+02    0.00000e+00    0.00000e+00    0.00000e+00    0.00000e+00    0.00000e+00    0.00000e+00
    3.75967e+02    0.00000e+00    0.00000e+00    0.00000e+00    0.00000e+00    0.00000e+00    0.00000e+00
    3.95544e+02    0.00000e+00    0.00000e+00    0.00000e+00    0.00000e+00    0.00000e+00    0.00000e+00
    4.16139e+02    0.00000e+00    0.00000e+00    0.00000e+00    0.00000e+00    0.00000e+00    0.00000e+00
    4.37807e+02    0.00000e+00    0.00000e+00    0.00000e+00    0.00000e+00    0.00000e+00    0.00000e+00
    4.60603e+02    0.00000e+00    0.00000e+00    0.00000e+00    0.00000e+00    0.00000e+00    0.00000e+00
    4.84586e+02    0.00000e+00    0.00000e+00    0.00000e+00    0.00000e+00    0.00000e+00    0.00000e+00
    5.09818e+02    0.00000e+00    0.00000e+00    0.00000e+00    0.00000e+00    0.00000e+00    0.00000e+00
    5.36363e+02    0.00000e+00    0.00000e+00    0.00000e+00    0.00000e+00    0.00000e+00    0.00000e+00
    5.64291e+02    0.00000e+00    0.00000e+00    0.00000e+00    0.00000e+00    0.00000e+00    0.00000e+00
    5.93673e+02    0.00000e+00    0.00000e+00    0.00000e+00    0.00000e+00    0.00000e+00    0.00000e+00
    6.24584e+02    0.00000e+00    0.00000e+00    0.00000e+00    0.00000e+00    0.00000e+00    0.00000e+00
    6.57106e+02    0.00000e+00    0.00000e+00    0.00000e+00    0.00000e+00    0.00000e+00    0.00000e+00
    6.91320e+02    0.00000e+00    0.00000e+00    0.00000e+00    0.00000e+00    0.00000e+00    0.00000e+00
    7.27317e+02    0.00000e+00    0.00000e+00    0.00000e+00    0.00000e+00    0.00000e+00    0.00000e+00
    7.65187e+02    0.00000e+00    0.00000e+00    0.00000e+00    0.00000e+00    0.00000e+00    0.00000e+00
    8.05029e+02    0.00000e+00    0.00000e+00    0.00000e+00    0.00000e+00    0.00000e+00    0.00000e+00
    8.46946e+02    0.00000e+00    0.00000e+00    0.00000e+00    0.00000e+00    0.00000e+00    0.00000e+00
    8.91045e+02    0.00000e+00    0.00000e+00    0.00000e+00    0.00000e+00    0.00000e+00    0.00000e+00
    9.37441e+02    0.00000e+00    0.00000e+00    0.00000e+00    0.00000e+00    0.00000e+00    0.00000e+00
    9.86252e+02    0.00000e+00    0.00000e+00    0.00000e+00    0.00000e+00    0.00000e+00    0.00000e+00
    1.03761e+03    0.00000e+00    0.00000e+00    0.00000e+00    0.00000e+00    0.00000e+00    0.00000e+00
    1.09163e+03    0.00000e+00    0.00000e+00    0.00000e+00    0.00000e+00    0.00000e+00    0.00000e+00
    1.14847e+03    0.00000e+00    0.00000e+00    0.00000e+00    0.00000e+00    0.00000e+00    0.00000e+00
    1.20827e+03    0.00000e+00    0.00000e+00    0.00000e+00    0.00000e+00    0.00000e+00    0.00000e+00
    1.27118e+03    0.00000e+00    0.00000e+00    0.00000e+00    0.00000e+00    0.00000e+00    0.00000e+00
    1.33737e+03    0.00000e+00    0.00000e+00    0.00000e+00    0.00000e+00    0.00000e+00    0.00000e+00
    1.40701e+03    0.00000e+00    0.00000e+00    0.00000e+00    0.00000e+00    0.00000e+00    0.00000e+00
    1.48027e+03    0.00000e+00    0.00000e+00    0.00000e+00    0.00000e+00    0.00000e+00    0.00000e+00
    1.55734e+03    0.00000e+00    0.00000e+00    0.00000e+00    0.00000e+00    0.00000e+00    0.00000e+00
    1.63843e+03    0.00000e+00    0.00000e+00    0.00000e+00    0.00000e+00    0.00000e+00    0.00000e+00
    1.72374e+03    0.00000e+00    0.00000e+00    0.00000e+00    0.00000e+00    0.00000e+00    0.00000e+00
    1.81350e+03    0.00000e+00    0.00000e+00    0.00000e+00    0.00000e+00    0.00000e+00    0.00000e+00
    1.90792e+03    0.00000e+00    0.00000e+00    0.00000e+00    0.00000e+00    0.00000e+00    0.00000e+00
    2.00727e+03    0.00000e+00    0.00000e+00    0.00000e+00    0.00000e+00    0.00000e+00    0.00000e+00
    2.11178e+03    0.00000e+00    0.00000e+00    0.00000e+00    0.00000e+00    0.00000e+00    0.00000e+00
    2.22174e+03    0.00000e+00    0.00000e+00    0.00000e+00    0.00000e+00    0.00000e+00    0.00000e+00
    2.33742e+03    0.00000e+00    0.00000e+00    0.00000e+00    0.00000e+00    0.00000e+00    0.00000e+00
    2.45913e+03    0.00000e+00    0.00000e+00    0.00000e+00    0.00000e+00    0.00000e+00    0.00000e+00
    2.58717e+03    0.00000e+00    0.00000e+00    0.00000e+00    0.00000e+00    0.00000e+00    0.00000e+00
    2.72188e+03    0.00000e+00    0.00000e+00    0.00000e+00    0.00000e+00    0.00000e+00    0.00000e+00
    2.86361e+03    0.00000e+00    0.00000e+00    0.00000e+00    0.00000e+00    0.00000e+00    0.00000e+00
    3.01271e+03    0.00000e+00    0.00000e+00    0.00000e+00    0.00000e+00    0.00000e+00    0.00000e+00
    3.16958e+03    0.00000e+00    0.00000e+00    0.00000e+00    0.00000e+00    0.00000e+00    0.00000e+00
    3.33462e+03    0.00000e+00    0.00000e+00    0.00000e+00    0.00000e+00    0.00000e+00    0.00000e+00
    3.50825e+03    0.00000e+00    0.00000e+00    0.00000e+00    0.00000e+00    0.00000e+00    0.00000e+00
    3.69092e+03    0.00000e+00    0.00000e+00    0.00000e+00    0.00000e+00    0.00000e+00    0.00000e+00
    3.88310e+03    0.00000e+00    0.00000e+00    0.00000e+00    0.00000e+00    0.00000e+00    0.00000e+00
    4.08529e+03    0.00000e+00    0.00000e+00    0.00000e+00    0.00000e+00    0.00000e+00    0.00000e+00
    4.29800e+03    0.00000e+00    0.00000e+00    0.00000e+00    0.00000e+00    0.00000e+00    0.00000e+00
    4.52179e+03    0.00000e+00    0.00000e+00    0.00000e+00    0.00000e+00    0.00000e+00    0.00000e+00
    4.75724e+03    0.00000e+00    0.00000e+00    0.00000e+00    0.00000e+00    0.00000e+00    0.00000e+00
    5.00494e+03    0.00000e+00    0.00000e+00    0.00000e+00    0.00000e+00    0.00000e+00    0.00000e+00
    5.26554e+03    0.00000e+00    0.00000e+00    0.00000e+00    0.00000e+00    0.00000e+00    0.00000e+00
    5.53971e+03    0.00000e+00    0.00000e+00    0.00000e+00    0.00000e+00    0.00000e+00    0.00000e+00
    5.82815e+03    0.00000e+00    0.00000e+00    0.00000e+00    0.00000e+00    0.00000e+00    0.00000e+00
    6.13162e+03    0.00000e+00    0.00000e+00    0.00000e+00    0.00000e+00    0.00000e+00    0.00000e+00
    6.45088e+03    0.00000e+00    0.00000e+00    0.00000e+00    0.00000e+00    0.00000e+00    0.00000e+00
    6.78677e+03    0.00000e+00    0.00000e+00    0.00000e+00    0.00000e+00    0.00000e+00    0.00000e+00
    7.14015e+03    0.00000e+00    0.00000e+00    0.00000e+00    0.00000e+00    0.00000e+00    0.00000e+00
    7.51193e+03    0.00000e+00    0.00000e+00    0.00000e+00    0.00000e+00    0.00000e+00    0.00000e+00
    7.90307e+03    0.00000e+00    0.00000e+00    0.00000e+00    0.00000e+00    0.00000e+00    0.00000e+00
    8.31457e+03    0.00000e+00    0.00000e+00    0.00000e+00    0.00000e+00    0.00000e+00    0.00000e+00
    8.74750e+03    0.00000e+00    0.00000e+00    0.00000e+00    0.00000e+00    0.00000e+00    0.00000e+00
    9.20297e+03    0.00000e+00    0.00000e+00    0.00000e+00    0.00000e+00    0.00000e+00    0.00000e+00
    9.68215e+03    0.00000e+00    0.00000e+00    0.00000e+00    0.00000e+00    0.00000e+00    0.00000e+00
    1.01863e+04    0.00000e+00    0.00000e+00    0.00000e+00    0.00000e+00    0.00000e+00    0.00000e+00
    1.07167e+04    0.00000e+00    0.00000e+00    0.00000e+00    0.00000e+00    0.00000e+00    0.00000e+00
    1.12747e+04    0.00000e+00    0.00000e+00    0.00000e+00    0.00000e+00    0.00000e+00    0.00000e+00
    1.18617e+04    0.00000e+00    0.00000e+00    0.00000e+00    0.00000e+00    0.00000e+00    0.00000e+00
    1.24794e+04    0.00000e+00    0.00000e+00    0.00000e+00    0.00000e+00    0.00000e+00    0.00000e+00
    1.31291e+04    0.00000e+00    0.00000e+00    0.00000e+00    0.00000e+00    0.00000e+00    0.00000e+00
    1.38128e+04    0.00000e+00    0.00000e+00    0.00000e+00    0.00000e+00    0.00000e+00    0.00000e+00
    1.45320e+04    0.00000e+00    0.00000e+00    0.00000e+00    0.00000e+00    0.00000e+00    0.00000e+00
    1.52886e+04    0.00000e+00    0.00000e+00    0.00000e+00    0.00000e+00    0.00000e+00    0.00000e+00
    1.60847e+04    0.00000e+00    0.00000e+00    0.00000e+00    0.00000e+00    0.00000e+00    0.00000e+00
    1.69222e+04    0.00000e+00    0.00000e+00    0.00000e+00    0.00000e+00    0.00000e+00    0.00000e+00
    1.78033e+04    0.00000e+00    0.00000e+00    0.00000e+00    0.00000e+00    0.00000e+00    0.00000e+00
    1.87303e+04    0.00000e+00    0.00000e+00    0.00000e+00    0.00000e+00    0.00000e+00    0.00000e+00
    1.97056e+04    0.00000e+00    0.00000e+00    0.00000e+00    0.00000e+00    0.00000e+00    0.00000e+00
    2.07316e+04    0.00000e+00    0.00000e+00    0.00000e+00    0.00000e+00    0.00000e+00    0.00000e+00
    2.18111e+04    0.00000e+00    0.00000e+00    0.00000e+00    0.00000e+00    0.00000e+00    0.00000e+00
    2.29468e+04    0.00000e+00    0.00000e+00    0.00000e+00    0.00000e+00    0.00000e+00    0.00000e+00
    2.41416e+04    0.00000e+00    0.00000e+00    0.00000e+00    0.00000e+00    0.00000e+00    0.00000e+00
    2.53986e+04    0.00000e+00    0.00000e+00    0.00000e+00    0.00000e+00    0.00000e+00    0.00000e+00
    2.67211e+04    0.00000e+00    0.00000e+00    0.00000e+00    0.00000e+00    0.00000e+00    0.00000e+00
    2.81124e+04    0.00000e+00    0.00000e+00    0.00000e+00    0.00000e+00    0.00000e+00    0.00000e+00
    2.95762e+04    0.00000e+00    0.00000e+00    0.00000e+00    0.00000e+00    0.00000e+00    0.00000e+00
    3.11162e+04    0.00000e+00    0.00000e+00    0.00000e+00    0.00000e+00    0.00000e+00    0.00000e+00
    3.27363e+04    0.00000e+00    0.00000e+00    0.00000e+00    0.00000e+00    0.00000e+00    0.00000e+00
    3.44409e+04    0.00000e+00    0.00000e+00    0.00000e+00    0.00000e+00    0.00000e+00    0.00000e+00
    3.62342e+04    0.00000e+00    0.00000e+00    0.00000e+00    0.00000e+00    0.00000e+00    0.00000e+00
    3.81208e+04    0.00000e+00    0.00000e+00    0.00000e+00    0.00000e+00    0.00000e+00    0.00000e+00
    4.01057e+04    0.00000e+00    0.00000e+00    0.00000e+00    0.00000e+00    0.00000e+00    0.00000e+00
    4.21940e+04    0.00000e+00    0.00000e+00    0.00000e+00    0.00000e+00    0.00000e+00    0.00000e+00
    4.43910e+04    0.00000e+00    0.00000e+00    0.00000e+00    0.00000e+00    0.00000e+00    0.00000e+00
    4.67023e+04    0.00000e+00    0.00000e+00    0.00000e+00    0.00000e+00    0.00000e+00    0.00000e+00
    4.91341e+04    0.00000e+00    0.00000e+00    0.00000e+00    0.00000e+00    0.00000e+00    0.00000e+00
    5.16924e+04    0.00000e+00    0.00000e+00    0.00000e+00    0.00000e+00    0.00000e+00    0.00000e+00
    5.43840e+04    0.00000e+00    0.00000e+00    0.00000e+00    0.00000e+00    0.00000e+00    0.00000e+00
    5.72157e+04    0.00000e+00    0.00000e+00    0.00000e+00    0.00000e+00    0.00000e+00    0.00000e+00
    6.01948e+04    0.00000e+00    0.00000e+00    0.00000e+00    0.00000e+00    0.00000e+00    0.00000e+00
    6.33291e+04    0.00000e+00    0.00000e+00    0.00000e+00    0.00000e+00    0.00000e+00    0.00000e+00
    6.66265e+04    0.00000e+00    0.00000e+00    0.00000e+00    0.00000e+00    0.00000e+00    0.00000e+00
    7.00957e+04    0.00000e+00    0.00000e+00    0.00000e+00    0.00000e+00    0.00000e+00    0.00000e+00
    7.37455e+04    0.00000e+00    0.00000e+00    0.00000e+00    0.00000e+00    0.00000e+00    0.00000e+00
    7.75853e+04    0.00000e+00    0.00000e+00    0.00000e+00    0.00000e+00    0.00000e+00    0.00000e+00
    8.16251e+04    0.00000e+00    0.00000e+00    0.00000e+00    0.00000e+00    0.00000e+00    0.00000e+00
    8.58752e+04    0.00000e+00    0.00000e+00    0.00000e+00    0.00000e+00    0.00000e+00    0.00000e+00
    9.03466e+04    0.00000e+00    0.00000e+00    0.00000e+00    0.00000e+00    0.00000e+00    0.00000e+00
    9.50508e+04    0.00000e+00    0.00000e+00    0.00000e+00    0.00000e+00    0.00000e+00    0.00000e+00
    1.00000e+05    0.00000e+00    0.00000e+00    0.00000e+00    0.00000e+00    0.00000e+00    0.00000e+00
