1.157500000000000000e+02 9.602277945697202943e-01 6.302000000000000657e-02 5.041600000000000248e-04 6.699117891185376889e-04
1.157500000000000000e+02 1.047406990706837071e+00 3.416999999999999899e-02 2.050199999999999852e-04 3.632320824211429438e-04
1.157500000000000000e+02 1.134603640136473635e+00 1.866999999999999910e-02 1.306899999999999837e-04 1.984648223237558853e-04
1.157500000000000000e+02 1.221817742858630318e+00 1.026999999999999962e-02 6.161999999999999617e-05 1.091715974967848391e-04
1.157500000000000000e+02 1.309363458138665948e+00 5.532999999999999724e-03 2.766500000000000025e-05 6.259874912488267687e-05
1.157500000000000000e+02 1.396525200983262716e+00 2.951000000000000064e-03 2.065699999999999890e-05 3.338675378050402683e-05
1.157500000000000000e+02 1.483878930045578803e+00 1.585999999999999953e-03 1.110199999999999806e-05 1.794354167938983031e-05
1.157500000000000000e+02 1.571250112400415011e+00 8.281000000000000166e-04 5.796699999999999913e-06 9.971644470697901060e-06
1.157500000000000000e+02 1.658760921095410845e+00 4.292000000000000242e-04 3.433600000000000465e-06 5.496441845412358163e-06
2.490300000000000011e+02 5.239303881561777620e-01 9.128999999999999615e-02 6.390299999999999583e-04 9.704260112445461288e-04
2.490300000000000011e+02 6.110397711232147255e-01 2.309999999999999901e-02 1.155000000000000021e-04 2.613466663265479484e-04
2.490300000000000011e+02 6.983062337229312133e-01 5.367000000000000243e-03 3.756899999999999893e-05 6.462723810437825814e-05
2.490300000000000011e+02 7.855552430301278033e-01 1.000000000000000021e-03 6.999999999999999048e-06 1.360147050873544513e-05
2.490300000000000011e+02 8.728740655074040955e-01 1.367999999999999913e-04 9.575999999999999457e-07 2.205833719934482896e-06
2.490300000000000011e+02 9.602277945697202943e-01 2.962999999999999922e-05 2.370400000000000103e-07 2.963000000000000261e-07
2.490300000000000011e+02 1.047406990706837071e+00 3.040999999999999853e-05 2.432799999999999920e-07 3.440498754541265869e-07
