# # E_gamma (MeV)  Final State Radiation (MeV^-1 s^-1)
5.145440e-01 4.872953e+19
5.413360e-01 4.608592e+19
5.695230e-01 4.359272e+19
5.991770e-01 4.120833e+19
6.303750e-01 3.896226e+19
6.631980e-01 3.681257e+19
6.977300e-01 3.478985e+19
7.340600e-01 3.285271e+19
7.722810e-01 3.101262e+19
8.124930e-01 2.928733e+19
8.547980e-01 2.763058e+19
8.993070e-01 2.607882e+19
9.461320e-01 2.458815e+19
9.953960e-01 2.317317e+19
1.047230e+00 2.185278e+19
1.101750e+00 2.058124e+19
1.159120e+00 1.937476e+19
1.219470e+00 1.825357e+19
1.282970e+00 1.717066e+19
1.349770e+00 1.614412e+19
1.420050e+00 1.517120e+19
1.493990e+00 1.427385e+19
1.571780e+00 1.340238e+19
1.653620e+00 1.257713e+19
1.739730e+00 1.179578e+19
1.830310e+00 1.108119e+19
1.925610e+00 1.038319e+19
2.025880e+00 9.723062e+18
2.131360e+00 9.098954e+18
2.242340e+00 8.509214e+18
2.359100e+00 7.977004e+18
2.481930e+00 7.452147e+18
2.611160e+00 6.956755e+18
2.747120e+00 6.489438e+18
2.890160e+00 6.048819e+18
3.040650e+00 5.633588e+18
3.198970e+00 5.266388e+18
3.365530e+00 4.898948e+18
3.540770e+00 4.553218e+18
3.725140e+00 4.228167e+18
3.919100e+00 3.922751e+18
4.123160e+00 3.635944e+18
4.337850e+00 3.366849e+18
4.563720e+00 3.114525e+18
4.801340e+00 2.899060e+18
5.051340e+00 2.677937e+18
5.314360e+00 2.471062e+18
5.591070e+00 2.277664e+18
5.882190e+00 2.097058e+18
6.188470e+00 1.928507e+18
6.510690e+00 1.771417e+18
6.849700e+00 1.625125e+18
7.206350e+00 1.489009e+18
7.581580e+00 1.362542e+18
7.976340e+00 1.245131e+18
8.391660e+00 1.136284e+18
8.828600e+00 1.035480e+18
9.288290e+00 9.422542e+17
9.771920e+00 8.561410e+17
1.028070e+01 7.895793e+17
1.081600e+01 7.160095e+17
1.137920e+01 6.482834e+17
1.197170e+01 5.860141e+17
1.259510e+01 5.288520e+17
1.325090e+01 4.764622e+17
1.394080e+01 4.285103e+17
1.466670e+01 3.847010e+17
1.543040e+01 3.447431e+17
1.623380e+01 3.083571e+17
1.707910e+01 2.752782e+17
1.796840e+01 2.452521e+17
1.890400e+01 2.180716e+17
1.988830e+01 1.934907e+17
2.092380e+01 1.713139e+17
2.201330e+01 1.513521e+17
2.315950e+01 1.334021e+17
2.436540e+01 1.173146e+17
2.563410e+01 1.029143e+17
2.696880e+01 9.006542e+16
2.837300e+01 7.862076e+16
2.985040e+01 6.844103e+16
3.140470e+01 5.942796e+16
3.303990e+01 5.145626e+16
3.476020e+01 4.442421e+16
3.657010e+01 3.824532e+16
3.847430e+01 3.282120e+16
4.047760e+01 2.807859e+16
4.258520e+01 2.394054e+16
4.480250e+01 2.034757e+16
4.713530e+01 1.723496e+16
4.958960e+01 1.454164e+16
5.217170e+01 1.222707e+16
5.488820e+01 1.023864e+16
5.774620e+01 8.540535e+15
6.075290e+01 7.094205e+15
6.391620e+01 5.867793e+15
6.724430e+01 4.832458e+15
7.074560e+01 3.960496e+15
7.442920e+01 3.230850e+15
7.830470e+01 2.621576e+15
8.238190e+01 2.116252e+15
8.667140e+01 1.700445e+15
9.118430e+01 1.357635e+15
9.593210e+01 1.077042e+15
1.009270e+02 8.504269e+14
1.061820e+02 6.668467e+14
1.117110e+02 5.192903e+14
1.175280e+02 4.011487e+14
1.236470e+02 3.084650e+14
1.300850e+02 2.354538e+14
1.368590e+02 1.777928e+14
1.439850e+02 1.335315e+14
1.514820e+02 9.924100e+13
1.593690e+02 7.329777e+13
1.676680e+02 5.360519e+13
1.763980e+02 3.874998e+13
1.855830e+02 2.778884e+13
1.952460e+02 1.971202e+13
2.054120e+02 1.387666e+13
2.161070e+02 9.679859e+12
2.273600e+02 6.614561e+12
2.391980e+02 4.498166e+12
2.516530e+02 3.036710e+12
2.647560e+02 2.018498e+12
2.785410e+02 1.312995e+12
2.930450e+02 8.537181e+11
3.083030e+02 5.437488e+11
3.243560e+02 3.448011e+11
3.412450e+02 2.161762e+11
3.590130e+02 1.309264e+11
3.777060e+02 7.488601e+10
3.973730e+02 4.035413e+10
4.180640e+02 2.431433e+10
4.398320e+02 1.413143e+10
4.627330e+02 7.131121e+09
4.868270e+02 3.627035e+09
5.121760e+02 2.717867e+09
5.388440e+02 1.876538e+09
5.669010e+02 1.100782e+09
5.964180e+02 3.396557e+08
6.274730e+02 6.677377e+07
6.601450e+02 0.000000e+00
