Hawking secondary spectra for each particle type.
energy/particle         photon       electron           nu_e          nu_mu         nu_tau         proton
    1.00000e-06    1.06836e+15    0.00000e+00    1.14174e+23    5.96825e+17    0.00000e+00    0.00000e+00
    1.05207e-06    1.95663e+15    0.00000e+00    1.13971e+23    9.12777e+17    5.77284e+11    0.00000e+00
    1.10685e-06    2.08454e+15    0.00000e+00    1.29896e+23    8.77561e+17    6.36745e+11    0.00000e+00
    1.16448e-06    2.20263e+15    0.00000e+00    1.47126e+23    1.02640e+18    7.02328e+11    0.00000e+00
    1.22511e-06    2.55215e+15    0.00000e+00    1.46911e+23    1.44642e+18    7.74665e+11    0.00000e+00
    1.28890e-06    4.27344e+15    0.00000e+00    1.86608e+23    1.50781e+18    8.54456e+11    0.00000e+00
    1.35602e-06    4.75092e+15    0.00000e+00    1.89316e+23    1.93891e+18    9.42478e+11    0.00000e+00
    1.42662e-06    5.15911e+15    0.00000e+00    2.04302e+23    1.94061e+18    1.03955e+12    0.00000e+00
    1.50090e-06    1.03540e+16    0.00000e+00    2.37785e+23    2.40292e+18    1.14662e+12    0.00000e+00
    1.57905e-06    1.20282e+16    0.00000e+00    2.35170e+23    3.01037e+18    1.26472e+12    0.00000e+00
    1.66127e-06    1.11520e+16    0.00000e+00    2.73531e+23    3.09026e+18    1.39499e+12    0.00000e+00
    1.74777e-06    1.94216e+16    0.00000e+00    2.91696e+23    4.43520e+18    1.53867e+12    0.00000e+00
    1.83878e-06    2.26338e+16    0.00000e+00    3.06951e+23    4.54135e+18    1.69717e+12    0.00000e+00
    1.93452e-06    2.32174e+16    0.00000e+00    3.41206e+23    5.21876e+18    1.87197e+12    0.00000e+00
    2.03525e-06    3.07325e+16    0.00000e+00    3.63685e+23    7.21275e+18    2.06479e+12    0.00000e+00
    2.14122e-06    3.80029e+16    0.00000e+00    3.91660e+23    8.15939e+18    2.27746e+12    0.00000e+00
    2.25271e-06    5.03512e+16    0.00000e+00    4.40063e+23    8.70750e+18    2.51204e+12    0.00000e+00
    2.37001e-06    5.17628e+16    0.00000e+00    4.45466e+23    1.04624e+19    2.77080e+12    0.00000e+00
    2.49341e-06    6.62786e+16    0.00000e+00    4.90518e+23    1.14382e+19    3.05619e+12    0.00000e+00
    2.62324e-06    7.56963e+16    0.00000e+00    5.34237e+23    1.50145e+19    3.37098e+12    0.00000e+00
    2.75983e-06    8.37662e+16    0.00000e+00    5.70940e+23    1.72787e+19    3.71820e+12    0.00000e+00
    2.90353e-06    1.15554e+17    0.00000e+00    6.28897e+23    1.78788e+19    4.10118e+12    0.00000e+00
    3.05471e-06    1.39281e+17    0.00000e+00    6.45197e+23    2.16780e+19    4.52359e+12    0.00000e+00
    3.21376e-06    1.54343e+17    0.00000e+00    7.17745e+23    2.41974e+19    4.98951e+12    0.00000e+00
    3.38110e-06    1.85457e+17    0.00000e+00    7.45318e+23    3.08806e+19    5.50345e+12    0.00000e+00
    3.55715e-06    2.45221e+17    0.00000e+00    8.08050e+23    3.80869e+19    6.07031e+12    0.00000e+00
    3.74237e-06    3.07667e+17    0.00000e+00    8.77952e+23    4.05491e+19    6.69558e+12    0.00000e+00
    3.93723e-06    2.93578e+17    0.00000e+00    9.24782e+23    4.70127e+19    7.38523e+12    0.00000e+00
    4.14223e-06    3.68715e+17    0.00000e+00    9.72875e+23    5.40119e+19    8.14589e+12    0.00000e+00
    4.35791e-06    5.21261e+17    0.00000e+00    1.04162e+24    6.33516e+19    8.98492e+12    0.00000e+00
    4.58482e-06    5.78405e+17    0.00000e+00    1.10770e+24    7.95168e+19    9.91038e+12    0.00000e+00
    4.82355e-06    6.29578e+17    0.00000e+00    1.19368e+24    8.69301e+19    1.09312e+13    0.00000e+00
    5.07471e-06    8.53344e+17    0.00000e+00    1.24978e+24    8.69760e+19    1.20571e+13    0.00000e+00
    5.33894e-06    9.21827e+17    0.00000e+00    1.31138e+24    1.19183e+20    1.32990e+13    0.00000e+00
    5.61693e-06    1.06445e+18    0.00000e+00    1.38923e+24    1.43376e+20    1.46688e+13    0.00000e+00
    5.90940e-06    1.21252e+18    0.00000e+00    1.45577e+24    1.58327e+20    1.61797e+13    0.00000e+00
    6.21709e-06    1.43955e+18    0.00000e+00    1.53682e+24    1.75472e+20    1.78462e+13    0.00000e+00
    6.54081e-06    1.76009e+18    0.00000e+00    1.63844e+24    2.03613e+20    1.96844e+13    0.00000e+00
    6.88138e-06    2.00235e+18    0.00000e+00    1.69306e+24    2.33414e+20    2.17120e+13    0.00000e+00
    7.23968e-06    2.56812e+18    0.00000e+00    1.76886e+24    2.63951e+20    2.39483e+13    0.00000e+00
    7.61664e-06    2.81631e+18    0.00000e+00    1.85420e+24    3.06275e+20    2.64150e+13    0.00000e+00
    8.01323e-06    2.90259e+18    0.00000e+00    1.91350e+24    3.81054e+20    2.91358e+13    0.00000e+00
    8.43047e-06    4.06182e+18    0.00000e+00    2.03776e+24    4.03053e+20    3.21368e+13    0.00000e+00
    8.86943e-06    4.98111e+18    0.00000e+00    2.06679e+24    4.53206e+20    3.54469e+13    0.00000e+00
    9.33125e-06    5.34197e+18    0.00000e+00    2.16270e+24    6.42624e+20    3.90980e+13    0.00000e+00
    9.81712e-06    6.11692e+18    0.00000e+00    2.23230e+24    7.46503e+20    4.31251e+13    0.00000e+00
    1.03283e-05    7.09602e+18    0.00000e+00    2.27879e+24    7.72667e+20    4.75672e+13    0.00000e+00
    1.08661e-05    8.38173e+18    0.00000e+00    2.36139e+24    9.17712e+20    5.24669e+13    0.00000e+00
    1.14318e-05    1.06210e+19    0.00000e+00    2.39380e+24    1.16541e+21    5.78702e+13    0.00000e+00
    1.20271e-05    1.15222e+19    0.00000e+00    2.47249e+24    1.43607e+21    6.38315e+13    0.00000e+00
    1.26533e-05    1.23823e+19    0.00000e+00    2.49743e+24    1.40433e+21    7.04059e+13    0.00000e+00
    1.33122e-05    1.40558e+19    0.00000e+00    2.54980e+24    1.77283e+21    7.76584e+13    0.00000e+00
    1.40053e-05    1.80070e+19    0.00000e+00    2.57199e+24    2.08091e+21    8.56567e+13    0.00000e+00
    1.47345e-05    2.17851e+19    0.00000e+00    2.60075e+24    2.29306e+21    9.44790e+13    0.00000e+00
    1.55018e-05    2.53665e+19    0.00000e+00    2.61042e+24    2.70052e+21    1.04212e+14    0.00000e+00
    1.63089e-05    2.79358e+19    0.00000e+00    2.60838e+24    3.19407e+21    1.14945e+14    0.00000e+00
    1.71581e-05    3.08687e+19    0.00000e+00    2.62222e+24    3.45827e+21    1.26785e+14    0.00000e+00
    1.80515e-05    3.55832e+19    0.00000e+00    2.58922e+24    3.91669e+21    1.39843e+14    0.00000e+00
    1.89914e-05    4.64275e+19    0.00000e+00    2.58488e+24    4.64087e+21    1.54247e+14    0.00000e+00
    1.99803e-05    5.43337e+19    0.00000e+00    2.53858e+24    5.14678e+21    1.70136e+14    0.00000e+00
    2.10206e-05    5.46108e+19    0.00000e+00    2.50269e+24    5.85373e+21    1.87659e+14    0.00000e+00
    2.21151e-05    6.55028e+19    0.00000e+00    2.45203e+24    6.12819e+21    2.06988e+14    0.00000e+00
    2.32666e-05    8.60930e+19    0.00000e+00    2.38515e+24    7.69821e+21    2.28308e+14    0.00000e+00
    2.44781e-05    8.90549e+19    0.00000e+00    2.33170e+24    8.03854e+21    2.51824e+14    0.00000e+00
    2.57526e-05    1.03395e+20    0.00000e+00    2.24929e+24    9.16694e+21    2.77762e+14    0.00000e+00
    2.70935e-05    1.24490e+20    0.00000e+00    2.16268e+24    1.05224e+22    3.06371e+14    0.00000e+00
    2.85043e-05    1.37685e+20    0.00000e+00    2.08735e+24    1.11127e+22    3.37930e+14    0.00000e+00
    2.99884e-05    1.48038e+20    0.00000e+00    1.98487e+24    1.29723e+22    3.72735e+14    0.00000e+00
    3.15499e-05    1.87494e+20    0.00000e+00    1.89632e+24    1.39985e+22    4.11128e+14    0.00000e+00
    3.31927e-05    2.22860e+20    0.00000e+00    1.79261e+24    1.59203e+22    4.53476e+14    0.00000e+00
    3.49210e-05    2.39632e+20    0.00000e+00    1.68815e+24    1.72753e+22    5.00184e+14    0.00000e+00
    3.67392e-05    2.54678e+20    0.00000e+00    1.59629e+24    1.91657e+22    5.51701e+14    0.00000e+00
    3.86522e-05    3.47444e+20    0.00000e+00    1.49053e+24    2.12806e+22    6.08528e+14    0.00000e+00
    4.06648e-05    3.96431e+20    0.00000e+00    1.38878e+24    2.40285e+22    6.71208e+14    0.00000e+00
    4.27821e-05    4.16055e+20    0.00000e+00    1.29360e+24    2.49526e+22    7.40341e+14    0.00000e+00
    4.50098e-05    4.82838e+20    0.00000e+00    1.19642e+24    2.84963e+22    8.16601e+14    0.00000e+00
    4.73533e-05    6.06021e+20    0.00000e+00    1.10318e+24    3.15808e+22    9.00708e+14    0.00000e+00
    4.98190e-05    7.18348e+20    0.00000e+00    1.01533e+24    3.30634e+22    9.93485e+14    0.00000e+00
    5.24130e-05    7.55254e+20    0.00000e+00    9.32241e+23    3.83280e+22    1.09581e+15    0.00000e+00
    5.51421e-05    8.91972e+20    0.00000e+00    8.53014e+23    4.03999e+22    1.20869e+15    0.00000e+00
    5.80132e-05    1.04745e+21    0.00000e+00    7.80459e+23    4.46189e+22    1.33318e+15    0.00000e+00
    6.10339e-05    1.11668e+21    0.00000e+00    7.08802e+23    4.75750e+22    1.47050e+15    0.00000e+00
    6.42119e-05    1.35703e+21    0.00000e+00    6.44862e+23    5.27910e+22    1.62196e+15    0.00000e+00
    6.75553e-05    1.60577e+21    0.00000e+00    5.86801e+23    5.79605e+22    1.78903e+15    0.00000e+00
    7.10728e-05    1.80608e+21    0.00000e+00    5.31341e+23    6.17671e+22    1.97330e+15    0.00000e+00
    7.47735e-05    1.96972e+21    0.00000e+00    4.84367e+23    6.68278e+22    2.17655e+15    0.00000e+00
    7.86668e-05    2.33240e+21    0.00000e+00    4.39116e+23    7.24719e+22    2.40073e+15    0.00000e+00
    8.27629e-05    2.65481e+21    0.00000e+00    3.99211e+23    7.88867e+22    2.64801e+15    0.00000e+00
    8.70722e-05    2.97439e+21    0.00000e+00    3.66499e+23    8.34388e+22    2.92076e+15    0.00000e+00
    9.16060e-05    3.29717e+21    0.00000e+00    3.31544e+23    9.18365e+22    3.22160e+15    0.00000e+00
    9.63758e-05    3.89690e+21    0.00000e+00    3.06334e+23    9.80150e+22    3.55343e+15    0.00000e+00
    1.01394e-04    4.33520e+21    0.00000e+00    2.82386e+23    1.04316e+23    3.91944e+15    0.00000e+00
    1.06673e-04    4.76049e+21    0.00000e+00    2.61315e+23    1.12572e+23    4.32312e+15    0.00000e+00
    1.12228e-04    5.51736e+21    0.00000e+00    2.45560e+23    1.21095e+23    4.76846e+15    0.00000e+00
    1.18071e-04    5.97316e+21    0.00000e+00    2.29513e+23    1.29554e+23    5.25957e+15    0.00000e+00
    1.24219e-04    6.99407e+21    0.00000e+00    2.18911e+23    1.37851e+23    5.80132e+15    0.00000e+00
    1.30687e-04    7.52531e+21    0.00000e+00    2.07820e+23    1.47087e+23    6.39888e+15    0.00000e+00
    1.37492e-04    8.58325e+21    0.00000e+00    2.02027e+23    1.57817e+23    7.05800e+15    0.00000e+00
    1.44651e-04    9.25601e+21    0.00000e+00    1.96800e+23    1.66948e+23    7.78498e+15    0.00000e+00
    1.52183e-04    1.03844e+22    0.00000e+00    1.93039e+23    1.76795e+23    8.58686e+15    0.00000e+00
    1.60106e-04    1.16952e+22    0.00000e+00    1.90967e+23    1.89684e+23    9.47121e+15    0.00000e+00
    1.68443e-04    1.27911e+22    0.00000e+00    1.89592e+23    1.98102e+23    1.04468e+16    0.00000e+00
    1.77214e-04    1.40802e+22    0.00000e+00    1.92538e+23    2.11720e+23    1.15229e+16    0.00000e+00
    1.86441e-04    1.54561e+22    0.00000e+00    1.91763e+23    2.22499e+23    1.27097e+16    0.00000e+00
    1.96149e-04    1.68874e+22    0.00000e+00    1.96098e+23    2.34515e+23    1.40189e+16    0.00000e+00
    2.06362e-04    1.84627e+22    0.00000e+00    1.98689e+23    2.47588e+23    1.54628e+16    0.00000e+00
    2.17107e-04    2.06469e+22    0.00000e+00    2.03196e+23    2.60413e+23    1.70555e+16    0.00000e+00
    2.28411e-04    2.20849e+22    0.00000e+00    2.08253e+23    2.73239e+23    1.88122e+16    0.00000e+00
    2.40304e-04    2.43673e+22    0.00000e+00    2.12504e+23    2.86057e+23    2.07536e+16    0.00000e+00
    2.52817e-04    2.60257e+22    0.00000e+00    2.18895e+23    2.98165e+23    2.28966e+16    0.00000e+00
    2.65980e-04    2.82838e+22    0.00000e+00    2.25025e+23    3.12416e+23    2.52444e+16    0.00000e+00
    2.79830e-04    3.09653e+22    0.00000e+00    2.30583e+23    3.26876e+23    2.78507e+16    0.00000e+00
    2.94400e-04    3.29801e+22    0.00000e+00    2.36716e+23    3.38681e+23    3.07275e+16    0.00000e+00
    3.09729e-04    3.61644e+22    0.00000e+00    2.43480e+23    3.53985e+23    3.38762e+16    0.00000e+00
    3.25856e-04    3.84557e+22    0.00000e+00    2.49347e+23    3.66137e+23    3.73852e+16    0.00000e+00
    3.42823e-04    4.14005e+22    0.00000e+00    2.57825e+23    3.79420e+23    4.12142e+16    0.00000e+00
    3.60673e-04    4.44167e+22    0.00000e+00    2.61528e+23    3.93081e+23    4.54858e+16    0.00000e+00
    3.79453e-04    4.74594e+22    0.00000e+00    2.69237e+23    4.07061e+23    5.01582e+16    0.00000e+00
    3.99211e-04    5.03534e+22    0.00000e+00    2.74580e+23    4.19359e+23    5.53256e+16    0.00000e+00
    4.19997e-04    5.41222e+22    0.00000e+00    2.80811e+23    4.31967e+23    6.10253e+16    0.00000e+00
    4.41866e-04    5.71801e+22    0.00000e+00    2.87278e+23    4.45023e+23    6.72863e+16    0.00000e+00
    4.64873e-04    6.08261e+22    0.00000e+00    2.91893e+23    4.57156e+23    7.42428e+16    0.00000e+00
    4.89079e-04    6.45212e+22    6.90998e-13    2.98001e+23    4.67462e+23    8.18916e+16    0.00000e+00
    5.14544e-04    6.80422e+22    2.42464e+23    3.02236e+23    4.79011e+23    9.03281e+16    0.00000e+00
    5.41336e-04    7.18237e+22    2.47476e+23    3.06748e+23    4.91038e+23    9.96342e+16    0.00000e+00
    5.69523e-04    7.56422e+22    2.51355e+23    3.11436e+23    5.01100e+23    1.09899e+17    0.00000e+00
    5.99177e-04    7.99552e+22    2.55833e+23    3.15327e+23    5.10772e+23    1.21286e+17    0.00000e+00
    6.30375e-04    8.37762e+22    2.60496e+23    3.18053e+23    5.19671e+23    1.33721e+17    0.00000e+00
    6.63198e-04    8.75103e+22    2.64011e+23    3.22260e+23    5.30139e+23    1.47412e+17    0.00000e+00
    6.97730e-04    9.16009e+22    2.67132e+23    3.24325e+23    5.37561e+23    1.62682e+17    0.00000e+00
    7.34060e-04    9.62231e+22    2.70361e+23    3.27535e+23    5.44089e+23    1.79560e+17    0.00000e+00
    7.72281e-04    9.96810e+22    2.73793e+23    3.28490e+23    5.52841e+23    1.97816e+17    0.00000e+00
    8.12493e-04    1.04153e+23    2.76560e+23    3.30717e+23    5.57479e+23    2.18483e+17    0.00000e+00
    8.54798e-04    1.08336e+23    2.78623e+23    3.32405e+23    5.63922e+23    2.40847e+17    0.00000e+00
    8.99307e-04    1.12040e+23    2.81162e+23    3.32113e+23    5.68676e+23    2.65665e+17    0.00000e+00
    9.46132e-04    1.15743e+23    2.82409e+23    3.33298e+23    5.73169e+23    2.93040e+17    0.00000e+00
    9.95396e-04    1.19870e+23    2.83661e+23    3.32983e+23    5.76335e+23    3.22955e+17    0.00000e+00
    1.04723e-03    1.24001e+23    2.84470e+23    3.33073e+23    5.77673e+23    3.56505e+17    0.00000e+00
    1.10175e-03    1.27337e+23    2.85639e+23    3.30692e+23    5.80465e+23    3.93236e+17    0.00000e+00
    1.15912e-03    1.30909e+23    2.85583e+23    3.30572e+23    5.81637e+23    4.33760e+17    0.00000e+00
    1.21947e-03    1.34372e+23    2.85707e+23    3.29099e+23    5.80662e+23    4.78965e+17    0.00000e+00
    1.28297e-03    1.38109e+23    2.85298e+23    3.26999e+23    5.80783e+23    5.27256e+17    0.00000e+00
    1.34977e-03    1.40490e+23    2.84411e+23    3.24447e+23    5.78898e+23    5.82151e+17    0.00000e+00
    1.42005e-03    1.44089e+23    2.83149e+23    3.21723e+23    5.76271e+23    6.42933e+17    0.00000e+00
    1.49399e-03    1.46970e+23    2.81652e+23    3.18824e+23    5.73594e+23    7.08446e+17    0.00000e+00
    1.57178e-03    1.49204e+23    2.79931e+23    3.14877e+23    5.69473e+23    7.81465e+17    0.00000e+00
    1.65362e-03    1.52140e+23    2.77504e+23    3.11652e+23    5.65065e+23    8.62011e+17    0.00000e+00
    1.73973e-03    1.54146e+23    2.75180e+23    3.06862e+23    5.59159e+23    9.49465e+17    0.00000e+00
    1.83031e-03    1.56788e+23    2.72592e+23    3.02641e+23    5.53172e+23    1.05028e+18    0.00000e+00
    1.92561e-03    1.58005e+23    2.68719e+23    2.97206e+23    5.46676e+23    1.15700e+18    0.00000e+00
    2.02588e-03    1.59873e+23    2.65669e+23    2.92974e+23    5.38904e+23    1.27627e+18    0.00000e+00
    2.13136e-03    1.61233e+23    2.61600e+23    2.87429e+23    5.30242e+23    1.40534e+18    0.00000e+00
    2.24234e-03    1.62458e+23    2.57623e+23    2.80897e+23    5.21912e+23    1.55258e+18    0.00000e+00
    2.35910e-03    1.63393e+23    2.53374e+23    2.75471e+23    5.12183e+23    1.71263e+18    0.00000e+00
    2.48193e-03    1.64223e+23    2.48257e+23    2.68937e+23    5.02190e+23    1.89297e+18    0.00000e+00
    2.61116e-03    1.64609e+23    2.44404e+23    2.62926e+23    4.92439e+23    2.08448e+18    0.00000e+00
    2.74712e-03    1.64352e+23    2.38544e+23    2.56037e+23    4.80899e+23    2.29939e+18    0.00000e+00
    2.89016e-03    1.64540e+23    2.33485e+23    2.49271e+23    4.69540e+23    2.53068e+18    0.00000e+00
    3.04065e-03    1.63878e+23    2.28143e+23    2.42429e+23    4.57835e+23    2.79714e+18    0.00000e+00
    3.19897e-03    1.63808e+23    2.22382e+23    2.34746e+23    4.45673e+23    3.09314e+18    0.00000e+00
    3.36553e-03    1.62515e+23    2.16564e+23    2.27820e+23    4.33540e+23    3.40472e+18    0.00000e+00
    3.54077e-03    1.61377e+23    2.10640e+23    2.20390e+23    4.20444e+23    3.74576e+18    0.00000e+00
    3.72514e-03    1.59862e+23    2.04553e+23    2.13099e+23    4.07594e+23    4.15312e+18    0.00000e+00
    3.91910e-03    1.58128e+23    1.98503e+23    2.05067e+23    3.94503e+23    4.57030e+18    0.00000e+00
    4.12316e-03    1.56434e+23    1.91925e+23    1.97989e+23    3.80650e+23    5.04158e+18    0.00000e+00
    4.33785e-03    1.54405e+23    1.85543e+23    1.90212e+23    3.67625e+23    5.56147e+18    0.00000e+00
    4.56372e-03    1.51911e+23    1.79306e+23    1.82528e+23    3.54173e+23    6.13499e+18    0.00000e+00
    4.80134e-03    1.49184e+23    1.72646e+23    1.75214e+23    3.39993e+23    6.74522e+18    0.00000e+00
    5.05134e-03    1.46662e+23    1.66288e+23    1.67352e+23    3.26620e+23    7.46240e+18    0.00000e+00
    5.31436e-03    1.43264e+23    1.59688e+23    1.60113e+23    3.12944e+23    8.23188e+18    0.00000e+00
    5.59107e-03    1.40795e+23    1.53075e+23    1.52509e+23    2.99291e+23    9.11381e+18    0.00000e+00
    5.88219e-03    1.37067e+23    1.46716e+23    1.45321e+23    2.85881e+23    9.98390e+18    0.00000e+00
    6.18847e-03    1.33704e+23    1.40087e+23    1.38263e+23    2.72325e+23    1.10499e+19    0.00000e+00
    6.51069e-03    1.30259e+23    1.33923e+23    1.30958e+23    2.59548e+23    1.22377e+19    0.00000e+00
    6.84970e-03    1.26300e+23    1.27400e+23    1.24115e+23    2.46271e+23    1.33217e+19    0.00000e+00
    7.20635e-03    1.22835e+23    1.21139e+23    1.17443e+23    2.33517e+23    1.47246e+19    0.00000e+00
    7.58158e-03    1.18852e+23    1.15189e+23    1.10785e+23    2.21249e+23    1.62003e+19    0.00000e+00
    7.97634e-03    1.14778e+23    1.09021e+23    1.04451e+23    2.08823e+23    1.80444e+19    0.00000e+00
    8.39166e-03    1.10993e+23    1.03275e+23    9.81145e+22    1.96957e+23    1.98602e+19    0.00000e+00
    8.82860e-03    1.06736e+23    9.74621e+22    9.21353e+22    1.85186e+23    2.19349e+19    0.00000e+00
    9.28829e-03    1.02804e+23    9.19174e+22    8.63384e+22    1.74478e+23    2.42288e+19    0.00000e+00
    9.77192e-03    9.87351e+22    8.64569e+22    8.06790e+22    1.63023e+23    2.67567e+19    0.00000e+00
    1.02807e-02    9.44917e+22    8.11999e+22    7.53376e+22    1.52830e+23    2.94185e+19    0.00000e+00
    1.08160e-02    9.05409e+22    7.61193e+22    7.01615e+22    1.42593e+23    3.27306e+19    0.00000e+00
    1.13792e-02    8.63597e+22    7.11315e+22    6.51514e+22    1.32878e+23    3.59919e+19    0.00000e+00
    1.19717e-02    8.24230e+22    6.64588e+22    6.04943e+22    1.23546e+23    3.97137e+19    0.00000e+00
    1.25951e-02    7.84435e+22    6.18817e+22    5.59552e+22    1.14428e+23    4.38192e+19    0.00000e+00
    1.32509e-02    7.44304e+22    5.75239e+22    5.17087e+22    1.06308e+23    4.82220e+19    0.00000e+00
    1.39408e-02    7.06401e+22    5.34289e+22    4.77205e+22    9.80012e+22    5.34126e+19    0.00000e+00
    1.46667e-02    6.67881e+22    4.94209e+22    4.37841e+22    9.03465e+22    5.87044e+19    0.00000e+00
    1.54304e-02    6.30334e+22    4.56318e+22    4.02391e+22    8.31072e+22    6.48231e+19    0.00000e+00
    1.62338e-02    5.95051e+22    4.20752e+22    3.68573e+22    7.63590e+22    7.15365e+19    0.00000e+00
    1.70791e-02    5.58628e+22    3.86989e+22    3.36446e+22    6.98471e+22    7.87393e+19    0.00000e+00
    1.79684e-02    5.24702e+22    3.55824e+22    3.07363e+22    6.38866e+22    8.68434e+19    0.00000e+00
    1.89040e-02    4.91151e+22    3.25220e+22    2.78799e+22    5.82877e+22    9.57125e+19    0.00000e+00
    1.98883e-02    4.58530e+22    2.97711e+22    2.53536e+22    5.29627e+22    1.05465e+20    0.00000e+00
    2.09238e-02    4.28774e+22    2.71592e+22    2.29724e+22    4.81563e+22    1.16161e+20    0.00000e+00
    2.20133e-02    3.97916e+22    2.46801e+22    2.06997e+22    4.35379e+22    1.27932e+20    0.00000e+00
    2.31595e-02    3.69627e+22    2.24771e+22    1.87180e+22    3.94438e+22    1.40862e+20    0.00000e+00
    2.43654e-02    3.42083e+22    2.03451e+22    1.68114e+22    3.55117e+22    1.55099e+20    0.00000e+00
    2.56341e-02    3.16303e+22    1.84375e+22    1.51255e+22    3.19580e+22    1.70674e+20    0.00000e+00
    2.69688e-02    2.91697e+22    1.66310e+22    1.35106e+22    2.87172e+22    1.87768e+20    0.00000e+00
    2.83730e-02    2.67770e+22    1.49968e+22    1.20635e+22    2.56859e+22    2.06541e+20    0.00000e+00
    2.98504e-02    2.46042e+22    1.35447e+22    1.08150e+22    2.29565e+22    2.27078e+20    0.00000e+00
    3.14047e-02    2.24807e+22    1.21458e+22    9.58775e+21    2.05029e+22    2.49609e+20    0.00000e+00
    3.30399e-02    2.05370e+22    1.09229e+22    8.53508e+21    1.82531e+22    2.74265e+20    0.00000e+00
    3.47602e-02    1.86563e+22    9.81841e+21    7.57260e+21    1.61677e+22    3.01193e+20    0.00000e+00
    3.65701e-02    1.69510e+22    8.79468e+21    6.72148e+21    1.43606e+22    3.30735e+20    0.00000e+00
    3.84743e-02    1.53669e+22    7.91584e+21    5.95916e+21    1.27103e+22    3.62955e+20    0.00000e+00
    4.04776e-02    1.38490e+22    7.11588e+21    5.25840e+21    1.12249e+22    3.98139e+20    0.00000e+00
    4.25852e-02    1.24831e+22    6.42288e+21    4.68181e+21    9.91183e+21    4.36588e+20    0.00000e+00
    4.48025e-02    1.11976e+22    5.79291e+21    4.15621e+21    8.74733e+21    4.78438e+20    0.00000e+00
    4.71353e-02    1.00422e+22    5.25495e+21    3.69426e+21    7.72211e+21    5.24118e+20    0.00000e+00
    4.95896e-02    8.94982e+21    4.81328e+21    3.29366e+21    6.80756e+21    5.73842e+20    0.00000e+00
    5.21717e-02    7.97259e+21    4.41319e+21    2.96354e+21    6.01364e+21    6.27848e+20    0.00000e+00
    5.48882e-02    7.08208e+21    4.10247e+21    2.69469e+21    5.33491e+21    6.86722e+20    0.00000e+00
    5.77462e-02    6.26944e+21    3.83911e+21    2.43931e+21    4.74121e+21    7.50568e+20    0.00000e+00
    6.07529e-02    5.52726e+21    3.63961e+21    2.25808e+21    4.23046e+21    8.19841e+20    0.00000e+00
    6.39162e-02    4.86223e+21    3.49182e+21    2.10142e+21    3.81262e+21    8.95041e+20    0.00000e+00
    6.72443e-02    4.27251e+21    3.39322e+21    1.99265e+21    3.45948e+21    9.76380e+20    0.00000e+00
    7.07456e-02    3.73993e+21    3.34770e+21    1.91416e+21    3.16577e+21    1.06452e+21    0.00000e+00
    7.44292e-02    3.26791e+21    3.34168e+21    1.86050e+21    2.93100e+21    1.15980e+21    0.00000e+00
    7.83047e-02    2.84079e+21    3.38240e+21    1.85003e+21    2.75610e+21    1.26257e+21    0.00000e+00
    8.23819e-02    2.46885e+21    3.46057e+21    1.85290e+21    2.62519e+21    1.37375e+21    0.00000e+00
    8.66714e-02    2.14266e+21    3.57338e+21    1.88522e+21    2.53811e+21    1.49344e+21    0.00000e+00
    9.11843e-02    1.85546e+21    3.73065e+21    1.93994e+21    2.49277e+21    1.62235e+21    0.00000e+00
    9.59321e-02    1.61538e+21    3.92180e+21    2.02008e+21    2.48206e+21    1.76116e+21    0.00000e+00
    1.00927e-01    1.39710e+21    4.14223e+21    2.11857e+21    2.50684e+21    1.91014e+21    0.00000e+00
    1.06182e-01    1.21828e+21    4.40196e+21    2.23499e+21    2.55900e+21    2.07010e+21    0.00000e+00
    1.11711e-01    1.06578e+21    4.69366e+21    2.37136e+21    2.64076e+21    2.24140e+21    0.00000e+00
    1.17528e-01    9.38761e+20    5.01824e+21    2.52821e+21    2.75026e+21    2.42431e+21    0.00000e+00
    1.23647e-01    8.40777e+20    5.37116e+21    2.70114e+21    2.88428e+21    2.61931e+21    0.00000e+00
    1.30085e-01    7.57752e+20    5.75654e+21    2.88782e+21    3.03933e+21    2.82603e+21    0.00000e+00
    1.36859e-01    6.99423e+20    6.17123e+21    3.09266e+21    3.21448e+21    3.04408e+21    0.00000e+00
    1.43985e-01    6.58037e+20    6.60737e+21    3.30830e+21    3.40842e+21    3.27194e+21    0.00000e+00
    1.51482e-01    6.36354e+20    7.06460e+21    3.53551e+21    3.61604e+21    3.50759e+21    0.00000e+00
    1.59369e-01    6.30175e+20    7.53059e+21    3.76773e+21    3.83247e+21    3.74666e+21    0.00000e+00
    1.67668e-01    6.38486e+20    7.99471e+21    3.99843e+21    4.04956e+21    3.98321e+21    0.00000e+00
    1.76398e-01    6.61789e+20    8.44187e+21    4.22161e+21    4.26163e+21    4.21023e+21    0.00000e+00
    1.85583e-01    6.99108e+20    8.83765e+21    4.41923e+21    4.45146e+21    4.41095e+21    0.00000e+00
    1.95246e-01    7.51008e+20    9.16050e+21    4.58044e+21    4.60471e+21    4.57444e+21    0.00000e+00
    2.05412e-01    8.14498e+20    9.37018e+21    4.68515e+21    4.70402e+21    4.68091e+21    0.00000e+00
    2.16107e-01    8.90703e+20    9.41554e+21    4.70764e+21    4.72237e+21    4.70477e+21    0.00000e+00
    2.27360e-01    9.75651e+20    9.27631e+21    4.63805e+21    4.64886e+21    4.63594e+21    0.00000e+00
    2.39198e-01    1.06828e+21    8.90755e+21    4.45369e+21    4.46182e+21    4.45226e+21    0.00000e+00
    2.51653e-01    1.16359e+21    8.31569e+21    4.15774e+21    4.16368e+21    4.15680e+21    0.00000e+00
    2.64756e-01    1.25559e+21    7.53057e+21    3.76520e+21    3.76958e+21    3.76456e+21    0.00000e+00
    2.78541e-01    1.33070e+21    6.58962e+21    3.29474e+21    3.29795e+21    3.29432e+21    0.00000e+00
    2.93045e-01    1.37838e+21    5.57860e+21    2.78924e+21    2.79144e+21    2.78897e+21    0.00000e+00
    3.08303e-01    1.38291e+21    4.56614e+21    2.28304e+21    2.28458e+21    2.28286e+21    0.00000e+00
    3.24356e-01    1.32778e+21    3.62761e+21    1.81377e+21    1.81486e+21    1.81367e+21    0.00000e+00
    3.41245e-01    1.21416e+21    2.79468e+21    1.39731e+21    1.39806e+21    1.39725e+21    0.00000e+00
    3.59013e-01    1.04674e+21    2.10607e+21    1.05302e+21    1.05353e+21    1.05298e+21    0.00000e+00
    3.77706e-01    8.51635e+20    1.55775e+21    7.78867e+20    7.79183e+20    7.78842e+20    0.00000e+00
    3.97373e-01    6.53763e+20    1.13266e+21    5.66322e+20    5.66527e+20    5.66307e+20    0.00000e+00
    4.18064e-01    4.79475e+20    8.29721e+20    4.14856e+20    4.14997e+20    4.14848e+20    0.00000e+00
    4.39832e-01    3.36317e+20    6.08118e+20    3.04056e+20    3.04140e+20    3.04051e+20    0.00000e+00
    4.62733e-01    2.28024e+20    4.50315e+20    2.25156e+20    2.25206e+20    2.25153e+20    0.00000e+00
    4.86827e-01    1.52407e+20    3.35707e+20    1.67853e+20    1.67884e+20    1.67851e+20    0.00000e+00
    5.12176e-01    1.00066e+20    2.44476e+20    1.22238e+20    1.22255e+20    1.22237e+20    0.00000e+00
    5.38844e-01    6.67227e+19    1.70861e+20    8.54301e+19    8.54409e+19    8.54297e+19    0.00000e+00
    5.66901e-01    4.52070e+19    1.12425e+20    5.62122e+19    5.62183e+19    5.62120e+19    0.00000e+00
    5.96418e-01    3.06443e+19    6.87883e+19    3.43941e+19    3.43970e+19    3.43940e+19    0.00000e+00
    6.27473e-01    2.04273e+19    4.08644e+19    2.04321e+19    2.04339e+19    2.04321e+19    0.00000e+00
    6.60145e-01    1.26303e+19    2.32320e+19    1.16160e+19    1.16169e+19    1.16159e+19    0.00000e+00
    6.94518e-01    7.17907e+18    1.30952e+19    6.54759e+18    6.54801e+18    6.54758e+18    0.00000e+00
    7.30680e-01    3.87907e+18    7.57362e+18    3.78681e+18    3.78703e+18    3.78680e+18    0.00000e+00
    7.68726e-01    1.97058e+18    4.29091e+18    2.14546e+18    2.14556e+18    2.14545e+18    0.00000e+00
    8.08752e-01    1.01399e+18    2.33085e+18    1.16542e+18    1.16547e+18    1.16542e+18    0.00000e+00
    8.50863e-01    5.27471e+17    1.15768e+18    5.78839e+17    5.78854e+17    5.78839e+17    0.00000e+00
    8.95166e-01    2.64704e+17    5.17382e+17    2.58691e+17    2.58698e+17    2.58691e+17    3.72563e-15
    9.41777e-01    1.26703e+17    2.35861e+17    1.17930e+17    1.17934e+17    1.17930e+17    4.33951e+13
    9.90814e-01    5.34350e+16    1.04136e+17    5.20681e+16    5.20694e+16    5.20681e+16    1.87883e+13
    1.04240e+00    2.11270e+16    4.55793e+16    2.27896e+16    2.27900e+16    2.27896e+16    6.19534e+12
    1.09668e+00    8.61356e+15    1.87383e+16    9.36914e+15    9.36923e+15    9.36914e+15    1.65749e+12
    1.15378e+00    3.35346e+15    6.61186e+15    3.30593e+15    3.30597e+15    3.30593e+15    5.52615e+11
    1.21386e+00    1.23367e+15    2.33486e+15    1.16743e+15    1.16743e+15    1.16743e+15    1.46099e+11
    1.27706e+00    4.01901e+14    8.16563e+14    4.08282e+14    4.08283e+14    4.08282e+14    2.65109e+10
    1.34356e+00    1.17499e+14    2.53045e+14    1.26523e+14    1.26523e+14    1.26523e+14    7.44983e+09
    1.41352e+00    3.87406e+13    7.71425e+13    3.85713e+13    3.85714e+13    3.85713e+13    2.30406e+09
    1.48712e+00    1.06404e+13    2.04059e+13    1.02029e+13    1.02030e+13    1.02029e+13    9.22391e+08
    1.56455e+00    2.57322e+12    5.38896e+12    2.69448e+12    2.69448e+12    2.69448e+12    2.02840e+08
    1.64601e+00    6.54546e+11    1.34546e+12    6.72730e+11    6.72731e+11    6.72730e+11    1.74991e+07
    1.73172e+00    1.40032e+11    2.68415e+11    1.34207e+11    1.34208e+11    1.34207e+11    4.00681e+06
    1.82189e+00    2.88150e+10    5.93414e+10    2.96707e+10    2.96708e+10    2.96707e+10    1.47294e+06
    1.91675e+00    5.45858e+09    1.10531e+10    5.52653e+09    5.52655e+09    5.52653e+09    4.14827e+05
    2.01655e+00    8.26802e+08    1.62192e+09    8.10960e+08    8.10961e+08    8.10960e+08    4.80927e+04
    2.12155e+00    1.44096e+08    2.98330e+08    1.49165e+08    1.49165e+08    1.49165e+08    4.37384e+03
    2.23202e+00    1.95109e+07    3.78362e+07    1.89181e+07    1.89182e+07    1.89181e+07    1.09804e+03
    2.34823e+00    2.29783e+06    4.71730e+06    2.35865e+06    2.35865e+06    2.35865e+06    9.43727e+01
    2.47050e+00    2.88438e+05    5.71438e+05    2.85719e+05    2.85719e+05    2.85719e+05    4.80363e+00
    2.59914e+00    2.40428e+04    4.94795e+04    2.47397e+04    2.47398e+04    2.47397e+04    1.08900e+00
    2.73447e+00    2.46045e+03    4.89080e+03    2.44540e+03    2.44540e+03    2.44540e+03    6.57356e-02
    2.87685e+00    1.82867e+02    3.74251e+02    1.87125e+02    1.87125e+02    1.87125e+02    1.66273e-03
    3.02665e+00    9.52564e+00    1.86378e+01    9.31890e+00    9.31891e+00    9.31890e+00    3.47794e-04
    3.18424e+00    7.61197e-01    1.55214e+00    7.76069e-01    7.76069e-01    7.76069e-01    1.59470e-05
    3.35004e+00    3.34277e-02    6.63911e-02    3.31956e-02    3.31956e-02    3.31956e-02    6.68301e-07
    3.52447e+00    1.66047e-03    3.28847e-03    1.64424e-03    1.64424e-03    1.64424e-03    1.02106e-09
    3.70799e+00    6.26052e-05    1.23576e-04    6.17881e-05    6.17881e-05    6.17881e-05    1.26073e-10
    3.90106e+00    1.80650e-06    3.56202e-06    1.78101e-06    1.78101e-06    1.78101e-06    2.27431e-11
    4.10418e+00    4.95368e-08    9.77523e-08    4.88761e-08    4.88761e-08    4.88761e-08    1.13644e-14
    4.31788e+00    1.24311e-09    2.44182e-09    1.22091e-09    1.22091e-09    1.22091e-09    1.76499e-16
    4.54271e+00    2.14685e-11    4.18820e-11    2.09410e-11    2.09410e-11    2.09410e-11    1.28279e-17
    4.77924e+00    2.92339e-13    5.72159e-13    2.86080e-13    2.86080e-13    2.86080e-13    3.12630e-18
    5.02809e+00    3.96532e-15    7.75066e-15    3.87533e-15    3.87533e-15    3.87533e-15    4.08051e-19
    5.28989e+00    3.68270e-17    7.10860e-17    3.55430e-17    3.55430e-17    3.55430e-17    6.59331e-21
    5.56533e+00    2.48251e-19    4.82351e-19    2.41176e-19    2.41176e-19    2.41176e-19    4.75333e-23
    5.85511e+00    1.65767e-21    3.20557e-21    1.60278e-21    1.60278e-21    1.60278e-21    4.51407e-27
    6.15998e+00    6.55824e-24    1.25249e-23    6.26247e-24    6.26247e-24    6.26247e-24    1.43831e-28
    6.48072e+00    2.26363e-26    4.38035e-26    2.19017e-26    2.19017e-26    2.19017e-26    2.02154e-30
    6.81816e+00    5.79767e-29    1.09533e-28    5.47665e-29    5.47665e-29    5.47665e-29    4.08432e-35
    7.17317e+00    9.75882e-32    1.87507e-31    9.37534e-32    9.37534e-32    9.37534e-32    2.84847e-36
    7.54667e+00    1.39937e-34    2.62111e-34    1.31056e-34    1.31056e-34    1.31056e-34    7.96068e-39
    7.93962e+00    1.16033e-37    2.21501e-37    1.10751e-37    1.10751e-37    1.10751e-37    1.01237e-41
    8.35302e+00    8.14231e-41    1.50568e-40    7.52842e-41    7.52842e-41    7.52842e-41    1.17660e-47
    8.78795e+00    3.47775e-44    6.59939e-44    3.29969e-44    3.29969e-44    3.29969e-44    2.08600e-48
    9.24553e+00    9.59475e-48    1.75945e-47    8.79724e-48    8.79724e-48    8.79724e-48    8.62414e-52
    9.72693e+00    2.12347e-51    3.92342e-51    1.96171e-51    1.96171e-51    1.96171e-51    8.96680e-59
    1.02334e+01    2.28702e-55    4.27560e-55    2.13780e-55    2.13780e-55    2.13780e-55    2.30068e-61
    1.07662e+01    3.44261e-59    6.30629e-59    3.15314e-59    3.15314e-59    3.15314e-59    1.07158e-63
    1.13268e+01    1.68139e-63    3.01453e-63    1.50727e-63    1.50727e-63    1.50727e-63    2.60633e-68
    1.19166e+01    2.38747e-68    4.39642e-68    2.19821e-68    2.19821e-68    2.19821e-68    7.60512e-77
    1.25371e+01    3.51869e-73    6.45221e-73    3.22611e-73    3.22611e-73    3.22611e-73    7.30492e-78
    1.31899e+01    3.11662e-78    5.55145e-78    2.77572e-78    2.77572e-78    2.77572e-78    6.23829e-83
    1.38766e+01    2.33224e-82    4.14668e-82    2.07334e-82    2.07334e-82    2.07334e-82    1.14926e-92
    1.45992e+01    4.24617e-89    7.22332e-89    3.61166e-89    3.61166e-89    3.61166e-89    1.00532e-98
    1.53593e+01    2.66957e-93    4.54019e-93    2.27009e-93    2.27009e-93    2.27009e-93    1.50696e-99
    1.61591e+01   3.73423e-101   6.25256e-101   3.12628e-101   3.12628e-101   3.12628e-101   1.34058e-105
    1.70005e+01   1.14671e-107   1.94251e-107   9.71253e-108   9.71253e-108   9.71253e-108   2.42425e-118
    1.78857e+01   1.67231e-114   2.91439e-114   1.45719e-114   1.45719e-114   1.45719e-114   7.66763e-120
    1.88169e+01   7.95785e-119   1.38685e-118   6.93426e-119   6.93426e-119   6.93426e-119   9.43666e-127
    1.97967e+01   2.09860e-126   3.63719e-126   1.81860e-126   1.81860e-126   1.81860e-126   4.58356e-134
    2.08275e+01   2.03001e-134   3.23285e-134   1.61642e-134   1.61642e-134   1.61642e-134   2.21581e-149
    2.19120e+01   1.46225e-145   2.44498e-145   1.22249e-145   1.22249e-145   1.22249e-145   2.11881e-150
    2.30529e+01   2.10684e-154   3.21232e-154   1.60616e-154   1.60616e-154   1.60616e-154   5.94979e-159
    2.42532e+01   4.81184e-159   7.33771e-159   3.66886e-159   3.66886e-159   3.66886e-159   4.07859e-177
    2.55161e+01   1.87933e-173   3.00815e-173   1.50408e-173   1.50408e-173   1.50408e-173   1.41515e-187
    2.68446e+01   6.80547e-178   1.08932e-177   5.44659e-178   5.44659e-178   5.44659e-178   5.86128e-189
    2.82424e+01   1.05570e-188   1.51044e-188   7.55219e-189   7.55219e-189   7.55219e-189   2.07574e-199
    2.97130e+01   8.33660e-206   1.19668e-205   5.98339e-206   5.98339e-206   5.98339e-206   1.05285e-221
    3.12601e+01   9.32953e-218   1.30357e-217   6.51787e-218   6.51787e-218   6.51787e-218   3.14899e-223
    3.28877e+01   2.45653e-222   3.43251e-222   1.71625e-222   1.71625e-222   1.71625e-222   1.36995e-247
    3.46002e+01   1.30826e-243   1.76103e-243   8.80513e-244   8.80513e-244   8.80513e-244   2.84778e-261
    3.64017e+01   3.51949e-248   4.73841e-248   2.36920e-248   2.36920e-248   2.36920e-248   9.58603e-277
    3.82971e+01   3.28341e-262   4.93385e-262   2.46693e-262   2.46693e-262   2.46693e-262   3.90496e-277
    4.02912e+01   4.01077e-277   4.86898e-277   2.43449e-277   2.43449e-277   2.43449e-277    0.00000e+00
    4.23891e+01   2.14482e-292   3.05315e-292   1.52657e-292   1.52657e-292   1.52657e-292    0.00000e+00
    4.45963e+01    0.00000e+00    0.00000e+00    0.00000e+00    0.00000e+00    0.00000e+00    0.00000e+00
    4.69183e+01    0.00000e+00    0.00000e+00    0.00000e+00    0.00000e+00    0.00000e+00    0.00000e+00
    4.93613e+01    0.00000e+00    0.00000e+00    0.00000e+00    0.00000e+00    0.00000e+00    0.00000e+00
    5.19315e+01    0.00000e+00    0.00000e+00    0.00000e+00    0.00000e+00    0.00000e+00    0.00000e+00
    5.46355e+01    0.00000e+00    0.00000e+00    0.00000e+00    0.00000e+00    0.00000e+00    0.00000e+00
    5.74803e+01    0.00000e+00    0.00000e+00    0.00000e+00    0.00000e+00    0.00000e+00    0.00000e+00
    6.04732e+01    0.00000e+00    0.00000e+00    0.00000e+00    0.00000e+00    0.00000e+00    0.00000e+00
    6.36220e+01    0.00000e+00    0.00000e+00    0.00000e+00    0.00000e+00    0.00000e+00    0.00000e+00
    6.69347e+01    0.00000e+00    0.00000e+00    0.00000e+00    0.00000e+00    0.00000e+00    0.00000e+00
    7.04199e+01    0.00000e+00    0.00000e+00    0.00000e+00    0.00000e+00    0.00000e+00    0.00000e+00
    7.40866e+01    0.00000e+00    0.00000e+00    0.00000e+00    0.00000e+00    0.00000e+00    0.00000e+00
    7.79442e+01    0.00000e+00    0.00000e+00    0.00000e+00    0.00000e+00    0.00000e+00    0.00000e+00
    8.20026e+01    0.00000e+00    0.00000e+00    0.00000e+00    0.00000e+00    0.00000e+00    0.00000e+00
    8.62724e+01    0.00000e+00    0.00000e+00    0.00000e+00    0.00000e+00    0.00000e+00    0.00000e+00
    9.07645e+01    0.00000e+00    0.00000e+00    0.00000e+00    0.00000e+00    0.00000e+00    0.00000e+00
    9.54904e+01    0.00000e+00    0.00000e+00    0.00000e+00    0.00000e+00    0.00000e+00    0.00000e+00
    1.00463e+02    0.00000e+00    0.00000e+00    0.00000e+00    0.00000e+00    0.00000e+00    0.00000e+00
    1.05693e+02    0.00000e+00    0.00000e+00    0.00000e+00    0.00000e+00    0.00000e+00    0.00000e+00
    1.11197e+02    0.00000e+00    0.00000e+00    0.00000e+00    0.00000e+00    0.00000e+00    0.00000e+00
    1.16987e+02    0.00000e+00    0.00000e+00    0.00000e+00    0.00000e+00    0.00000e+00    0.00000e+00
    1.23078e+02    0.00000e+00    0.00000e+00    0.00000e+00    0.00000e+00    0.00000e+00    0.00000e+00
    1.29486e+02    0.00000e+00    0.00000e+00    0.00000e+00    0.00000e+00    0.00000e+00    0.00000e+00
    1.36229e+02    0.00000e+00    0.00000e+00    0.00000e+00    0.00000e+00    0.00000e+00    0.00000e+00
    1.43322e+02    0.00000e+00    0.00000e+00    0.00000e+00    0.00000e+00    0.00000e+00    0.00000e+00
    1.50785e+02    0.00000e+00    0.00000e+00    0.00000e+00    0.00000e+00    0.00000e+00    0.00000e+00
    1.58636e+02    0.00000e+00    0.00000e+00    0.00000e+00    0.00000e+00    0.00000e+00    0.00000e+00
    1.66896e+02    0.00000e+00    0.00000e+00    0.00000e+00    0.00000e+00    0.00000e+00    0.00000e+00
    1.75586e+02    0.00000e+00    0.00000e+00    0.00000e+00    0.00000e+00    0.00000e+00    0.00000e+00
    1.84728e+02    0.00000e+00    0.00000e+00    0.00000e+00    0.00000e+00    0.00000e+00    0.00000e+00
    1.94347e+02    0.00000e+00    0.00000e+00    0.00000e+00    0.00000e+00    0.00000e+00    0.00000e+00
    2.04466e+02    0.00000e+00    0.00000e+00    0.00000e+00    0.00000e+00    0.00000e+00    0.00000e+00
    2.15112e+02    0.00000e+00    0.00000e+00    0.00000e+00    0.00000e+00    0.00000e+00    0.00000e+00
    2.26313e+02    0.00000e+00    0.00000e+00    0.00000e+00    0.00000e+00    0.00000e+00    0.00000e+00
    2.38097e+02    0.00000e+00    0.00000e+00    0.00000e+00    0.00000e+00    0.00000e+00    0.00000e+00
    2.50494e+02    0.00000e+00    0.00000e+00    0.00000e+00    0.00000e+00    0.00000e+00    0.00000e+00
    2.63537e+02    0.00000e+00    0.00000e+00    0.00000e+00    0.00000e+00    0.00000e+00    0.00000e+00
    2.77259e+02    0.00000e+00    0.00000e+00    0.00000e+00    0.00000e+00    0.00000e+00    0.00000e+00
    2.91696e+02    0.00000e+00    0.00000e+00    0.00000e+00    0.00000e+00    0.00000e+00    0.00000e+00
    3.06884e+02    0.00000e+00    0.00000e+00    0.00000e+00    0.00000e+00    0.00000e+00    0.00000e+00
    3.22863e+02    0.00000e+00    0.00000e+00    0.00000e+00    0.00000e+00    0.00000e+00    0.00000e+00
    3.39674e+02    0.00000e+00    0.00000e+00    0.00000e+00    0.00000e+00    0.00000e+00    0.00000e+00
    3.57360e+02    0.00000e+00    0.00000e+00    0.00000e+00    0.00000e+00    0.00000e+00    0.00000e+00
    3.75967e+02    0.00000e+00    0.00000e+00    0.00000e+00    0.00000e+00    0.00000e+00    0.00000e+00
    3.95544e+02    0.00000e+00    0.00000e+00    0.00000e+00    0.00000e+00    0.00000e+00    0.00000e+00
    4.16139e+02    0.00000e+00    0.00000e+00    0.00000e+00    0.00000e+00    0.00000e+00    0.00000e+00
    4.37807e+02    0.00000e+00    0.00000e+00    0.00000e+00    0.00000e+00    0.00000e+00    0.00000e+00
    4.60603e+02    0.00000e+00    0.00000e+00    0.00000e+00    0.00000e+00    0.00000e+00    0.00000e+00
    4.84586e+02    0.00000e+00    0.00000e+00    0.00000e+00    0.00000e+00    0.00000e+00    0.00000e+00
    5.09818e+02    0.00000e+00    0.00000e+00    0.00000e+00    0.00000e+00    0.00000e+00    0.00000e+00
    5.36363e+02    0.00000e+00    0.00000e+00    0.00000e+00    0.00000e+00    0.00000e+00    0.00000e+00
    5.64291e+02    0.00000e+00    0.00000e+00    0.00000e+00    0.00000e+00    0.00000e+00    0.00000e+00
    5.93673e+02    0.00000e+00    0.00000e+00    0.00000e+00    0.00000e+00    0.00000e+00    0.00000e+00
    6.24584e+02    0.00000e+00    0.00000e+00    0.00000e+00    0.00000e+00    0.00000e+00    0.00000e+00
    6.57106e+02    0.00000e+00    0.00000e+00    0.00000e+00    0.00000e+00    0.00000e+00    0.00000e+00
    6.91320e+02    0.00000e+00    0.00000e+00    0.00000e+00    0.00000e+00    0.00000e+00    0.00000e+00
    7.27317e+02    0.00000e+00    0.00000e+00    0.00000e+00    0.00000e+00    0.00000e+00    0.00000e+00
    7.65187e+02    0.00000e+00    0.00000e+00    0.00000e+00    0.00000e+00    0.00000e+00    0.00000e+00
    8.05029e+02    0.00000e+00    0.00000e+00    0.00000e+00    0.00000e+00    0.00000e+00    0.00000e+00
    8.46946e+02    0.00000e+00    0.00000e+00    0.00000e+00    0.00000e+00    0.00000e+00    0.00000e+00
    8.91045e+02    0.00000e+00    0.00000e+00    0.00000e+00    0.00000e+00    0.00000e+00    0.00000e+00
    9.37441e+02    0.00000e+00    0.00000e+00    0.00000e+00    0.00000e+00    0.00000e+00    0.00000e+00
    9.86252e+02    0.00000e+00    0.00000e+00    0.00000e+00    0.00000e+00    0.00000e+00    0.00000e+00
    1.03761e+03    0.00000e+00    0.00000e+00    0.00000e+00    0.00000e+00    0.00000e+00    0.00000e+00
    1.09163e+03    0.00000e+00    0.00000e+00    0.00000e+00    0.00000e+00    0.00000e+00    0.00000e+00
    1.14847e+03    0.00000e+00    0.00000e+00    0.00000e+00    0.00000e+00    0.00000e+00    0.00000e+00
    1.20827e+03    0.00000e+00    0.00000e+00    0.00000e+00    0.00000e+00    0.00000e+00    0.00000e+00
    1.27118e+03    0.00000e+00    0.00000e+00    0.00000e+00    0.00000e+00    0.00000e+00    0.00000e+00
    1.33737e+03    0.00000e+00    0.00000e+00    0.00000e+00    0.00000e+00    0.00000e+00    0.00000e+00
    1.40701e+03    0.00000e+00    0.00000e+00    0.00000e+00    0.00000e+00    0.00000e+00    0.00000e+00
    1.48027e+03    0.00000e+00    0.00000e+00    0.00000e+00    0.00000e+00    0.00000e+00    0.00000e+00
    1.55734e+03    0.00000e+00    0.00000e+00    0.00000e+00    0.00000e+00    0.00000e+00    0.00000e+00
    1.63843e+03    0.00000e+00    0.00000e+00    0.00000e+00    0.00000e+00    0.00000e+00    0.00000e+00
    1.72374e+03    0.00000e+00    0.00000e+00    0.00000e+00    0.00000e+00    0.00000e+00    0.00000e+00
    1.81350e+03    0.00000e+00    0.00000e+00    0.00000e+00    0.00000e+00    0.00000e+00    0.00000e+00
    1.90792e+03    0.00000e+00    0.00000e+00    0.00000e+00    0.00000e+00    0.00000e+00    0.00000e+00
    2.00727e+03    0.00000e+00    0.00000e+00    0.00000e+00    0.00000e+00    0.00000e+00    0.00000e+00
    2.11178e+03    0.00000e+00    0.00000e+00    0.00000e+00    0.00000e+00    0.00000e+00    0.00000e+00
    2.22174e+03    0.00000e+00    0.00000e+00    0.00000e+00    0.00000e+00    0.00000e+00    0.00000e+00
    2.33742e+03    0.00000e+00    0.00000e+00    0.00000e+00    0.00000e+00    0.00000e+00    0.00000e+00
    2.45913e+03    0.00000e+00    0.00000e+00    0.00000e+00    0.00000e+00    0.00000e+00    0.00000e+00
    2.58717e+03    0.00000e+00    0.00000e+00    0.00000e+00    0.00000e+00    0.00000e+00    0.00000e+00
    2.72188e+03    0.00000e+00    0.00000e+00    0.00000e+00    0.00000e+00    0.00000e+00    0.00000e+00
    2.86361e+03    0.00000e+00    0.00000e+00    0.00000e+00    0.00000e+00    0.00000e+00    0.00000e+00
    3.01271e+03    0.00000e+00    0.00000e+00    0.00000e+00    0.00000e+00    0.00000e+00    0.00000e+00
    3.16958e+03    0.00000e+00    0.00000e+00    0.00000e+00    0.00000e+00    0.00000e+00    0.00000e+00
    3.33462e+03    0.00000e+00    0.00000e+00    0.00000e+00    0.00000e+00    0.00000e+00    0.00000e+00
    3.50825e+03    0.00000e+00    0.00000e+00    0.00000e+00    0.00000e+00    0.00000e+00    0.00000e+00
    3.69092e+03    0.00000e+00    0.00000e+00    0.00000e+00    0.00000e+00    0.00000e+00    0.00000e+00
    3.88310e+03    0.00000e+00    0.00000e+00    0.00000e+00    0.00000e+00    0.00000e+00    0.00000e+00
    4.08529e+03    0.00000e+00    0.00000e+00    0.00000e+00    0.00000e+00    0.00000e+00    0.00000e+00
    4.29800e+03    0.00000e+00    0.00000e+00    0.00000e+00    0.00000e+00    0.00000e+00    0.00000e+00
    4.52179e+03    0.00000e+00    0.00000e+00    0.00000e+00    0.00000e+00    0.00000e+00    0.00000e+00
    4.75724e+03    0.00000e+00    0.00000e+00    0.00000e+00    0.00000e+00    0.00000e+00    0.00000e+00
    5.00494e+03    0.00000e+00    0.00000e+00    0.00000e+00    0.00000e+00    0.00000e+00    0.00000e+00
    5.26554e+03    0.00000e+00    0.00000e+00    0.00000e+00    0.00000e+00    0.00000e+00    0.00000e+00
    5.53971e+03    0.00000e+00    0.00000e+00    0.00000e+00    0.00000e+00    0.00000e+00    0.00000e+00
    5.82815e+03    0.00000e+00    0.00000e+00    0.00000e+00    0.00000e+00    0.00000e+00    0.00000e+00
    6.13162e+03    0.00000e+00    0.00000e+00    0.00000e+00    0.00000e+00    0.00000e+00    0.00000e+00
    6.45088e+03    0.00000e+00    0.00000e+00    0.00000e+00    0.00000e+00    0.00000e+00    0.00000e+00
    6.78677e+03    0.00000e+00    0.00000e+00    0.00000e+00    0.00000e+00    0.00000e+00    0.00000e+00
    7.14015e+03    0.00000e+00    0.00000e+00    0.00000e+00    0.00000e+00    0.00000e+00    0.00000e+00
    7.51193e+03    0.00000e+00    0.00000e+00    0.00000e+00    0.00000e+00    0.00000e+00    0.00000e+00
    7.90307e+03    0.00000e+00    0.00000e+00    0.00000e+00    0.00000e+00    0.00000e+00    0.00000e+00
    8.31457e+03    0.00000e+00    0.00000e+00    0.00000e+00    0.00000e+00    0.00000e+00    0.00000e+00
    8.74750e+03    0.00000e+00    0.00000e+00    0.00000e+00    0.00000e+00    0.00000e+00    0.00000e+00
    9.20297e+03    0.00000e+00    0.00000e+00    0.00000e+00    0.00000e+00    0.00000e+00    0.00000e+00
    9.68215e+03    0.00000e+00    0.00000e+00    0.00000e+00    0.00000e+00    0.00000e+00    0.00000e+00
    1.01863e+04    0.00000e+00    0.00000e+00    0.00000e+00    0.00000e+00    0.00000e+00    0.00000e+00
    1.07167e+04    0.00000e+00    0.00000e+00    0.00000e+00    0.00000e+00    0.00000e+00    0.00000e+00
    1.12747e+04    0.00000e+00    0.00000e+00    0.00000e+00    0.00000e+00    0.00000e+00    0.00000e+00
    1.18617e+04    0.00000e+00    0.00000e+00    0.00000e+00    0.00000e+00    0.00000e+00    0.00000e+00
    1.24794e+04    0.00000e+00    0.00000e+00    0.00000e+00    0.00000e+00    0.00000e+00    0.00000e+00
    1.31291e+04    0.00000e+00    0.00000e+00    0.00000e+00    0.00000e+00    0.00000e+00    0.00000e+00
    1.38128e+04    0.00000e+00    0.00000e+00    0.00000e+00    0.00000e+00    0.00000e+00    0.00000e+00
    1.45320e+04    0.00000e+00    0.00000e+00    0.00000e+00    0.00000e+00    0.00000e+00    0.00000e+00
    1.52886e+04    0.00000e+00    0.00000e+00    0.00000e+00    0.00000e+00    0.00000e+00    0.00000e+00
    1.60847e+04    0.00000e+00    0.00000e+00    0.00000e+00    0.00000e+00    0.00000e+00    0.00000e+00
    1.69222e+04    0.00000e+00    0.00000e+00    0.00000e+00    0.00000e+00    0.00000e+00    0.00000e+00
    1.78033e+04    0.00000e+00    0.00000e+00    0.00000e+00    0.00000e+00    0.00000e+00    0.00000e+00
    1.87303e+04    0.00000e+00    0.00000e+00    0.00000e+00    0.00000e+00    0.00000e+00    0.00000e+00
    1.97056e+04    0.00000e+00    0.00000e+00    0.00000e+00    0.00000e+00    0.00000e+00    0.00000e+00
    2.07316e+04    0.00000e+00    0.00000e+00    0.00000e+00    0.00000e+00    0.00000e+00    0.00000e+00
    2.18111e+04    0.00000e+00    0.00000e+00    0.00000e+00    0.00000e+00    0.00000e+00    0.00000e+00
    2.29468e+04    0.00000e+00    0.00000e+00    0.00000e+00    0.00000e+00    0.00000e+00    0.00000e+00
    2.41416e+04    0.00000e+00    0.00000e+00    0.00000e+00    0.00000e+00    0.00000e+00    0.00000e+00
    2.53986e+04    0.00000e+00    0.00000e+00    0.00000e+00    0.00000e+00    0.00000e+00    0.00000e+00
    2.67211e+04    0.00000e+00    0.00000e+00    0.00000e+00    0.00000e+00    0.00000e+00    0.00000e+00
    2.81124e+04    0.00000e+00    0.00000e+00    0.00000e+00    0.00000e+00    0.00000e+00    0.00000e+00
    2.95762e+04    0.00000e+00    0.00000e+00    0.00000e+00    0.00000e+00    0.00000e+00    0.00000e+00
    3.11162e+04    0.00000e+00    0.00000e+00    0.00000e+00    0.00000e+00    0.00000e+00    0.00000e+00
    3.27363e+04    0.00000e+00    0.00000e+00    0.00000e+00    0.00000e+00    0.00000e+00    0.00000e+00
    3.44409e+04    0.00000e+00    0.00000e+00    0.00000e+00    0.00000e+00    0.00000e+00    0.00000e+00
    3.62342e+04    0.00000e+00    0.00000e+00    0.00000e+00    0.00000e+00    0.00000e+00    0.00000e+00
    3.81208e+04    0.00000e+00    0.00000e+00    0.00000e+00    0.00000e+00    0.00000e+00    0.00000e+00
    4.01057e+04    0.00000e+00    0.00000e+00    0.00000e+00    0.00000e+00    0.00000e+00    0.00000e+00
    4.21940e+04    0.00000e+00    0.00000e+00    0.00000e+00    0.00000e+00    0.00000e+00    0.00000e+00
    4.43910e+04    0.00000e+00    0.00000e+00    0.00000e+00    0.00000e+00    0.00000e+00    0.00000e+00
    4.67023e+04    0.00000e+00    0.00000e+00    0.00000e+00    0.00000e+00    0.00000e+00    0.00000e+00
    4.91341e+04    0.00000e+00    0.00000e+00    0.00000e+00    0.00000e+00    0.00000e+00    0.00000e+00
    5.16924e+04    0.00000e+00    0.00000e+00    0.00000e+00    0.00000e+00    0.00000e+00    0.00000e+00
    5.43840e+04    0.00000e+00    0.00000e+00    0.00000e+00    0.00000e+00    0.00000e+00    0.00000e+00
    5.72157e+04    0.00000e+00    0.00000e+00    0.00000e+00    0.00000e+00    0.00000e+00    0.00000e+00
    6.01948e+04    0.00000e+00    0.00000e+00    0.00000e+00    0.00000e+00    0.00000e+00    0.00000e+00
    6.33291e+04    0.00000e+00    0.00000e+00    0.00000e+00    0.00000e+00    0.00000e+00    0.00000e+00
    6.66265e+04    0.00000e+00    0.00000e+00    0.00000e+00    0.00000e+00    0.00000e+00    0.00000e+00
    7.00957e+04    0.00000e+00    0.00000e+00    0.00000e+00    0.00000e+00    0.00000e+00    0.00000e+00
    7.37455e+04    0.00000e+00    0.00000e+00    0.00000e+00    0.00000e+00    0.00000e+00    0.00000e+00
    7.75853e+04    0.00000e+00    0.00000e+00    0.00000e+00    0.00000e+00    0.00000e+00    0.00000e+00
    8.16251e+04    0.00000e+00    0.00000e+00    0.00000e+00    0.00000e+00    0.00000e+00    0.00000e+00
    8.58752e+04    0.00000e+00    0.00000e+00    0.00000e+00    0.00000e+00    0.00000e+00    0.00000e+00
    9.03466e+04    0.00000e+00    0.00000e+00    0.00000e+00    0.00000e+00    0.00000e+00    0.00000e+00
    9.50508e+04    0.00000e+00    0.00000e+00    0.00000e+00    0.00000e+00    0.00000e+00    0.00000e+00
    1.00000e+05    0.00000e+00    0.00000e+00    0.00000e+00    0.00000e+00    0.00000e+00    0.00000e+00
