# E_gamma(MeV)   IFA_primary_masked(MeV^-1 s^-1)
5.145440e-01 3.770330e+17
5.413360e-01 8.931797e+17
5.695230e-01 1.570270e+18
5.991770e-01 2.355753e+18
6.303750e-01 3.138514e+18
6.631980e-01 3.738349e+18
6.977300e-01 4.140405e+18
7.340600e-01 4.384132e+18
7.722810e-01 4.507194e+18
8.124930e-01 4.540565e+18
8.547980e-01 4.507849e+18
8.993070e-01 4.426210e+18
9.461320e-01 4.309093e+18
9.953960e-01 4.167523e+18
1.047230e+00 4.008917e+18
1.101750e+00 3.839046e+18
1.159120e+00 3.663084e+18
1.219470e+00 3.484245e+18
1.282970e+00 3.305170e+18
1.349770e+00 3.127859e+18
1.420050e+00 2.953793e+18
1.493990e+00 2.784058e+18
1.571780e+00 2.619422e+18
1.653620e+00 2.460413e+18
1.739730e+00 2.307375e+18
1.830310e+00 2.160491e+18
1.925610e+00 2.019840e+18
2.025880e+00 1.885409e+18
2.131360e+00 1.757116e+18
2.242340e+00 1.634805e+18
2.359100e+00 1.518342e+18
2.481930e+00 1.407562e+18
2.611160e+00 1.302287e+18
2.747120e+00 1.202250e+18
2.890160e+00 1.107259e+18
3.040650e+00 1.017029e+18
3.198970e+00 9.313720e+17
3.365530e+00 8.500731e+17
3.540770e+00 7.730030e+17
3.725140e+00 7.000670e+17
3.919100e+00 6.310505e+17
4.123160e+00 5.658562e+17
4.337850e+00 5.043997e+17
4.563720e+00 4.466272e+17
4.801340e+00 3.924546e+17
5.051340e+00 3.420124e+17
5.314360e+00 2.952767e+17
5.591070e+00 2.523063e+17
5.882190e+00 2.131553e+17
6.188470e+00 1.778921e+17
6.510690e+00 1.465429e+17
6.849700e+00 1.190843e+17
7.206350e+00 9.542638e+16
7.581580e+00 7.541169e+16
7.976340e+00 5.878491e+16
8.391660e+00 4.523098e+16
8.828600e+00 3.438764e+16
9.288290e+00 2.585425e+16
9.771920e+00 1.925086e+16
1.028070e+01 1.420375e+16
1.081600e+01 1.038797e+16
1.137920e+01 7.521243e+15
1.197170e+01 5.382765e+15
1.259510e+01 3.790717e+15
1.325090e+01 2.617718e+15
1.394080e+01 1.761698e+15
1.466670e+01 1.153964e+15
1.543040e+01 7.394367e+14
1.623380e+01 4.549669e+14
1.707910e+01 2.753446e+14
1.796840e+01 1.625092e+14
1.890400e+01 9.421543e+13
1.988830e+01 4.804944e+13
2.092380e+01 2.833555e+13
2.201330e+01 1.374785e+13
2.315950e+01 7.725951e+12
2.436540e+01 3.440718e+12
2.563410e+01 1.826204e+12
2.696880e+01 7.662931e+11
2.837300e+01 3.426641e+11
2.985040e+01 1.516851e+11
3.140470e+01 6.063126e+10
3.303990e+01 2.298487e+10
3.476020e+01 8.288238e+09
3.657010e+01 2.867657e+09
3.847430e+01 9.878798e+08
4.047760e+01 3.106594e+08
4.258520e+01 9.073366e+07
4.480250e+01 2.484804e+07
4.713530e+01 6.309606e+06
4.958960e+01 1.543090e+06
5.217170e+01 3.383181e+05
5.488820e+01 6.894065e+04
5.774620e+01 1.176772e+04
6.075290e+01 1.881546e+03
6.391620e+01 3.065653e+02
6.724430e+01 4.484260e+01
7.074560e+01 6.528805e+00
7.442920e+01 8.294264e-01
7.830470e+01 2.378997e-01
8.238190e+01 4.025375e-02
8.667140e+01 1.432755e-02
9.118430e+01 0.000000e+00
9.593210e+01 0.000000e+00
1.009270e+02 0.000000e+00
1.061820e+02 0.000000e+00
1.117110e+02 0.000000e+00
1.175280e+02 0.000000e+00
1.236470e+02 0.000000e+00
1.300850e+02 0.000000e+00
1.368590e+02 0.000000e+00
1.439850e+02 0.000000e+00
1.514820e+02 0.000000e+00
1.593690e+02 0.000000e+00
1.676680e+02 0.000000e+00
1.763980e+02 0.000000e+00
1.855830e+02 0.000000e+00
1.952460e+02 0.000000e+00
2.054120e+02 0.000000e+00
2.161070e+02 0.000000e+00
2.273600e+02 0.000000e+00
2.391980e+02 0.000000e+00
2.516530e+02 0.000000e+00
2.647560e+02 0.000000e+00
2.785410e+02 0.000000e+00
2.930450e+02 0.000000e+00
3.083030e+02 0.000000e+00
3.243560e+02 0.000000e+00
3.412450e+02 0.000000e+00
3.590130e+02 0.000000e+00
3.777060e+02 0.000000e+00
3.973730e+02 0.000000e+00
4.180640e+02 0.000000e+00
4.398320e+02 0.000000e+00
4.627330e+02 0.000000e+00
4.868270e+02 0.000000e+00
5.121760e+02 0.000000e+00
5.388440e+02 0.000000e+00
5.669010e+02 0.000000e+00
5.964180e+02 0.000000e+00
6.274730e+02 0.000000e+00
6.601450e+02 0.000000e+00
6.945180e+02 0.000000e+00
7.306800e+02 0.000000e+00
7.687260e+02 0.000000e+00
8.087520e+02 0.000000e+00
8.508630e+02 0.000000e+00
8.951660e+02 0.000000e+00
9.417770e+02 0.000000e+00
9.908140e+02 0.000000e+00
1.042400e+03 0.000000e+00
1.096680e+03 0.000000e+00
1.153780e+03 0.000000e+00
