# E_gamma(MeV)   IFA_secondary_masked(MeV^-1 s^-1)
5.145440e-01 3.455433e+12
5.413360e-01 1.699340e+13
5.695230e-01 5.757498e+13
5.991770e-01 1.312839e+14
6.303750e-01 2.474247e+14
6.631980e-01 3.981227e+14
6.977300e-01 5.689530e+14
7.340600e-01 7.343625e+14
7.722810e-01 8.751012e+14
8.124930e-01 9.720539e+14
8.547980e-01 1.022912e+15
8.993070e-01 1.029844e+15
9.461320e-01 9.981585e+14
9.953960e-01 9.394315e+14
1.047230e+00 8.659914e+14
1.101750e+00 7.850664e+14
1.159120e+00 7.032349e+14
1.219470e+00 6.225372e+14
1.282970e+00 5.387051e+14
1.349770e+00 4.635469e+14
1.420050e+00 3.981457e+14
1.493990e+00 3.400720e+14
1.571780e+00 2.911401e+14
1.653620e+00 2.572413e+14
1.739730e+00 2.235642e+14
1.830310e+00 1.899968e+14
1.925610e+00 1.563466e+14
2.025880e+00 1.236146e+14
2.131360e+00 9.633591e+13
2.242340e+00 7.453748e+13
2.359100e+00 5.829423e+13
2.481930e+00 4.774643e+13
2.611160e+00 4.183857e+13
2.747120e+00 3.597514e+13
2.890160e+00 3.007988e+13
3.040650e+00 2.406675e+13
3.198970e+00 1.861936e+13
3.365530e+00 1.413773e+13
3.540770e+00 1.064180e+13
3.725140e+00 8.175382e+12
3.919100e+00 6.794823e+12
4.123160e+00 5.796225e+12
4.337850e+00 4.755270e+12
4.563720e+00 3.793173e+12
4.801340e+00 2.984114e+12
5.051340e+00 2.333936e+12
5.314360e+00 1.853493e+12
5.591070e+00 1.563293e+12
5.882190e+00 1.335886e+12
6.188470e+00 1.127222e+12
6.510690e+00 9.449016e+11
6.849700e+00 7.899182e+11
7.206350e+00 6.644157e+11
7.581580e+00 5.720650e+11
7.976340e+00 4.904105e+11
8.391660e+00 4.119919e+11
8.828600e+00 3.351683e+11
9.288290e+00 2.571931e+11
9.771920e+00 1.904274e+11
1.028070e+01 1.338236e+11
1.081600e+01 8.706853e+10
1.137920e+01 5.145636e+10
1.197170e+01 3.384247e+10
1.259510e+01 2.337115e+10
1.325090e+01 1.441292e+10
1.394080e+01 8.291232e+09
1.466670e+01 5.705268e+09
1.543040e+01 3.488319e+09
1.623380e+01 1.917456e+09
1.707910e+01 1.243621e+09
1.796840e+01 7.237288e+08
1.890400e+01 3.748359e+08
1.988830e+01 2.228179e+08
2.092380e+01 1.117173e+08
2.201330e+01 7.245273e+07
2.315950e+01 4.237885e+07
2.436540e+01 2.297192e+07
2.563410e+01 1.020400e+07
2.696880e+01 5.025556e+06
2.837300e+01 2.289884e+06
2.985040e+01 7.903254e+05
3.140470e+01 2.962240e+05
3.303990e+01 9.529842e+04
3.476020e+01 2.341345e+04
3.657010e+01 1.067315e+04
3.847430e+01 3.996249e+03
4.047760e+01 1.488221e+03
4.258520e+01 5.805283e+02
4.480250e+01 2.460632e+02
4.713530e+01 6.930579e+01
4.958960e+01 8.687850e+00
5.217170e+01 1.415532e+00
5.488820e+01 2.469834e-01
5.774620e+01 1.002838e-01
6.075290e+01 2.517215e-02
6.391620e+01 8.679087e-03
6.724430e+01 1.623422e-03
7.074560e+01 5.751666e-04
7.442920e+01 1.297817e-04
7.830470e+01 5.314908e-05
8.238190e+01 1.205963e-05
8.667140e+01 4.433101e-06
9.118430e+01 1.091552e-06
9.593210e+01 4.315076e-07
1.009270e+02 9.878020e-08
1.061820e+02 3.890719e-08
1.117110e+02 0.000000e+00
1.175280e+02 0.000000e+00
1.236470e+02 0.000000e+00
1.300850e+02 0.000000e+00
1.368590e+02 0.000000e+00
1.439850e+02 0.000000e+00
1.514820e+02 0.000000e+00
1.593690e+02 0.000000e+00
1.676680e+02 0.000000e+00
1.763980e+02 0.000000e+00
1.855830e+02 0.000000e+00
1.952460e+02 0.000000e+00
2.054120e+02 0.000000e+00
2.161070e+02 0.000000e+00
2.273600e+02 0.000000e+00
2.391980e+02 0.000000e+00
2.516530e+02 0.000000e+00
2.647560e+02 0.000000e+00
2.785410e+02 0.000000e+00
2.930450e+02 0.000000e+00
3.083030e+02 0.000000e+00
3.243560e+02 0.000000e+00
3.412450e+02 0.000000e+00
3.590130e+02 0.000000e+00
3.777060e+02 0.000000e+00
3.973730e+02 0.000000e+00
4.180640e+02 0.000000e+00
4.398320e+02 0.000000e+00
4.627330e+02 0.000000e+00
4.868270e+02 0.000000e+00
5.121760e+02 0.000000e+00
5.388440e+02 0.000000e+00
5.669010e+02 0.000000e+00
5.964180e+02 0.000000e+00
6.274730e+02 0.000000e+00
6.601450e+02 0.000000e+00
6.945180e+02 0.000000e+00
7.306800e+02 0.000000e+00
7.687260e+02 0.000000e+00
8.087520e+02 0.000000e+00
8.508630e+02 0.000000e+00
8.951660e+02 0.000000e+00
9.417770e+02 0.000000e+00
9.908140e+02 0.000000e+00
1.042400e+03 0.000000e+00
1.096680e+03 0.000000e+00
