# # E_gamma (MeV)  Final State Radiation (MeV^-1 s^-1)
5.145440e-01 1.081502e+09
5.413360e-01 7.290162e+08
5.695230e-01 6.476179e+08
5.991770e-01 5.535314e+08
6.303750e-01 4.839342e+08
6.631980e-01 2.974402e+08
6.977300e-01 2.594891e+08
7.340600e-01 1.643138e+08
7.722810e-01 1.087393e+08
8.124930e-01 9.462117e+07
8.547980e-01 5.508468e+07
8.993070e-01 4.752988e+07
9.461320e-01 2.739133e+07
9.953960e-01 1.405448e+07
1.047230e+00 1.198747e+07
1.101750e+00 4.086590e+06
1.159120e+00 2.213785e+06
1.219470e+00 1.892273e+06
1.282970e+00 9.736297e+05
1.349770e+00 2.818966e+05
1.420050e+00 1.646366e+05
1.493990e+00 1.396070e+05
1.571780e+00 4.799525e+04
1.653620e+00 1.441764e+04
1.739730e+00 3.016149e+03
1.830310e+00 2.567809e+03
1.925610e+00 1.345165e+03
2.025880e+00 3.360827e+02
2.131360e+00 9.384854e+01
2.242340e+00 3.262909e+01
2.359100e+00 2.788489e+01
2.481930e+00 1.478873e+01
2.611160e+00 1.051754e+01
2.747120e+00 1.498625e+00
2.890160e+00 7.014991e-02
3.040650e+00 1.359173e-02
3.198970e+00 1.144653e-02
3.365530e+00 6.536218e-03
3.540770e+00 5.013092e-04
3.725140e+00 5.747468e-05
3.919100e+00 2.514185e-05
4.123160e+00 2.927526e-06
4.337850e+00 1.720733e-07
4.563720e+00 8.736847e-09
4.801340e+00 6.953326e-09
5.051340e+00 3.270042e-10
5.314360e+00 2.069838e-11
5.591070e+00 1.209238e-11
5.882190e+00 4.443736e-14
6.188470e+00 1.067089e-14
6.510690e+00 3.448656e-17
6.849700e+00 3.981553e-19
7.206350e+00 3.742050e-20
7.581580e+00 6.932113e-22
7.976340e+00 4.214763e-22
8.391660e+00 4.856630e-24
8.828600e+00 1.189812e-24
9.288290e+00 1.568586e-26
9.771920e+00 4.131188e-29
1.028070e+01 3.150013e-29
1.081600e+01 2.222703e-31
1.137920e+01 1.096988e-35
1.197170e+01 6.247378e-38
1.259510e+01 2.826284e-38
1.325090e+01 1.590043e-41
1.394080e+01 1.365854e-46
1.466670e+01 7.559367e-47
1.543040e+01 2.193159e-54
1.623380e+01 6.742959e-57
1.707910e+01 2.770872e-60
1.796840e+01 1.081540e-63
1.890400e+01 5.875884e-64
1.988830e+01 1.999455e-68
2.092380e+01 1.450343e-72
2.201330e+01 3.081226e-79
2.315950e+01 3.177262e-86
2.436540e+01 6.314165e-87
2.563410e+01 2.446344e-91
2.696880e+01 5.723498e-103
2.837300e+01 1.754092e-108
2.985040e+01 8.954888e-115
3.140470e+01 7.821272e-122
3.303990e+01 3.987952e-122
3.476020e+01 6.338954e-136
3.657010e+01 9.693427e-144
3.847430e+01 1.300943e-151
4.047760e+01 8.184790e-152
4.258520e+01 2.328952e-160
4.480250e+01 1.097570e-169
4.713530e+01 3.538801e-189
4.958960e+01 1.767609e-199
5.217170e+01 3.499761e-210
5.488820e+01 7.973528e-211
5.774620e+01 4.436902e-222
6.075290e+01 1.923212e-247
6.391620e+01 9.415168e-261
6.724430e+01 4.717563e-261
7.074560e+01 4.031039e-290
7.442920e+01 4.092703e-306
7.830470e+01 0.000000e+00
