# E_gamma(MeV)   IFA_secondary_masked(MeV^-1 s^-1)
5.145440e-01 9.146641e+03
5.413360e-01 9.560970e+03
5.695230e-01 1.946907e+04
5.991770e-01 7.189635e+05
6.303750e-01 5.038707e+06
6.631980e-01 3.838936e+07
6.977300e-01 1.238267e+08
7.340600e-01 2.749419e+08
7.722810e-01 4.599253e+08
8.124930e-01 6.423110e+08
8.547980e-01 7.715188e+08
8.993070e-01 8.059235e+08
9.461320e-01 7.369074e+08
9.953960e-01 6.076782e+08
1.047230e+00 4.496051e+08
1.101750e+00 3.045221e+08
1.159120e+00 1.925708e+08
1.219470e+00 1.135451e+08
1.282970e+00 5.907027e+07
1.349770e+00 3.152831e+07
1.420050e+00 1.454468e+07
1.493990e+00 6.807325e+06
1.571780e+00 3.803674e+06
1.653620e+00 1.854687e+06
1.739730e+00 7.710144e+05
1.830310e+00 2.807347e+05
1.925610e+00 1.281108e+05
2.025880e+00 4.884427e+04
2.131360e+00 1.420219e+04
2.242340e+00 4.704772e+03
2.359100e+00 1.793769e+03
2.481930e+00 6.439701e+02
2.611160e+00 2.072324e+02
2.747120e+00 9.494589e+01
2.890160e+00 3.873771e+01
3.040650e+00 1.606414e+01
3.198970e+00 3.945971e+00
3.365530e+00 3.365862e-01
3.540770e+00 7.557186e-02
3.725140e+00 2.424572e-02
3.919100e+00 1.142040e-02
4.123160e+00 3.515779e-03
4.337850e+00 9.901695e-04
4.563720e+00 3.056296e-04
4.801340e+00 8.579364e-05
5.051340e+00 2.918240e-05
5.314360e+00 8.536267e-06
5.591070e+00 3.215669e-06
5.882190e+00 8.537471e-07
6.188470e+00 3.186988e-07
6.510690e+00 7.880350e-08
6.849700e+00 3.160071e-08
7.206350e+00 7.781430e-09
7.581580e+00 3.049550e-09
7.976340e+00 0.000000e+00
8.391660e+00 0.000000e+00
8.828600e+00 0.000000e+00
9.288290e+00 0.000000e+00
9.771920e+00 0.000000e+00
1.028070e+01 0.000000e+00
1.081600e+01 0.000000e+00
1.137920e+01 0.000000e+00
1.197170e+01 0.000000e+00
1.259510e+01 0.000000e+00
1.325090e+01 0.000000e+00
1.394080e+01 0.000000e+00
1.466670e+01 0.000000e+00
1.543040e+01 0.000000e+00
1.623380e+01 0.000000e+00
1.707910e+01 0.000000e+00
1.796840e+01 0.000000e+00
1.890400e+01 0.000000e+00
1.988830e+01 0.000000e+00
2.092380e+01 0.000000e+00
2.201330e+01 0.000000e+00
2.315950e+01 0.000000e+00
2.436540e+01 0.000000e+00
2.563410e+01 0.000000e+00
2.696880e+01 0.000000e+00
2.837300e+01 0.000000e+00
2.985040e+01 0.000000e+00
3.140470e+01 0.000000e+00
3.303990e+01 0.000000e+00
3.476020e+01 0.000000e+00
3.657010e+01 0.000000e+00
3.847430e+01 0.000000e+00
4.047760e+01 0.000000e+00
4.258520e+01 0.000000e+00
4.480250e+01 0.000000e+00
4.713530e+01 0.000000e+00
4.958960e+01 0.000000e+00
5.217170e+01 0.000000e+00
5.488820e+01 0.000000e+00
5.774620e+01 0.000000e+00
6.075290e+01 0.000000e+00
6.391620e+01 0.000000e+00
6.724430e+01 0.000000e+00
7.074560e+01 0.000000e+00
7.442920e+01 0.000000e+00
7.830470e+01 0.000000e+00
