      E_gamma(MeV)          Gamma Rays            Positrons
    5.1454400000e-01     3.5496505000e+17     2.0428500000e+17
    5.4133600000e-01     3.2973523000e+17     1.8519800000e+17
    5.6952300000e-01     3.0459597000e+17     1.6609200000e+17
    5.9917700000e-01     2.8174380000e+17     1.4980700000e+17
    6.3037500000e-01     2.5923138000e+17     1.3478600000e+17
    6.6319800000e-01     2.3841164000e+17     1.2017400000e+17
    6.9773000000e-01     2.1863601000e+17     1.0729200000e+17
    7.3406000000e-01     1.9973170000e+17     9.5288000000e+16
    7.7228100000e-01     1.8244758000e+17     8.5064000000e+16
    8.1249300000e-01     1.6540069000e+17     7.4720000000e+16
    8.5479800000e-01     1.5024420000e+17     6.5835000000e+16
    8.9930700000e-01     1.3608330000e+17     5.8069000000e+16
    9.4613200000e-01     1.2244010000e+17     5.0840000000e+16
    9.9539600000e-01     1.1019390000e+17     4.4360000000e+16
    1.0472300000e+00     9.8773100000e+16     3.8520000000e+16
    1.1017500000e+00     8.8497200000e+16     3.3470000000e+16
    1.1591200000e+00     7.8743900000e+16     2.8890000000e+16
    1.2194700000e+00     7.0232300000e+16     2.4740000000e+16
    1.2829700000e+00     6.2114100000e+16     2.1350000000e+16
    1.3497700000e+00     5.5067800000e+16     1.8060000000e+16
    1.4200500000e+00     4.8588200000e+16     1.5440000000e+16
    1.4939900000e+00     4.2589800000e+16     1.3090000000e+16
    1.5717800000e+00     3.7376900000e+16     1.0850000000e+16
    1.6536200000e+00     3.2537800000e+16     9.2000000000e+15
    1.7397300000e+00     2.8411000000e+16     7.6800000000e+15
    1.8303100000e+00     2.4427900000e+16     6.3200000000e+15
    1.9256100000e+00     2.1174000000e+16     5.1800000000e+15
    2.0258800000e+00     1.8132000000e+16     4.2800000000e+15
    2.1313600000e+00     1.5482000000e+16     3.4800000000e+15
    2.2423400000e+00     1.3236000000e+16     2.8100000000e+15
    2.3591000000e+00     1.1164000000e+16     2.2600000000e+15
    2.4819300000e+00     9.4380000000e+15     1.8100000000e+15
    2.6111600000e+00     7.8960000000e+15     1.4000000000e+15
    2.7471200000e+00     6.5540000000e+15     1.1200000000e+15
    2.8901600000e+00     5.4470000000e+15     8.5000000000e+14
    3.0406500000e+00     4.4230000000e+15     6.8000000000e+14
    3.1989700000e+00     3.6470000000e+15     5.1000000000e+14
    3.3655300000e+00     2.9080000000e+15     3.7000000000e+14
    3.5407700000e+00     2.3410000000e+15     2.8000000000e+14
    3.7251400000e+00     1.8330000000e+15     2.1000000000e+14
    3.9191000000e+00     1.4400000000e+15     1.6000000000e+14
    4.1231600000e+00     1.1150000000e+15     1.1000000000e+14
    4.3378500000e+00     8.4700000000e+14     8.0000000001e+13
    4.5637200000e+00     6.4500000000e+14     6.0000000000e+13
    4.8013400000e+00     4.8000000000e+14     4.0000000001e+13
    5.0513400000e+00     3.7000000000e+14     3.0000000000e+13
    5.3143600000e+00     2.6000000000e+14     2.0000000000e+13
    5.5910700000e+00     1.9000000000e+14     9.9999999999e+12
    5.8821900000e+00     1.4000000000e+14     9.9999999999e+12
    6.1884700000e+00     1.0000000000e+14     9.9999999999e+12
    6.5106900000e+00     7.0000000000e+13     9.9999999999e+12
    6.8497000000e+00     5.0000000000e+13     6.6034139625e+12
    7.2063500000e+00     3.0000000000e+13     4.2673563184e+12
    7.5815800000e+00     2.2000000000e+13     2.6956990705e+12
    7.9763400000e+00     1.6000000000e+13     1.6626505093e+12
    8.3916600000e+00     9.0000000000e+12     9.9999999997e+11
    8.8286000000e+00     6.0000000000e+12     1.0000000000e+12
    9.2882900000e+00     5.0000000000e+12     1.0000000000e+12
    9.7719200000e+00     3.0000000000e+12     9.9999999997e+11
    1.0280700000e+01     4.6000000000e+12     5.0000000000e+12
    1.0816000000e+01     2.9000000000e+12     5.0000000000e+12
    1.1379200000e+01     9.0000000000e+11     2.0000000000e+12
    1.1971700000e+01     5.0000000000e+11     1.0000000000e+12
    1.2595100000e+01     2.0000000000e+11     9.0000000000e+11
    1.3250900000e+01     2.0000000000e+11     4.0000000000e+11
    1.3940800000e+01     2.5000000000e+11     4.0000000000e+11
    1.4666700000e+01     5.0000000000e+10     6.0000000000e+10
    1.5430400000e+01     2.0000000000e+10     4.0000000000e+10
    1.6233800000e+01     3.1000000000e+10     5.0000000000e+10
    1.7079100000e+01     1.0000000000e+09     1.4602497839e+10
    1.7968400000e+01     2.0000000000e+09     4.0000000000e+09
    1.8904000000e+01     1.0000000000e+09     4.0000000000e+09
    1.9888300000e+01     5.0000000000e+08     1.2000000000e+09
    2.0923800000e+01     1.1000000000e+09     1.9000000000e+09
    2.2013300000e+01     1.3000000000e+08     3.0000000000e+08
    2.3159500000e+01     7.0000000000e+07     1.5000000000e+08
    2.4365400000e+01     1.9345374811e+07     4.0083806481e+07
    2.5634100000e+01     5.0000000000e+06     1.0000000000e+07
    2.6968800000e+01     1.0000000000e+06     3.0000000000e+06
    2.8373000000e+01     1.9000000000e+06     4.3000000000e+06
    2.9850400000e+01     9.0000000000e+04     2.0000000000e+05
    3.1404700000e+01     5.0000000000e+04     1.0000000000e+05
    3.3039900000e+01     1.3000000000e+04     2.0000000000e+04
    3.4760200000e+01     2.6571336317e+03     1.0000000000e+03
    3.6570100000e+01     5.0000000000e+02     1.0000000000e+03
    3.8474300000e+01     7.0000000000e+01     1.5000000000e+02
    4.0477600000e+01     9.0000000000e+00     2.0000000000e+01
    4.2585200000e+01     1.0000000000e+00     2.0000000000e+00
    4.4802500000e+01     1.8000000000e+00     3.6000000000e+00
    4.7135300000e+01     3.1000000000e-01     5.9000000000e-01
    4.9589600000e+01     1.2000000000e-02     2.6000000000e-02
    5.2171700000e+01     9.9999999999e-05     2.0000000000e-04
    5.4888200000e+01     1.0000000000e-05     1.0000000000e-05
    5.7746200000e+01     3.0000000000e-06     5.0000000000e-06
    6.0752900000e+01     8.4000000000e-07     1.8000000000e-06
    6.3916200000e+01     1.0200000000e-07     2.0000000000e-07
    6.7244300000e+01     2.0000000000e-10     4.0000000000e-10
    7.0745600000e+01     4.1920242856e-11     8.3334476746e-11
    7.4429200000e+01     8.1000000000e-12     1.6000000000e-11
    7.8304700000e+01     2.0000000000e-14     3.0000000000e-14
    8.2381900000e+01     2.0000000000e-16     4.0000000001e-16
    8.6671400000e+01     2.9999999999e-18     1.2001767898e-17
    9.1184300000e+01     2.0000000000e-19     3.0000000000e-19
    9.5932100000e+01     3.7486961770e-20     6.4028418640e-20
    1.0092700000e+02     6.4400000000e-21     1.2610000000e-20
    1.0618200000e+02     1.6030000000e-22     3.1310000000e-22
    1.1171100000e+02     3.0100000000e-25     5.8200000000e-25
    1.1752800000e+02     5.0000000000e-29     1.1000000000e-28
    1.2364700000e+02     4.1490000000e-29     8.0110000000e-29
    1.3008500000e+02     2.4930000000e-31     4.7650000000e-31
    1.3685900000e+02     1.4000000000e-36     2.5000000000e-36
    1.4398500000e+02     1.7000000000e-39     4.0000000000e-39
    1.5148200000e+02     1.2000000000e-42     2.0000000000e-42
    1.5936900000e+02     3.7692000000e-42     7.0470000000e-42
    1.6766800000e+02     2.6000000000e-48     4.8000000000e-48
    1.7639800000e+02     6.0000000000e-52     1.1000000000e-51
    1.8558300000e+02     2.5000000000e-55     4.6000000000e-55
    1.9524600000e+02     5.0000000000e-59     8.0000000000e-59
    2.0541200000e+02     2.0000000000e-63     5.0000000000e-63
    2.1610700000e+02     2.7172600000e-63     5.0942000000e-63
    2.2736000000e+02     1.2000000000e-71     2.1000000000e-71
    2.3919800000e+02     2.8904923689e-76     4.6923094685e-76
    2.5165300000e+02     4.0000000000e-81     6.0000000000e-81
    2.6475600000e+02     1.0000000000e-86     1.0000000000e-86
    2.7854100000e+02     4.0186260000e-86     7.2367500000e-86
    2.9304500000e+02     4.0000000000e-97     6.0000000000e-97
    3.0830300000e+02     1.5340180000e-97     2.6368570000e-97
    3.2435600000e+02    1.0351900000e-103    1.7604260000e-103
    3.4124500000e+02    2.0000000000e-116    5.0000000000e-116
    3.5901300000e+02    8.0573790000e-117    1.3926662000e-116
    3.7770600000e+02    1.0717608300e-122    1.8861513700e-122
    3.9737300000e+02    6.9815191000e-131    1.1849263000e-130
    4.1806400000e+02    1.0000000000e-145    1.0000000000e-145
    4.3983200000e+02    4.0000000000e-154    6.0000000000e-154
    4.6273300000e+02    3.2285938390e-154    5.2184597410e-154
    4.8682700000e+02    1.9692289770e-163    3.1093190500e-163
    5.1217600000e+02    6.0000000000e-182    1.0000000000e-181
    5.3884400000e+02    1.0000000000e-192    2.0000000000e-192
    5.6690100000e+02    3.0000000000e-203    3.0000000000e-203
    5.9641800000e+02    4.8994788010e-203    6.8278783581e-203
    6.2747300000e+02    8.2223887952e-215    1.1259798390e-214
    6.6014500000e+02    2.7445432593e-233    1.0000000000e-239
    6.9451800000e+02    9.9999999999e-253    1.0000000000e-252
    7.3068000000e+02    1.4678199984e-252    2.1564999977e-252
    7.6872600000e+02    1.7075571142e-266    1.0000000001e-281
    8.0875200000e+02    3.7402899999e-281    4.8129499999e-281
    8.5086300000e+02    4.4182800000e-297    5.6157300000e-297
    8.9516600000e+02     0.0000000000e+00     0.0000000000e+00
    9.4177700000e+02     0.0000000000e+00     0.0000000000e+00
    9.9081400000e+02     0.0000000000e+00     0.0000000000e+00
    1.0424000000e+03     0.0000000000e+00     0.0000000000e+00
    1.0966800000e+03     0.0000000000e+00     0.0000000000e+00
    1.1537800000e+03     0.0000000000e+00     0.0000000000e+00
    1.2138600000e+03     0.0000000000e+00     0.0000000000e+00
    1.2770600000e+03     0.0000000000e+00     0.0000000000e+00
    1.3435600000e+03     0.0000000000e+00     0.0000000000e+00
    1.4135200000e+03     0.0000000000e+00     0.0000000000e+00
    1.4871200000e+03     0.0000000000e+00     0.0000000000e+00
    1.5645500000e+03     0.0000000000e+00     0.0000000000e+00
    1.6460100000e+03     0.0000000000e+00     0.0000000000e+00
    1.7317200000e+03     0.0000000000e+00     0.0000000000e+00
    1.8218900000e+03     0.0000000000e+00     0.0000000000e+00
    1.9167500000e+03     0.0000000000e+00     0.0000000000e+00
    2.0165500000e+03     0.0000000000e+00     0.0000000000e+00
    2.1215500000e+03     0.0000000000e+00     0.0000000000e+00
    2.2320200000e+03     0.0000000000e+00     0.0000000000e+00
    2.3482300000e+03     0.0000000000e+00     0.0000000000e+00
    2.4705000000e+03     0.0000000000e+00     0.0000000000e+00
    2.5991400000e+03     0.0000000000e+00     0.0000000000e+00
    2.7344700000e+03     0.0000000000e+00     0.0000000000e+00
    2.8768500000e+03     0.0000000000e+00     0.0000000000e+00
    3.0266500000e+03     0.0000000000e+00     0.0000000000e+00
    3.1842400000e+03     0.0000000000e+00     0.0000000000e+00
    3.3500400000e+03     0.0000000000e+00     0.0000000000e+00
    3.5244700000e+03     0.0000000000e+00     0.0000000000e+00
    3.7079900000e+03     0.0000000000e+00     0.0000000000e+00
    3.9010600000e+03     0.0000000000e+00     0.0000000000e+00
    4.1041800000e+03     0.0000000000e+00     0.0000000000e+00
    4.3178800000e+03     0.0000000000e+00     0.0000000000e+00
    4.5427100000e+03     0.0000000000e+00     0.0000000000e+00
    4.7792400000e+03     0.0000000000e+00     0.0000000000e+00
    5.0280900000e+03     0.0000000000e+00     0.0000000000e+00
    5.2898900000e+03     0.0000000000e+00     0.0000000000e+00
    5.5653300000e+03     0.0000000000e+00     0.0000000000e+00
    5.8551100000e+03     0.0000000000e+00     0.0000000000e+00
    6.1599800000e+03     0.0000000000e+00     0.0000000000e+00
    6.4807200000e+03     0.0000000000e+00     0.0000000000e+00
    6.8181600000e+03     0.0000000000e+00     0.0000000000e+00
    7.1731700000e+03     0.0000000000e+00     0.0000000000e+00
    7.5466700000e+03     0.0000000000e+00     0.0000000000e+00
    7.9396200000e+03     0.0000000000e+00     0.0000000000e+00
    8.3530200000e+03     0.0000000000e+00     0.0000000000e+00
    8.7879500000e+03     0.0000000000e+00     0.0000000000e+00
    9.2455300000e+03     0.0000000000e+00     0.0000000000e+00
    9.7269300000e+03     0.0000000000e+00     0.0000000000e+00
    1.0233400000e+04     0.0000000000e+00     0.0000000000e+00
    1.0766200000e+04     0.0000000000e+00     0.0000000000e+00
    1.1326800000e+04     0.0000000000e+00     0.0000000000e+00
    1.1916600000e+04     0.0000000000e+00     0.0000000000e+00
    1.2537100000e+04     0.0000000000e+00     0.0000000000e+00
    1.3189900000e+04     0.0000000000e+00     0.0000000000e+00
    1.3876600000e+04     0.0000000000e+00     0.0000000000e+00
    1.4599200000e+04     0.0000000000e+00     0.0000000000e+00
    1.5359300000e+04     0.0000000000e+00     0.0000000000e+00
    1.6159100000e+04     0.0000000000e+00     0.0000000000e+00
    1.7000500000e+04     0.0000000000e+00     0.0000000000e+00
    1.7885700000e+04     0.0000000000e+00     0.0000000000e+00
    1.8816900000e+04     0.0000000000e+00     0.0000000000e+00
    1.9796700000e+04     0.0000000000e+00     0.0000000000e+00
    2.0827500000e+04     0.0000000000e+00     0.0000000000e+00
    2.1912000000e+04     0.0000000000e+00     0.0000000000e+00
    2.3052900000e+04     0.0000000000e+00     0.0000000000e+00
    2.4253200000e+04     0.0000000000e+00     0.0000000000e+00
    2.5516100000e+04     0.0000000000e+00     0.0000000000e+00
    2.6844600000e+04     0.0000000000e+00     0.0000000000e+00
    2.8242400000e+04     0.0000000000e+00     0.0000000000e+00
    2.9713000000e+04     0.0000000000e+00     0.0000000000e+00
    3.1260100000e+04     0.0000000000e+00     0.0000000000e+00
    3.2887700000e+04     0.0000000000e+00     0.0000000000e+00
    3.4600200000e+04     0.0000000000e+00     0.0000000000e+00
    3.6401700000e+04     0.0000000000e+00     0.0000000000e+00
    3.8297100000e+04     0.0000000000e+00     0.0000000000e+00
    4.0291200000e+04     0.0000000000e+00     0.0000000000e+00
    4.2389100000e+04     0.0000000000e+00     0.0000000000e+00
    4.4596300000e+04     0.0000000000e+00     0.0000000000e+00
    4.6918300000e+04     0.0000000000e+00     0.0000000000e+00
    4.9361300000e+04     0.0000000000e+00     0.0000000000e+00
    5.1931500000e+04     0.0000000000e+00     0.0000000000e+00
    5.4635500000e+04     0.0000000000e+00     0.0000000000e+00
    5.7480300000e+04     0.0000000000e+00     0.0000000000e+00
    6.0473200000e+04     0.0000000000e+00     0.0000000000e+00
    6.3622000000e+04     0.0000000000e+00     0.0000000000e+00
    6.6934700000e+04     0.0000000000e+00     0.0000000000e+00
    7.0419900000e+04     0.0000000000e+00     0.0000000000e+00
    7.4086600000e+04     0.0000000000e+00     0.0000000000e+00
    7.7944200000e+04     0.0000000000e+00     0.0000000000e+00
    8.2002600000e+04     0.0000000000e+00     0.0000000000e+00
    8.6272400000e+04     0.0000000000e+00     0.0000000000e+00
    9.0764500000e+04     0.0000000000e+00     0.0000000000e+00
    9.5490400000e+04     0.0000000000e+00     0.0000000000e+00
    1.0046300000e+05     0.0000000000e+00     0.0000000000e+00
    1.0569300000e+05     0.0000000000e+00     0.0000000000e+00
    1.1119700000e+05     0.0000000000e+00     0.0000000000e+00
    1.1698700000e+05     0.0000000000e+00     0.0000000000e+00
    1.2307800000e+05     0.0000000000e+00     0.0000000000e+00
    1.2948600000e+05     0.0000000000e+00     0.0000000000e+00
    1.3622900000e+05     0.0000000000e+00     0.0000000000e+00
    1.4332200000e+05     0.0000000000e+00     0.0000000000e+00
    1.5078500000e+05     0.0000000000e+00     0.0000000000e+00
    1.5863600000e+05     0.0000000000e+00     0.0000000000e+00
    1.6689600000e+05     0.0000000000e+00     0.0000000000e+00
    1.7558600000e+05     0.0000000000e+00     0.0000000000e+00
    1.8472800000e+05     0.0000000000e+00     0.0000000000e+00
    1.9434700000e+05     0.0000000000e+00     0.0000000000e+00
    2.0446600000e+05     0.0000000000e+00     0.0000000000e+00
    2.1511200000e+05     0.0000000000e+00     0.0000000000e+00
    2.2631300000e+05     0.0000000000e+00     0.0000000000e+00
    2.3809700000e+05     0.0000000000e+00     0.0000000000e+00
    2.5049400000e+05     0.0000000000e+00     0.0000000000e+00
    2.6353700000e+05     0.0000000000e+00     0.0000000000e+00
    2.7725900000e+05     0.0000000000e+00     0.0000000000e+00
    2.9169600000e+05     0.0000000000e+00     0.0000000000e+00
    3.0688400000e+05     0.0000000000e+00     0.0000000000e+00
    3.2286300000e+05     0.0000000000e+00     0.0000000000e+00
    3.3967400000e+05     0.0000000000e+00     0.0000000000e+00
    3.5736000000e+05     0.0000000000e+00     0.0000000000e+00
    3.7596700000e+05     0.0000000000e+00     0.0000000000e+00
    3.9554400000e+05     0.0000000000e+00     0.0000000000e+00
    4.1613900000e+05     0.0000000000e+00     0.0000000000e+00
    4.3780700000e+05     0.0000000000e+00     0.0000000000e+00
    4.6060300000e+05     0.0000000000e+00     0.0000000000e+00
    4.8458600000e+05     0.0000000000e+00     0.0000000000e+00
    5.0981800000e+05     0.0000000000e+00     0.0000000000e+00
    5.3636300000e+05     0.0000000000e+00     0.0000000000e+00
    5.6429100000e+05     0.0000000000e+00     0.0000000000e+00
    5.9367300000e+05     0.0000000000e+00     0.0000000000e+00
    6.2458400000e+05     0.0000000000e+00     0.0000000000e+00
    6.5710600000e+05     0.0000000000e+00     0.0000000000e+00
    6.9132000000e+05     0.0000000000e+00     0.0000000000e+00
    7.2731700000e+05     0.0000000000e+00     0.0000000000e+00
    7.6518700000e+05     0.0000000000e+00     0.0000000000e+00
    8.0502900000e+05     0.0000000000e+00     0.0000000000e+00
    8.4694600000e+05     0.0000000000e+00     0.0000000000e+00
    8.9104500000e+05     0.0000000000e+00     0.0000000000e+00
    9.3744100000e+05     0.0000000000e+00     0.0000000000e+00
    9.8625200000e+05     0.0000000000e+00     0.0000000000e+00
    1.0376100000e+06     0.0000000000e+00     0.0000000000e+00
    1.0916300000e+06     0.0000000000e+00     0.0000000000e+00
    1.1484700000e+06     0.0000000000e+00     0.0000000000e+00
    1.2082700000e+06     0.0000000000e+00     0.0000000000e+00
    1.2711800000e+06     0.0000000000e+00     0.0000000000e+00
    1.3373700000e+06     0.0000000000e+00     0.0000000000e+00
    1.4070100000e+06     0.0000000000e+00     0.0000000000e+00
    1.4802700000e+06     0.0000000000e+00     0.0000000000e+00
    1.5573400000e+06     0.0000000000e+00     0.0000000000e+00
    1.6384300000e+06     0.0000000000e+00     0.0000000000e+00
    1.7237400000e+06     0.0000000000e+00     0.0000000000e+00
    1.8135000000e+06     0.0000000000e+00     0.0000000000e+00
    1.9079200000e+06     0.0000000000e+00     0.0000000000e+00
    2.0072700000e+06     0.0000000000e+00     0.0000000000e+00
    2.1117800000e+06     0.0000000000e+00     0.0000000000e+00
    2.2217400000e+06     0.0000000000e+00     0.0000000000e+00
    2.3374200000e+06     0.0000000000e+00     0.0000000000e+00
    2.4591300000e+06     0.0000000000e+00     0.0000000000e+00
    2.5871700000e+06     0.0000000000e+00     0.0000000000e+00
    2.7218800000e+06     0.0000000000e+00     0.0000000000e+00
    2.8636100000e+06     0.0000000000e+00     0.0000000000e+00
    3.0127100000e+06     0.0000000000e+00     0.0000000000e+00
    3.1695800000e+06     0.0000000000e+00     0.0000000000e+00
    3.3346200000e+06     0.0000000000e+00     0.0000000000e+00
    3.5082500000e+06     0.0000000000e+00     0.0000000000e+00
    3.6909200000e+06     0.0000000000e+00     0.0000000000e+00
    3.8831000000e+06     0.0000000000e+00     0.0000000000e+00
    4.0852900000e+06     0.0000000000e+00     0.0000000000e+00
    4.2980000000e+06     0.0000000000e+00     0.0000000000e+00
    4.5217900000e+06     0.0000000000e+00     0.0000000000e+00
    4.7572400000e+06     0.0000000000e+00     0.0000000000e+00
    5.0049400000e+06     0.0000000000e+00     0.0000000000e+00
    5.2655400000e+06     0.0000000000e+00     0.0000000000e+00
    5.5397100000e+06     0.0000000000e+00     0.0000000000e+00
    5.8281500000e+06     0.0000000000e+00     0.0000000000e+00
    6.1316200000e+06     0.0000000000e+00     0.0000000000e+00
    6.4508800000e+06     0.0000000000e+00     0.0000000000e+00
    6.7867700000e+06     0.0000000000e+00     0.0000000000e+00
    7.1401500000e+06     0.0000000000e+00     0.0000000000e+00
    7.5119300000e+06     0.0000000000e+00     0.0000000000e+00
    7.9030700000e+06     0.0000000000e+00     0.0000000000e+00
    8.3145700000e+06     0.0000000000e+00     0.0000000000e+00
    8.7475000000e+06     0.0000000000e+00     0.0000000000e+00
    9.2029700000e+06     0.0000000000e+00     0.0000000000e+00
    9.6821500000e+06     0.0000000000e+00     0.0000000000e+00
    1.0186300000e+07     0.0000000000e+00     0.0000000000e+00
    1.0716700000e+07     0.0000000000e+00     0.0000000000e+00
    1.1274700000e+07     0.0000000000e+00     0.0000000000e+00
    1.1861700000e+07     0.0000000000e+00     0.0000000000e+00
    1.2479400000e+07     0.0000000000e+00     0.0000000000e+00
    1.3129100000e+07     0.0000000000e+00     0.0000000000e+00
    1.3812800000e+07     0.0000000000e+00     0.0000000000e+00
    1.4532000000e+07     0.0000000000e+00     0.0000000000e+00
    1.5288600000e+07     0.0000000000e+00     0.0000000000e+00
    1.6084700000e+07     0.0000000000e+00     0.0000000000e+00
    1.6922200000e+07     0.0000000000e+00     0.0000000000e+00
    1.7803300000e+07     0.0000000000e+00     0.0000000000e+00
    1.8730300000e+07     0.0000000000e+00     0.0000000000e+00
    1.9705600000e+07     0.0000000000e+00     0.0000000000e+00
    2.0731600000e+07     0.0000000000e+00     0.0000000000e+00
    2.1811100000e+07     0.0000000000e+00     0.0000000000e+00
    2.2946800000e+07     0.0000000000e+00     0.0000000000e+00
    2.4141600000e+07     0.0000000000e+00     0.0000000000e+00
    2.5398600000e+07     0.0000000000e+00     0.0000000000e+00
    2.6721100000e+07     0.0000000000e+00     0.0000000000e+00
    2.8112400000e+07     0.0000000000e+00     0.0000000000e+00
    2.9576200000e+07     0.0000000000e+00     0.0000000000e+00
    3.1116200000e+07     0.0000000000e+00     0.0000000000e+00
    3.2736300000e+07     0.0000000000e+00     0.0000000000e+00
    3.4440900000e+07     0.0000000000e+00     0.0000000000e+00
    3.6234200000e+07     0.0000000000e+00     0.0000000000e+00
    3.8120800000e+07     0.0000000000e+00     0.0000000000e+00
    4.0105700000e+07     0.0000000000e+00     0.0000000000e+00
    4.2194000000e+07     0.0000000000e+00     0.0000000000e+00
    4.4391000000e+07     0.0000000000e+00     0.0000000000e+00
    4.6702300000e+07     0.0000000000e+00     0.0000000000e+00
    4.9134100000e+07     0.0000000000e+00     0.0000000000e+00
    5.1692400000e+07     0.0000000000e+00     0.0000000000e+00
    5.4384000000e+07     0.0000000000e+00     0.0000000000e+00
    5.7215700000e+07     0.0000000000e+00     0.0000000000e+00
    6.0194800000e+07     0.0000000000e+00     0.0000000000e+00
    6.3329100000e+07     0.0000000000e+00     0.0000000000e+00
    6.6626500000e+07     0.0000000000e+00     0.0000000000e+00
    7.0095700000e+07     0.0000000000e+00     0.0000000000e+00
    7.3745500000e+07     0.0000000000e+00     0.0000000000e+00
    7.7585300000e+07     0.0000000000e+00     0.0000000000e+00
    8.1625100000e+07     0.0000000000e+00     0.0000000000e+00
    8.5875200000e+07     0.0000000000e+00     0.0000000000e+00
    9.0346600000e+07     0.0000000000e+00     0.0000000000e+00
    9.5050800000e+07     0.0000000000e+00     0.0000000000e+00
    1.0000000000e+08     0.0000000000e+00     0.0000000000e+00
