# # E_gamma (MeV)  Final State Radiation (MeV^-1 s^-1)
5.145440e-01 5.919436e+18
5.413360e-01 5.617624e+18
5.695230e-01 5.330771e+18
5.991770e-01 5.058134e+18
6.303750e-01 4.799015e+18
6.631980e-01 4.552731e+18
6.977300e-01 4.318662e+18
7.340600e-01 4.096194e+18
7.722810e-01 3.884763e+18
8.124930e-01 3.683822e+18
8.547980e-01 3.492848e+18
8.993070e-01 3.311355e+18
9.461320e-01 3.138870e+18
9.953960e-01 2.974946e+18
1.047230e+00 2.819162e+18
1.101750e+00 2.671145e+18
1.159120e+00 2.530458e+18
1.219470e+00 2.396797e+18
1.282970e+00 2.269760e+18
1.349770e+00 2.149059e+18
1.420050e+00 2.034368e+18
1.493990e+00 1.925412e+18
1.571780e+00 1.821875e+18
1.653620e+00 1.723506e+18
1.739730e+00 1.630043e+18
1.830310e+00 1.541295e+18
1.925610e+00 1.456964e+18
2.025880e+00 1.376853e+18
2.131360e+00 1.300768e+18
2.242340e+00 1.228500e+18
2.359100e+00 1.159913e+18
2.481930e+00 1.094749e+18
2.611160e+00 1.032873e+18
2.747120e+00 9.741236e+17
2.890160e+00 9.183501e+17
3.040650e+00 8.654065e+17
3.198970e+00 8.152372e+17
3.365530e+00 7.675633e+17
3.540770e+00 7.223257e+17
3.725140e+00 6.794068e+17
3.919100e+00 6.386973e+17
4.123160e+00 6.000876e+17
4.337850e+00 5.634749e+17
4.563720e+00 5.287630e+17
4.801340e+00 4.960309e+17
5.051340e+00 4.648733e+17
5.314360e+00 4.353549e+17
5.591070e+00 4.073967e+17
5.882190e+00 3.809220e+17
6.188470e+00 3.558584e+17
6.510690e+00 3.321370e+17
6.849700e+00 3.096904e+17
7.206350e+00 2.884567e+17
7.581580e+00 2.683740e+17
7.976340e+00 2.493850e+17
8.391660e+00 2.314331e+17
8.828600e+00 2.144652e+17
9.288290e+00 1.984293e+17
9.771920e+00 1.832754e+17
1.028070e+01 1.696779e+17
1.081600e+01 1.562339e+17
1.137920e+01 1.435411e+17
1.197170e+01 1.315580e+17
1.259510e+01 1.202424e+17
1.325090e+01 1.095569e+17
1.394080e+01 9.946396e+16
1.466670e+01 8.992706e+16
1.543040e+01 8.091558e+16
1.623380e+01 7.240222e+16
1.707910e+01 6.436216e+16
1.796840e+01 5.678032e+16
1.890400e+01 4.964700e+16
1.988830e+01 4.296261e+16
2.092380e+01 3.673884e+16
2.201330e+01 3.099302e+16
2.315950e+01 2.575562e+16
2.436540e+01 2.105507e+16
2.563410e+01 1.691503e+16
2.696880e+01 1.335084e+16
2.837300e+01 1.035423e+16
2.985040e+01 7.897901e+15
3.140470e+01 5.933549e+15
3.303990e+01 4.401154e+15
3.476020e+01 3.229188e+15
3.657010e+01 2.349094e+15
3.847430e+01 1.698295e+15
4.047760e+01 1.217994e+15
4.258520e+01 8.652967e+14
4.480250e+01 6.052435e+14
4.713530e+01 4.128539e+14
4.958960e+01 2.723987e+14
5.217170e+01 1.724980e+14
5.488820e+01 1.048399e+14
5.774620e+01 6.175366e+13
6.075290e+01 3.539308e+13
6.391620e+01 2.002183e+13
6.724430e+01 1.121630e+13
7.074560e+01 6.139113e+12
7.442920e+01 3.240056e+12
7.830470e+01 1.601762e+12
8.238190e+01 7.433681e+11
8.667140e+01 3.366684e+11
9.118430e+01 1.473703e+11
9.593210e+01 6.360362e+10
1.009270e+02 2.603987e+10
1.061820e+02 9.659276e+09
1.117110e+02 3.447059e+09
1.175280e+02 1.176309e+09
1.236470e+02 3.840194e+08
1.300850e+02 1.193026e+08
1.368590e+02 3.243799e+07
1.439850e+02 8.712458e+06
1.514820e+02 2.229215e+06
1.593690e+02 4.790259e+05
1.676680e+02 1.057621e+05
1.763980e+02 2.068918e+04
1.855830e+02 3.351967e+03
1.952460e+02 6.089963e+02
2.054120e+02 8.548092e+01
2.161070e+02 1.133597e+01
2.273600e+02 1.437957e+00
2.391980e+02 1.320690e-01
2.516530e+02 1.462396e-02
2.647560e+02 1.133711e-03
2.785410e+02 6.943249e-05
2.930450e+02 5.752246e-06
3.083030e+02 2.680944e-07
3.243560e+02 1.407543e-08
3.412450e+02 6.396646e-10
3.590130e+02 2.150964e-11
3.777060e+02 6.013520e-13
3.973730e+02 1.649609e-14
4.180640e+02 3.680544e-16
4.398320e+02 5.597608e-18
4.627330e+02 7.755663e-20
4.868270e+02 9.642419e-22
5.121760e+02 7.497112e-24
5.388440e+02 5.227516e-26
5.669010e+02 3.000741e-28
5.964180e+02 1.043960e-30
6.274730e+02 3.633802e-33
6.601450e+02 7.135861e-36
6.945180e+02 1.272895e-38
7.306800e+02 1.347713e-41
7.687260e+02 1.204721e-44
8.087520e+02 5.990527e-48
8.508630e+02 2.628952e-51
8.951660e+02 5.759432e-55
9.417770e+02 1.001333e-58
9.908140e+02 1.110986e-62
1.042400e+03 6.327965e-67
1.096680e+03 2.451240e-71
1.153780e+03 6.181616e-76
1.213860e+03 8.420369e-81
1.277060e+03 5.979909e-86
1.343560e+03 2.271131e-91
1.413520e+03 4.597982e-97
1.487120e+03 4.822300e-103
1.564550e+03 2.529938e-109
1.646010e+03 6.301959e-116
1.731720e+03 6.725849e-123
1.821890e+03 2.833294e-130
1.916750e+03 5.531904e-138
2.016550e+03 4.804514e-146
2.121550e+03 1.200989e-154
2.232020e+03 1.466902e-163
2.348230e+03 4.533271e-173
2.470500e+03 5.488566e-183
2.599140e+03 2.085328e-193
2.734470e+03 2.050908e-204
2.876850e+03 5.375185e-216
3.026650e+03 3.627971e-228
3.184240e+03 5.561995e-241
3.350040e+03 1.633799e-254
3.524470e+03 1.144401e-268
3.707990e+03 1.330104e-283
3.901060e+03 2.933033e-299
4.104180e+03 0.000000e+00
