# Sampled masses (g)
3.093578119679e+15
3.424700697004e+15
1.992235634228e+15
1.689906324497e+15
3.003599158449e+15
3.608257777912e+15
3.273536042138e+15
2.596894253691e+15
1.977839000432e+15
2.175792715137e+15
4.011363524221e+15
3.352717528020e+15
3.219548665400e+15
2.254974201019e+15
3.032392426043e+15
1.967041525084e+15
5.951309928331e+15
2.384543905190e+15
2.672476581124e+15
2.362948954494e+15
1.949045732838e+15
3.197953714705e+15
3.712633372938e+15
4.770785956999e+15
2.218982616527e+15
2.517712767809e+15
2.413337172783e+15
2.506915292462e+15
2.726463957862e+15
2.010231426474e+15
3.917785404542e+15
3.978971098178e+15
3.219548665400e+15
4.551237291598e+15
3.924983721440e+15
2.636484996632e+15
3.698236739142e+15
3.683840105345e+15
2.496117817114e+15
2.193788507383e+15
3.298730151282e+15
2.834438711338e+15
3.370713320266e+15
3.133168862620e+15
2.589695936793e+15
1.074450229686e+15
2.694071531819e+15
3.755823274329e+15
3.046789059839e+15
2.424134648131e+15
2.244176725671e+15
1.740294542786e+15
1.146433398670e+15
2.654480788878e+15
1.823075187117e+15
9.808721100077e+14
3.845802235558e+15
2.337754845350e+15
3.241143616095e+15
3.532675450479e+15
2.420535489681e+15
5.166693386409e+15
3.435498172351e+15
3.824207284863e+15
4.713199421812e+15
1.527944194284e+15
2.524911084708e+15
2.190189348934e+15
3.518278816683e+15
3.881793820050e+15
4.734794372507e+15
1.686307166048e+15
3.158362971764e+15
3.554270401174e+15
3.467890598394e+15
3.795414017270e+15
2.438531281927e+15
2.560902669200e+15
3.259139408341e+15
2.107408704602e+15
3.784616541922e+15
2.949611781711e+15
4.054553425611e+15
2.841637028236e+15
2.057020486314e+15
4.130135753044e+15
3.593861144115e+15
2.075016278560e+15
1.240011518349e+15
4.947144721009e+15
3.791814858821e+15
1.391176173215e+15
3.557869559624e+15
3.698236739142e+15
5.055119474484e+15
2.668877422675e+15
3.493084707538e+15
2.402539697435e+15
2.920818514118e+15
3.417502380105e+15
4.565633925395e+15
3.978971098178e+15
3.741426640532e+15
5.962107403679e+15
1.751092018133e+15
3.165561288662e+15
2.287366627062e+15
2.017429743373e+15
3.385109954063e+15
1.441564391503e+15
2.258573359468e+15
1.394775331664e+15
2.708468165616e+15
2.946012623262e+15
3.478688073741e+15
2.683274056472e+15
2.794847968396e+15
3.143966337967e+15
1.596328204818e+15
3.230346140748e+15
2.506915292462e+15
1.387577014765e+15
4.126536594595e+15
4.158929020637e+15
2.053421327865e+15
3.043189901390e+15
3.295130992833e+15
2.254974201019e+15
1.002467060703e+15
3.086379802780e+15
2.618489204386e+15
2.463725391072e+15
1.823075187117e+15
4.198519763578e+15
4.648414569726e+15
1.823075187117e+15
2.697670690269e+15
3.370713320266e+15
4.547638133149e+15
1.042057803644e+15
1.506349243589e+15
3.241143616095e+15
3.421101538555e+15
2.449328757275e+15
4.763587640100e+15
4.256106298765e+15
2.096611229255e+15
2.409738014334e+15
2.881227771177e+15
2.370147271393e+15
4.288498724808e+15
2.402539697435e+15
5.112706009671e+15
3.201552873154e+15
1.686307166048e+15
2.704869007167e+15
1.833872662464e+15
2.211784299629e+15
2.240577567222e+15
3.205152031603e+15
3.053987376738e+15
2.852434503583e+15
3.395907429410e+15
3.107974753476e+15
3.611856936361e+15
2.308961577757e+15
2.265771676366e+15
3.266337725240e+15
2.344953162248e+15
5.134300960366e+15
3.611856936361e+15
3.485886390640e+15
3.237544457646e+15
1.704302958294e+15
3.849401394007e+15
3.363515003368e+15
4.709600263362e+15
7.685217615058e+14
4.389275161385e+15
4.292097883257e+15
3.125970545721e+15
1.704302958294e+15
2.985603366203e+15
2.910021038770e+15
2.647282471980e+15
1.240011518349e+15
2.470923707970e+15
4.634017935930e+15
2.604092570590e+15
2.247775884121e+15
3.906987929194e+15
3.763021591227e+15
2.553704352301e+15
2.539307718504e+15
3.640650203955e+15
1.938248257491e+15
3.305928468181e+15
4.382076844487e+15
4.723996897159e+15
1.769087810379e+15
2.888426088075e+15
2.946012623262e+15
2.740860591659e+15
2.636484996632e+15
2.064218803212e+15
4.158929020637e+15
4.025760158017e+15
2.938814306364e+15
2.006632268025e+15
4.436064221224e+15
1.459560183749e+15
3.158362971764e+15
1.106842655729e+15
5.453739376564e+14
2.942413464813e+15
3.100776436577e+15
3.543472925827e+15
2.452927915724e+15
3.187156239358e+15
2.928016831016e+15
2.870430295829e+15
4.781583432346e+15
2.139801130645e+15
2.139801130645e+15
4.022160999568e+15
3.122371387272e+15
2.870430295829e+15
3.482287232191e+15
3.413903221656e+15
1.499150926690e+15
2.546506035403e+15
2.028227218720e+15
3.359915844918e+15
8.944923072272e+14
2.870430295829e+15
3.590261985666e+15
3.831405601762e+15
2.395341380537e+15
1.596328204818e+15
4.148131545290e+15
8.081125044468e+14
5.469022696140e+15
2.103809546153e+15
2.409738014334e+15
1.974239841983e+15
3.032392426043e+15
2.499716975563e+15
2.629286679734e+15
2.802046285295e+15
2.280168310163e+15
4.194920605129e+15
3.316725943528e+15
4.029359316467e+15
3.219548665400e+15
3.309527626630e+15
2.560902669200e+15
3.802612334168e+15
3.475088915292e+15
2.881227771177e+15
2.668877422675e+15
1.650315581556e+15
2.542906876954e+15
3.064784852085e+15
5.983702354374e+15
2.812843760642e+15
2.136201972196e+15
3.773819066575e+15
5.065916949832e+15
3.381510795614e+15
1.589129887920e+15
3.111573911925e+15
3.334721735774e+15
5.155895911061e+15
3.057586535187e+15
2.427733806580e+15
4.842769125982e+15
2.744459750108e+15
3.046789059839e+15
4.306494517054e+15
2.384543905190e+15
1.733096225887e+15
2.913620197220e+15
1.891459197651e+15
2.197387665832e+15
3.579464510319e+15
2.445729598826e+15
4.292097883257e+15
3.507481341335e+15
4.086945851654e+15
2.748058908557e+15
2.438531281927e+15
3.766620749676e+15
2.676075739573e+15
3.734228323634e+15
3.370713320266e+15
3.046789059839e+15
3.568667034971e+15
2.924417672567e+15
3.687439263794e+15
3.194354556256e+15
3.633451887056e+15
3.507481341335e+15
1.344387113375e+15
3.604658619463e+15
2.103809546153e+15
2.359349796045e+15
3.215949506951e+15
3.809810651066e+15
2.294564943960e+15
1.196821616959e+15
4.122050750366e+14
2.946012623262e+15
2.111007863052e+15
2.823641235990e+15
2.179391873586e+15
4.896756502720e+15
2.456527074173e+15
4.565633925395e+15
3.813409809516e+15
2.848835345134e+15
1.830273504015e+15
4.241709664969e+15
3.104375595026e+15
3.856599710906e+15
2.254974201019e+15
3.421101538555e+15
1.319193004231e+15
1.992235634228e+15
4.223713872723e+15
4.270502932562e+15
4.655612886625e+15
5.058718632933e+15
2.701269848718e+15
3.255540249892e+15
4.180523971332e+15
2.100210387704e+15
2.726463957862e+15
1.463159342198e+15
5.022727048442e+15
2.200986824281e+15
1.884260880753e+15
3.255540249892e+15
2.755257225455e+15
3.633451887056e+15
3.971772781280e+15
1.434366074605e+15
1.509948402038e+15
2.935215147915e+15
4.439663379674e+15
2.730063116311e+15
3.611856936361e+15
2.859632820482e+15
3.593861144115e+15
3.683840105345e+15
4.324490309300e+15
2.064218803212e+15
4.436064221224e+15
2.604092570590e+15
1.657513898454e+15
3.053987376738e+15
3.669443471548e+15
5.152296752612e+15
1.722298750540e+15
1.671910532251e+15
2.863231978931e+15
2.395341380537e+15
3.827806443312e+15
3.435498172351e+15
2.467324549521e+15
3.874595503152e+15
3.561468718073e+15
2.039024694068e+15
1.520745877385e+15
1.941847415940e+15
2.679674898023e+15
3.309527626630e+15
2.632885838183e+15
4.598026351438e+15
3.000000000000e+15
3.442696489250e+15
1.902256672999e+15
3.010797475348e+15
3.460692281496e+15
2.215383458078e+15
1.563935778776e+15
2.226180933425e+15
1.970640683533e+15
3.503882182886e+15
3.064784852085e+15
4.090545010103e+15
2.024628060271e+15
1.290399736638e+15
2.593295095242e+15
3.079181485882e+15
5.037123682238e+15
2.827240394439e+15
3.107974753476e+15
2.823641235990e+15
3.906987929194e+15
1.441564391503e+15
9.736737931093e+14
2.197387665832e+15
3.219548665400e+15
2.085813753907e+15
2.870430295829e+15
1.038458645195e+15
2.964008415508e+15
4.076148376306e+15
3.777418225024e+15
4.061751742509e+15
4.169726495985e+15
4.777984273897e+15
1.042057803644e+15
2.557303510750e+15
2.269370834816e+15
2.118206179950e+15
5.343052150419e+15
2.982004207754e+15
2.830839552888e+15
2.946012623262e+15
4.436064221224e+15
3.439097330800e+15
1.761889493481e+15
3.507481341335e+15
4.220114714273e+15
3.399506587859e+15
1.437965233054e+15
4.515245707107e+15
2.521311926259e+15
1.841070979363e+15
3.273536042138e+15
2.197387665832e+15
4.248907981867e+15
2.420535489681e+15
3.640650203955e+15
2.546506035403e+15
3.309527626630e+15
2.694071531819e+15
4.043755950263e+15
3.489485549089e+15
3.064784852085e+15
2.402539697435e+15
2.809244602193e+15
3.071983168984e+15
2.589695936793e+15
3.035991584492e+15
2.578898461445e+15
2.708468165616e+15
2.553704352301e+15
3.017995792246e+15
1.769087810379e+15
3.489485549089e+15
3.547072084276e+15
4.706001104913e+15
3.000000000000e+15
2.679674898023e+15
3.939380355237e+15
3.543472925827e+15
2.809244602193e+15
4.018561841119e+15
3.295130992833e+15
3.446295647699e+15
2.787649651498e+15
1.679108849149e+15
2.593295095242e+15
1.520745877385e+15
3.201552873154e+15
4.137334069942e+15
4.158929020637e+15
2.067817961661e+15
4.601625509887e+15
2.730063116311e+15
5.033524523789e+15
4.749191006304e+15
2.776852176151e+15
2.384543905190e+15
4.882359868923e+15
4.983136305500e+15
2.193788507383e+15
2.373746429842e+15
2.967607573957e+15
7.973150290993e+14
2.784050493049e+15
1.913054148346e+15
3.093578119679e+15
2.647282471980e+15
3.273536042138e+15
2.956810098610e+15
9.160872579223e+14
2.218982616527e+15
3.849401394007e+15
2.082214595458e+15
2.938814306364e+15
2.064218803212e+15
7.001377509713e+14
2.524911084708e+15
3.107974753476e+15
3.345519211122e+15
4.374878527588e+15
3.089978961230e+15
2.118206179950e+15
3.147565496417e+15
2.154197764442e+15
1.707902116743e+15
2.992801683102e+15
2.820042077541e+15
4.529642340903e+15
3.172759605561e+15
1.009665377601e+15
3.633451887056e+15
2.704869007167e+15
3.151164654866e+15
2.571700144547e+15
1.956244049737e+15
3.870996344703e+15
2.946012623262e+15
2.229780091875e+15
4.151730703739e+15
3.719831689837e+15
2.366548112944e+15
3.676641788447e+15
2.838037869787e+15
3.766620749676e+15
3.161962130213e+15
3.439097330800e+15
2.820042077541e+15
3.359915844918e+15
3.730629165184e+15
2.697670690269e+15
3.111573911925e+15
3.493084707538e+15
2.823641235990e+15
1.513547560487e+15
3.089978961230e+15
2.013830584924e+15
4.072549217857e+15
2.337754845350e+15
5.857731808652e+15
5.159495069511e+15
3.111573911925e+15
2.179391873586e+15
1.599927363267e+15
4.306494517054e+15
2.553704352301e+15
3.100776436577e+15
1.765488651930e+15
3.572266193420e+15
3.529076292030e+15
2.964008415508e+15
3.770219908125e+15
2.582497619895e+15
4.119338277696e+15
4.173325654434e+15
5.273781454105e+14
3.176358764010e+15
3.942979513686e+15
3.709034214489e+15
4.216515555824e+15
5.177490861756e+15
2.474522866419e+15
3.399506587859e+15
2.190189348934e+15
2.708468165616e+15
3.125970545721e+15
3.881793820050e+15
3.388709112512e+15
3.906987929194e+15
3.856599710906e+15
2.146999447543e+15
1.538741669631e+15
3.921384562991e+15
2.776852176151e+15
3.338320894223e+15
3.475088915292e+15
4.191321446680e+15
2.290965785511e+15
4.590828034539e+15
2.427733806580e+15
3.305928468181e+15
4.245308823418e+15
3.586662827217e+15
1.999433951127e+15
2.535708560055e+15
4.936347245661e+15
3.147565496417e+15
2.902822721872e+15
2.636484996632e+15
4.364081052241e+15
4.828372492186e+15
1.211218250755e+15
2.744459750108e+15
2.449328757275e+15
2.658079947328e+15
3.813409809516e+15
4.025760158017e+15
2.146999447543e+15
2.348552320698e+15
3.446295647699e+15
3.266337725240e+15
2.474522866419e+15
2.852434503583e+15
1.092446021932e+15
4.540439816251e+15
3.532675450479e+15
4.144532386841e+15
5.080313583628e+15
3.863798027804e+15
3.277135200587e+15
2.859632820482e+15
1.905855831448e+15
3.053987376738e+15
1.567534937225e+15
3.788215700371e+15
2.845236186685e+15
3.165561288662e+15
2.514113609360e+15
8.405049304895e+14
3.032392426043e+15
2.650881630429e+15
7.829183953025e+14
3.226746982299e+15
2.978405049305e+15
2.222581774976e+15
1.956244049737e+15
8.800956734305e+14
2.683274056472e+15
3.316725943528e+15
2.355750637596e+15
4.122937436145e+15
3.255540249892e+15
3.637051045506e+15
2.787649651498e+15
3.496683865987e+15
2.427733806580e+15
3.784616541922e+15
2.949611781711e+15
4.457659171920e+15
4.723996897159e+15
4.101342485450e+15
3.475088915292e+15
3.719831689837e+15
2.406138855885e+15
3.453493964597e+15
2.348552320698e+15
2.888426088075e+15
2.204585982730e+15
2.258573359468e+15
2.470923707970e+15
4.587228876090e+15
2.582497619895e+15
3.079181485882e+15
2.596894253691e+15
3.489485549089e+15
3.385109954063e+15
3.557869559624e+15
4.072549217857e+15
2.740860591659e+15
1.153631715569e+15
2.186590190484e+15
4.090545010103e+15
2.208185141179e+15
2.474522866419e+15
3.968173622831e+15
2.247775884121e+15
3.482287232191e+15
1.970640683533e+15
3.575865351869e+15
4.090545010103e+15
2.197387665832e+15
2.859632820482e+15
1.722298750540e+15
2.820042077541e+15
2.078615437009e+15
3.521877975132e+15
3.655046837752e+15
3.082780644331e+15
9.664754762109e+14
3.287932675935e+15
2.586096778344e+15
2.719265640964e+15
3.061185693636e+15
3.885392978499e+15
4.389275161385e+15
4.223713872723e+15
5.548204182022e+15
4.655612886625e+15
2.125404496848e+15
3.637051045506e+15
3.280734359036e+15
1.751092018133e+15
3.075582327433e+15
3.169160447112e+15
2.618489204386e+15
1.538741669631e+15
2.215383458078e+15
5.051520316035e+15
2.344953162248e+15
3.611856936361e+15
3.547072084276e+15
5.281866456783e+15
2.758856383905e+15
3.388709112512e+15
3.619055253260e+15
4.788781749245e+15
2.046223010966e+15
4.036557633365e+15
2.506915292462e+15
2.316159894655e+15
4.302895358605e+15
3.924983721440e+15
4.680806995769e+15
4.731195214058e+15
4.601625509887e+15
2.467324549521e+15
2.697670690269e+15
2.157796922891e+15
4.500849073310e+15
4.234511348070e+15
2.924417672567e+15
1.204019933857e+15
2.895624404974e+15
3.953776989034e+15
4.356882735342e+15
2.881227771177e+15
3.341920052672e+15
3.489485549089e+15
2.348552320698e+15
1.556737461877e+15
3.658645996201e+15
2.445729598826e+15
2.481721183317e+15
2.622088362836e+15
4.306494517054e+15
3.241143616095e+15
1.607125680166e+15
2.704869007167e+15
2.751658067006e+15
2.942413464813e+15
3.777418225024e+15
3.557869559624e+15
3.874595503152e+15
1.844670137812e+15
3.460692281496e+15
2.485320341767e+15
2.676075739573e+15
3.795414017270e+15
2.676075739573e+15
3.640650203955e+15
2.132602813747e+15
4.076148376306e+15
2.481721183317e+15
3.579464510319e+15
3.464291439945e+15
4.723996897159e+15
3.269936883689e+15
2.046223010966e+15
4.907553978068e+15
4.472055805716e+15
2.704869007167e+15
2.467324549521e+15
3.017995792246e+15
2.139801130645e+15
5.400638685606e+15
4.666410361972e+15
3.313126785079e+15
3.478688073741e+15
2.960409257059e+15
3.842203077109e+15
1.758290335031e+15
3.032392426043e+15
4.367680210690e+15
2.157796922891e+15
3.615456094810e+15
3.039590742941e+15
4.086945851654e+15
3.856599710906e+15
3.061185693636e+15
1.725897908989e+15
3.791814858821e+15
4.731195214058e+15
2.629286679734e+15
2.384543905190e+15
3.035991584492e+15
3.143966337967e+15
3.298730151282e+15
3.255540249892e+15
2.478122024868e+15
4.137334069942e+15
3.385109954063e+15
4.295697041706e+15
4.428865904326e+15
3.662245154650e+15
3.439097330800e+15
2.463725391072e+15
2.114607021501e+15
2.503316134013e+15
5.350250467317e+15
3.799013175719e+15
2.985603366203e+15
4.320891150851e+15
3.770219908125e+15
3.003599158449e+15
5.026326206891e+15
4.842769125982e+15
4.166127337536e+15
4.248907981867e+15
2.344953162248e+15
2.715666482514e+15
2.503316134013e+15
2.985603366203e+15
3.759422432778e+15
2.690472373370e+15
1.862665930058e+15
1.895058356100e+15
3.280734359036e+15
1.437965233054e+15
9.016906241256e+14
3.583063668768e+15
4.515245707107e+15
3.201552873154e+15
4.396473478283e+15
2.827240394439e+15
2.726463957862e+15
3.449894806148e+15
3.485886390640e+15
3.035991584492e+15
2.830839552888e+15
4.310093675503e+15
1.952644891287e+15
2.827240394439e+15
3.881793820050e+15
3.111573911925e+15
2.917219355669e+15
4.616022143684e+15
4.727596055608e+15
3.637051045506e+15
4.220114714273e+15
3.532675450479e+15
3.550671242725e+15
2.024628060271e+15
3.503882182886e+15
1.200420775408e+15
4.356882735342e+15
2.784050493049e+15
3.244742774545e+15
2.308961577757e+15
2.132602813747e+15
9.484796839650e+14
2.928016831016e+15
2.982004207754e+15
4.497249914861e+15
1.855467613159e+15
1.736695384336e+15
3.133168862620e+15
3.115173070374e+15
3.637051045506e+15
4.198519763578e+15
2.787649651498e+15
3.500283024437e+15
3.129569704171e+15
2.330556528452e+15
2.528510243157e+15
2.200986824281e+15
2.103809546153e+15
4.094144168552e+15
1.589129887920e+15
3.543472925827e+15
2.514113609360e+15
2.769653859252e+15
3.244742774545e+15
3.313126785079e+15
2.834438711338e+15
1.913054148346e+15
2.650881630429e+15
2.809244602193e+15
1.351585430274e+15
2.917219355669e+15
2.060619644763e+15
1.956244049737e+15
2.107408704602e+15
5.184689178655e+15
2.485320341767e+15
2.424134648131e+15
3.107974753476e+15
2.964008415508e+15
3.115173070374e+15
4.248907981867e+15
4.511646548657e+15
3.615456094810e+15
4.616022143684e+15
2.010231426474e+15
2.334155686901e+15
2.438531281927e+15
2.535708560055e+15
2.596894253691e+15
2.377345588291e+15
1.751092018133e+15
5.116305168120e+15
3.305928468181e+15
2.161396081340e+15
2.366548112944e+15
2.053421327865e+15
3.550671242725e+15
3.867397186253e+15
2.424134648131e+15
2.593295095242e+15
3.529076292030e+15
2.575299302996e+15
2.737261433210e+15
3.025194109144e+15
3.251941091443e+15
2.625687521285e+15
4.913865609186e+14
3.953776989034e+15
2.093012070806e+15
2.845236186685e+15
3.619055253260e+15
4.187722288231e+15
3.547072084276e+15
4.230912189621e+15
1.513547560487e+15
2.769653859252e+15
2.229780091875e+15
2.672476581124e+15
2.920818514118e+15
3.579464510319e+15
3.392308270961e+15
1.545939986530e+15
3.086379802780e+15
2.694071531819e+15
1.653914740005e+15
2.744459750108e+15
3.831405601762e+15
4.346085259995e+15
3.971772781280e+15
2.175792715137e+15
4.112139960798e+15
2.964008415508e+15
1.632319789310e+15
3.730629165184e+15
1.232813201451e+15
3.802612334168e+15
2.985603366203e+15
1.866265088507e+15
9.700746346601e+14
3.295130992833e+15
4.691604471117e+15
2.956810098610e+15
4.356882735342e+15
1.945446574389e+15
2.946012623262e+15
3.064784852085e+15
3.111573911925e+15
3.899789612296e+15
2.924417672567e+15
3.924983721440e+15
3.057586535187e+15
2.798447126846e+15
4.050954267162e+15
3.194354556256e+15
4.198519763578e+15
3.100776436577e+15
2.542906876954e+15
4.223713872723e+15
2.078615437009e+15
2.906421880321e+15
4.619621302133e+15
4.605224668336e+15
2.892025246524e+15
1.671910532251e+15
3.737827482083e+15
4.342486101546e+15
1.776286127277e+15
2.906421880321e+15
2.460126232622e+15
2.042623852517e+15
4.238110506519e+15
1.808678553320e+15
1.243610676798e+15
1.700703799845e+15
3.165561288662e+15
2.366548112944e+15
3.341920052672e+15
2.384543905190e+15
4.486452439513e+15
3.154763813315e+15
3.676641788447e+15
1.999433951127e+15
1.927450782143e+15
2.139801130645e+15
1.999433951127e+15
1.679108849149e+15
4.288498724808e+15
3.921384562991e+15
3.734228323634e+15
2.481721183317e+15
2.413337172783e+15
2.582497619895e+15
2.031826377169e+15
4.148131545290e+15
