# # E_gamma (MeV)  Final State Radiation (MeV^-1 s^-1)
5.145440e-01 1.275008e-19
5.413360e-01 2.149115e-21
5.695230e-01 1.815819e-21
5.991770e-01 2.298040e-23
6.303750e-01 1.936893e-23
6.631980e-01 1.595341e-25
6.977300e-01 1.338451e-25
7.340600e-01 1.090732e-27
7.722810e-01 5.727022e-30
8.124930e-01 4.841966e-30
8.547980e-01 1.881525e-32
8.993070e-01 1.575583e-32
9.461320e-01 5.374076e-35
9.953960e-01 1.028642e-37
1.047230e+00 8.615632e-38
1.101750e+00 1.597956e-40
1.159120e+00 1.535483e-43
1.219470e+00 1.280595e-43
1.282970e+00 1.162364e-46
1.349770e+00 5.437145e-50
1.420050e+00 2.074254e-53
1.493990e+00 1.731577e-53
1.571780e+00 4.131819e-57
1.653620e+00 5.498945e-61
1.739730e+00 5.763714e-65
1.830310e+00 4.781312e-65
1.925610e+00 2.828583e-69
2.025880e+00 8.750836e-74
2.131360e+00 1.691667e-78
2.242340e+00 2.007981e-83
2.359100e+00 1.654155e-83
2.481930e+00 1.088677e-88
2.611160e+00 3.703631e-94
2.747120e+00 6.353147e-100
2.890160e+00 5.339701e-106
3.040650e+00 2.099550e-112
3.198970e+00 1.706323e-112
3.365530e+00 3.032261e-119
3.540770e+00 2.484275e-126
3.725140e+00 9.890898e-134
3.919100e+00 1.471693e-141
4.123160e+00 7.391583e-150
4.337850e+00 1.813536e-158
4.563720e+00 1.156365e-167
4.801340e+00 9.165765e-168
5.051340e+00 2.526900e-177
5.314360e+00 2.044375e-187
5.591070e+00 4.352108e-198
5.882190e+00 2.698852e-209
6.188470e+00 4.531185e-221
6.510690e+00 1.918928e-233
6.849700e+00 1.936185e-246
7.206350e+00 3.552898e-260
7.581580e+00 1.245250e-274
7.976340e+00 8.556288e-290
8.391660e+00 9.125881e-306
8.828600e+00 0.000000e+00
9.288290e+00 0.000000e+00
