# E_gamma(MeV)   IFA_primary_masked(MeV^-1 s^-1)
5.145440e-01 2.185306e+08
5.413360e-01 1.656980e+11
5.695230e-01 7.126379e+12
5.991770e-01 5.304757e+13
6.303750e-01 2.359526e+14
6.631980e-01 6.200145e+14
6.977300e-01 1.228147e+15
7.340600e-01 2.021231e+15
7.722810e-01 2.886914e+15
8.124930e-01 3.619493e+15
8.547980e-01 4.068739e+15
8.993070e-01 4.174211e+15
9.461320e-01 3.959796e+15
9.953960e-01 3.513516e+15
1.047230e+00 2.957513e+15
1.101750e+00 2.394709e+15
1.159120e+00 1.878955e+15
1.219470e+00 1.434860e+15
1.282970e+00 1.067355e+15
1.349770e+00 7.752860e+14
1.420050e+00 5.432509e+14
1.493990e+00 3.734746e+14
1.571780e+00 2.497495e+14
1.653620e+00 1.607988e+14
1.739730e+00 9.958504e+13
1.830310e+00 6.458123e+13
1.925610e+00 3.823659e+13
2.025880e+00 2.156812e+13
2.131360e+00 1.320090e+13
2.242340e+00 7.304888e+12
2.359100e+00 3.961262e+12
2.481930e+00 2.135070e+12
2.611160e+00 1.022387e+12
2.747120e+00 5.353099e+11
2.890160e+00 2.387063e+11
3.040650e+00 1.191054e+11
3.198970e+00 4.999169e+10
3.365530e+00 2.214893e+10
3.540770e+00 9.207393e+09
3.725140e+00 3.449029e+09
3.919100e+00 1.254699e+09
4.123160e+00 4.375565e+08
4.337850e+00 1.479387e+08
4.563720e+00 4.651621e+07
4.801340e+00 1.437608e+07
5.051340e+00 4.150294e+06
5.314360e+00 1.127944e+06
5.591070e+00 2.772034e+05
5.882190e+00 6.331669e+04
6.188470e+00 1.307347e+04
6.510690e+00 2.228611e+03
6.849700e+00 3.862508e+02
7.206350e+00 7.639716e+01
7.581580e+00 1.012396e+01
7.976340e+00 1.694068e+00
8.391660e+00 2.176600e-01
8.828600e+00 5.738745e-02
9.288290e+00 1.146039e-02
9.771920e+00 3.781043e-03
1.028070e+01 8.956869e-04
1.081600e+01 3.636626e-04
1.137920e+01 0.000000e+00
1.197170e+01 0.000000e+00
1.259510e+01 0.000000e+00
1.325090e+01 0.000000e+00
1.394080e+01 0.000000e+00
1.466670e+01 0.000000e+00
1.543040e+01 0.000000e+00
1.623380e+01 0.000000e+00
1.707910e+01 0.000000e+00
1.796840e+01 0.000000e+00
1.890400e+01 0.000000e+00
1.988830e+01 0.000000e+00
2.092380e+01 0.000000e+00
2.201330e+01 0.000000e+00
2.315950e+01 0.000000e+00
2.436540e+01 0.000000e+00
2.563410e+01 0.000000e+00
2.696880e+01 0.000000e+00
2.837300e+01 0.000000e+00
2.985040e+01 0.000000e+00
3.140470e+01 0.000000e+00
3.303990e+01 0.000000e+00
3.476020e+01 0.000000e+00
3.657010e+01 0.000000e+00
3.847430e+01 0.000000e+00
4.047760e+01 0.000000e+00
4.258520e+01 0.000000e+00
4.480250e+01 0.000000e+00
4.713530e+01 0.000000e+00
4.958960e+01 0.000000e+00
5.217170e+01 0.000000e+00
5.488820e+01 0.000000e+00
5.774620e+01 0.000000e+00
6.075290e+01 0.000000e+00
6.391620e+01 0.000000e+00
6.724430e+01 0.000000e+00
7.074560e+01 0.000000e+00
7.442920e+01 0.000000e+00
7.830470e+01 0.000000e+00
8.238190e+01 0.000000e+00
8.667140e+01 0.000000e+00
9.118430e+01 0.000000e+00
9.593210e+01 0.000000e+00
1.009270e+02 0.000000e+00
1.061820e+02 0.000000e+00
1.117110e+02 0.000000e+00
1.175280e+02 0.000000e+00
1.236470e+02 0.000000e+00
1.300850e+02 0.000000e+00
1.368590e+02 0.000000e+00
