# # E_gamma (MeV)  Final State Radiation (MeV^-1 s^-1)
5.145440e-01 6.223894e+19
5.413360e-01 5.914485e+19
5.695230e-01 5.620389e+19
5.991770e-01 5.340856e+19
6.303750e-01 5.075158e+19
6.631980e-01 4.822607e+19
6.977300e-01 4.582555e+19
7.340600e-01 4.354384e+19
7.722810e-01 4.137511e+19
8.124930e-01 3.931367e+19
8.547980e-01 3.735429e+19
8.993070e-01 3.549185e+19
9.461320e-01 3.372164e+19
9.953960e-01 3.203902e+19
1.047230e+00 3.043955e+19
1.101750e+00 2.891960e+19
1.159120e+00 2.747459e+19
1.219470e+00 2.610127e+19
1.282970e+00 2.479577e+19
1.349770e+00 2.355501e+19
1.420050e+00 2.237564e+19
1.493990e+00 2.125464e+19
1.571780e+00 2.018912e+19
1.653620e+00 1.917636e+19
1.739730e+00 1.821365e+19
1.830310e+00 1.729873e+19
1.925610e+00 1.642907e+19
2.025880e+00 1.560240e+19
2.131360e+00 1.481675e+19
2.242340e+00 1.406994e+19
2.359100e+00 1.336010e+19
2.481930e+00 1.268547e+19
2.611160e+00 1.204421e+19
2.747120e+00 1.143472e+19
2.890160e+00 1.085540e+19
3.040650e+00 1.030477e+19
3.198970e+00 9.781436e+18
3.365530e+00 9.284035e+18
3.540770e+00 8.811257e+18
3.725140e+00 8.361891e+18
3.919100e+00 7.934816e+18
4.123160e+00 7.528905e+18
4.337850e+00 7.143106e+18
4.563720e+00 6.776431e+18
4.801340e+00 6.427958e+18
5.051340e+00 6.096753e+18
5.314360e+00 5.781975e+18
5.591070e+00 5.482821e+18
5.882190e+00 5.198511e+18
6.188470e+00 4.928314e+18
6.510690e+00 4.671541e+18
6.849700e+00 4.427514e+18
7.206350e+00 4.195622e+18
7.581580e+00 3.975253e+18
7.976340e+00 3.765849e+18
8.391660e+00 3.566862e+18
8.828600e+00 3.377785e+18
9.288290e+00 3.198128e+18
9.771920e+00 3.027425e+18
1.028070e+01 2.865272e+18
1.081600e+01 2.711186e+18
1.137920e+01 2.564793e+18
1.197170e+01 2.425728e+18
1.259510e+01 2.293616e+18
1.325090e+01 2.168137e+18
1.394080e+01 2.048963e+18
1.466670e+01 1.935765e+18
1.543040e+01 1.828263e+18
1.623380e+01 1.726187e+18
1.707910e+01 1.629256e+18
1.796840e+01 1.537228e+18
1.890400e+01 1.449864e+18
1.988830e+01 1.366938e+18
2.092380e+01 1.288235e+18
2.201330e+01 1.213541e+18
2.315950e+01 1.142670e+18
2.436540e+01 1.075432e+18
2.563410e+01 1.011652e+18
2.696880e+01 9.511651e+17
2.837300e+01 8.938095e+17
2.985040e+01 8.394304e+17
3.140470e+01 7.878875e+17
3.303990e+01 7.390432e+17
3.476020e+01 6.927668e+17
3.657010e+01 6.489315e+17
3.847430e+01 6.074178e+17
4.047760e+01 5.681146e+17
4.258520e+01 5.309126e+17
4.480250e+01 4.957088e+17
4.713530e+01 4.624027e+17
4.958960e+01 4.309001e+17
5.217170e+01 4.011105e+17
5.488820e+01 3.729472e+17
5.774620e+01 3.463257e+17
6.075290e+01 3.211668e+17
6.391620e+01 2.973916e+17
6.724430e+01 2.749250e+17
7.074560e+01 2.536960e+17
7.442920e+01 2.336341e+17
7.830470e+01 2.146714e+17
8.238190e+01 1.967435e+17
8.667140e+01 1.797874e+17
9.118430e+01 1.637431e+17
9.593210e+01 1.485547e+17
1.009270e+02 1.341695e+17
1.061820e+02 1.205408e+17
1.117110e+02 1.076283e+17
1.175280e+02 9.540165e+16
1.236470e+02 8.384766e+16
1.300850e+02 7.295965e+16
1.368590e+02 6.275196e+16
1.439850e+02 5.326282e+16
1.514820e+02 4.453520e+16
1.593690e+02 3.663116e+16
1.676680e+02 2.960229e+16
1.763980e+02 2.348680e+16
1.855830e+02 1.829711e+16
1.952460e+02 1.400457e+16
2.054120e+02 1.054699e+16
2.161070e+02 7.829281e+15
2.273600e+02 5.745209e+15
2.391980e+02 4.175981e+15
2.516530e+02 3.012987e+15
2.647560e+02 2.162492e+15
2.785410e+02 1.538281e+15
2.930450e+02 1.081009e+15
3.083030e+02 7.444521e+14
3.243560e+02 4.969089e+14
3.412450e+02 3.191864e+14
3.590130e+02 1.964559e+14
3.777060e+02 1.163098e+14
3.973730e+02 6.721679e+13
4.180640e+02 3.798857e+13
4.398320e+02 2.127029e+13
4.627330e+02 1.176860e+13
4.868270e+02 6.282869e+12
5.121760e+02 3.186434e+12
5.388440e+02 1.509737e+12
5.669010e+02 6.778942e+11
5.964180e+02 3.027228e+11
6.274730e+02 1.307690e+11
6.601450e+02 5.463519e+10
6.945180e+02 2.119799e+10
7.306800e+02 7.483070e+09
7.687260e+02 2.612481e+09
8.087520e+02 8.747780e+08
8.508630e+02 2.680893e+08
8.951660e+02 7.889526e+07
9.417770e+02 2.083307e+07
9.908140e+02 5.416208e+06
1.042400e+03 1.289847e+06
1.096680e+03 2.625324e+05
1.153780e+03 5.629052e+04
1.213860e+03 1.011889e+04
1.277060e+03 1.539424e+03
1.343560e+03 2.704360e+02
1.413520e+03 3.431643e+01
1.487120e+03 4.348525e+00
1.564550e+03 5.046673e-01
1.646010e+03 4.434077e-02
1.731720e+03 4.377718e-03
1.821890e+03 3.235139e-04
1.916750e+03 1.672436e-05
2.016550e+03 1.366320e-06
2.121550e+03 5.929513e-08
2.232020e+03 2.924592e-09
2.348230e+03 1.101027e-10
2.470500e+03 3.197936e-12
2.599140e+03 8.812934e-14
2.734470e+03 2.204994e-15
2.876850e+03 3.812746e-17
3.026650e+03 5.246646e-19
3.184240e+03 7.135647e-21
3.350040e+03 6.605673e-23
3.524470e+03 4.517720e-25
3.707990e+03 3.024917e-27
3.901060e+03 1.196764e-29
4.104180e+03 4.205620e-32
4.317880e+03 1.064181e-34
4.542710e+03 1.821569e-37
4.779240e+03 2.592871e-40
5.028090e+03 2.214494e-43
5.289890e+03 1.513218e-46
5.565330e+03 6.599772e-50
5.855110e+03 1.812017e-53
6.159980e+03 3.977131e-57
6.480720e+03 4.353062e-61
6.818160e+03 3.317484e-65
7.173170e+03 1.749079e-69
7.546670e+03 4.825431e-74
7.939620e+03 7.167148e-79
8.353020e+03 6.269933e-84
8.787950e+03 3.145252e-89
9.245530e+03 8.427997e-95
9.726930e+03 1.140529e-100
1.023340e+04 7.503832e-107
1.076620e+04 2.358182e-113
1.132680e+04 3.573871e-120
1.191660e+04 2.532660e-127
1.253710e+04 6.772615e-135
1.318990e+04 6.581908e-143
1.387660e+04 3.214308e-151
1.459920e+04 4.332118e-160
1.535930e+04 2.686004e-169
1.615910e+04 4.165359e-179
1.700050e+04 2.282477e-189
1.788570e+04 3.955938e-200
1.881690e+04 1.791589e-211
1.979670e+04 1.998467e-223
2.082750e+04 5.060011e-236
2.191200e+04 2.798858e-249
2.305290e+04 3.858174e-263
2.425320e+04 8.113173e-278
2.551610e+04 3.586594e-293
2.684460e+04 0.000000e+00
