# # E_gamma (MeV)  Final State Radiation (MeV^-1 s^-1)
5.145440e-01 1.704806e+19
5.413360e-01 1.609491e+19
5.695230e-01 1.520108e+19
5.991770e-01 1.434223e+19
6.303750e-01 1.353832e+19
6.631980e-01 1.276492e+19
6.977300e-01 1.204228e+19
7.340600e-01 1.134634e+19
7.722810e-01 1.068548e+19
8.124930e-01 1.007149e+19
8.547980e-01 9.477591e+18
8.993070e-01 8.926682e+18
9.461320e-01 8.393529e+18
9.953960e-01 7.887800e+18
1.047230e+00 7.421368e+18
1.101750e+00 6.968172e+18
1.159120e+00 6.538607e+18
1.219470e+00 6.144818e+18
1.282970e+00 5.760548e+18
1.349770e+00 5.396781e+18
1.420050e+00 5.052535e+18
1.493990e+00 4.740483e+18
1.571780e+00 4.433438e+18
1.653620e+00 4.143237e+18
1.739730e+00 3.869040e+18
1.830310e+00 3.623466e+18
1.925610e+00 3.379792e+18
2.025880e+00 3.149923e+18
2.131360e+00 2.933174e+18
2.242340e+00 2.728953e+18
2.359100e+00 2.549449e+18
2.481930e+00 2.368895e+18
2.611160e+00 2.199055e+18
2.747120e+00 2.039408e+18
2.890160e+00 1.889474e+18
3.040650e+00 1.748744e+18
3.198970e+00 1.628378e+18
3.365530e+00 1.504898e+18
3.540770e+00 1.389249e+18
3.725140e+00 1.281057e+18
3.919100e+00 1.179903e+18
4.123160e+00 1.085441e+18
4.337850e+00 9.972950e+17
4.563720e+00 9.151421e+17
4.801340e+00 8.479695e+17
5.051340e+00 7.767816e+17
5.314360e+00 7.106198e+17
5.591070e+00 6.491832e+17
5.882190e+00 5.922182e+17
6.188470e+00 5.394581e+17
6.510690e+00 4.906646e+17
6.849700e+00 4.455925e+17
7.206350e+00 4.040196e+17
7.581580e+00 3.657272e+17
7.976340e+00 3.305094e+17
8.391660e+00 2.981796e+17
8.828600e+00 2.685324e+17
9.288290e+00 2.413997e+17
9.771920e+00 2.165994e+17
1.028070e+01 1.986339e+17
1.081600e+01 1.778209e+17
1.137920e+01 1.588798e+17
1.197170e+01 1.416696e+17
1.259510e+01 1.260645e+17
1.325090e+01 1.119417e+17
1.394080e+01 9.918401e+16
1.466670e+01 8.768427e+16
1.543040e+01 7.734123e+16
1.623380e+01 6.805841e+16
1.707910e+01 5.974022e+16
1.796840e+01 5.230896e+16
1.890400e+01 4.568756e+16
1.988830e+01 3.979383e+16
2.092380e+01 3.456779e+16
2.201330e+01 2.994614e+16
2.315950e+01 2.586435e+16
2.436540e+01 2.227197e+16
2.563410e+01 1.911926e+16
2.696880e+01 1.636318e+16
2.837300e+01 1.395651e+16
2.985040e+01 1.186299e+16
3.140470e+01 1.004797e+16
3.303990e+01 8.479977e+15
3.476020e+01 7.130348e+15
3.657010e+01 5.973328e+15
3.847430e+01 4.981807e+15
4.047760e+01 4.137873e+15
4.258520e+01 3.422489e+15
4.480250e+01 2.818556e+15
4.713530e+01 2.309953e+15
4.958960e+01 1.884106e+15
5.217170e+01 1.529830e+15
5.488820e+01 1.234580e+15
5.774620e+01 9.917873e+14
6.075290e+01 7.919713e+14
6.391620e+01 6.289122e+14
6.724430e+01 4.964043e+14
7.074560e+01 3.897676e+14
7.442920e+01 3.038580e+14
7.830470e+01 2.351313e+14
8.238190e+01 1.807060e+14
8.667140e+01 1.381850e+14
9.118430e+01 1.047369e+14
9.593210e+01 7.882324e+13
1.009270e+02 5.890654e+13
1.061820e+02 4.360622e+13
1.117110e+02 3.202865e+13
1.175280e+02 2.325007e+13
1.236470e+02 1.681655e+13
1.300850e+02 1.203141e+13
1.368590e+02 8.469477e+12
1.439850e+02 5.935906e+12
1.514820e+02 4.066377e+12
1.593690e+02 2.742481e+12
1.676680e+02 1.846981e+12
1.763980e+02 1.219288e+12
1.855830e+02 8.134977e+11
1.952460e+02 5.326854e+11
2.054120e+02 3.474191e+11
2.161070e+02 2.081060e+11
2.273600e+02 1.343963e+11
2.391980e+02 8.215235e+10
2.516530e+02 5.426005e+10
2.647560e+02 3.375689e+10
2.785410e+02 1.629928e+10
2.930450e+02 1.111254e+10
3.083030e+02 6.396482e+09
3.243560e+02 3.679493e+09
3.412450e+02 2.260231e+09
3.590130e+02 1.481682e+09
3.777060e+02 2.510163e+08
3.973730e+02 6.123548e+07
4.180640e+02 0.000000e+00
