# E_gamma(MeV)   IFA_secondary_masked(MeV^-1 s^-1)
5.145440e-01 1.161359e+19
5.413360e-01 2.083400e+19
5.695230e-01 3.223350e+19
5.991770e-01 4.386230e+19
6.303750e-01 5.425960e+19
6.631980e-01 6.246156e+19
6.977300e-01 6.828339e+19
7.340600e-01 7.195498e+19
7.722810e-01 7.384082e+19
8.124930e-01 7.430820e+19
8.547980e-01 7.368155e+19
8.993070e-01 7.223249e+19
9.461320e-01 7.018196e+19
9.953960e-01 6.770672e+19
1.047230e+00 6.494637e+19
1.101750e+00 6.200944e+19
1.159120e+00 5.897818e+19
1.219470e+00 5.591486e+19
1.282970e+00 5.286595e+19
1.349770e+00 4.986618e+19
1.420050e+00 4.694081e+19
1.493990e+00 4.410802e+19
1.571780e+00 4.138018e+19
1.653620e+00 3.876560e+19
1.739730e+00 3.626918e+19
1.830310e+00 3.389319e+19
1.925610e+00 3.163813e+19
2.025880e+00 2.950286e+19
2.131360e+00 2.748504e+19
2.242340e+00 2.558159e+19
2.359100e+00 2.378885e+19
2.481930e+00 2.210259e+19
2.611160e+00 2.051845e+19
2.747120e+00 1.903192e+19
2.890160e+00 1.763840e+19
3.040650e+00 1.633332e+19
3.198970e+00 1.511216e+19
3.365530e+00 1.397049e+19
3.540770e+00 1.290402e+19
3.725140e+00 1.190857e+19
3.919100e+00 1.098011e+19
4.123160e+00 1.011482e+19
4.337850e+00 9.309015e+18
4.563720e+00 8.559154e+18
4.801340e+00 7.861878e+18
5.051340e+00 7.214014e+18
5.314360e+00 6.612512e+18
5.591070e+00 6.054511e+18
5.882190e+00 5.537301e+18
6.188470e+00 5.058335e+18
6.510690e+00 4.615189e+18
6.849700e+00 4.205593e+18
7.206350e+00 3.827393e+18
7.581580e+00 3.478526e+18
7.976340e+00 3.157086e+18
8.391660e+00 2.861252e+18
8.828600e+00 2.589297e+18
9.288290e+00 2.339597e+18
9.771920e+00 2.110657e+18
1.028070e+01 1.901004e+18
1.081600e+01 1.709286e+18
1.137920e+01 1.534223e+18
1.197170e+01 1.374604e+18
1.259510e+01 1.229287e+18
1.325090e+01 1.097217e+18
1.394080e+01 9.773910e+17
1.466670e+01 8.688998e+17
1.543040e+01 7.708077e+17
1.623380e+01 6.822657e+17
1.707910e+01 6.025263e+17
1.796840e+01 5.308568e+17
1.890400e+01 4.665427e+17
1.988830e+01 4.090032e+17
2.092380e+01 3.576491e+17
2.201330e+01 3.119039e+17
2.315950e+01 2.712591e+17
2.436540e+01 2.352384e+17
2.563410e+01 2.033907e+17
2.696880e+01 1.753215e+17
2.837300e+01 1.506484e+17
2.985040e+01 1.290249e+17
3.140470e+01 1.101275e+17
3.303990e+01 9.366940e+16
3.476020e+01 7.938012e+16
3.657010e+01 6.701664e+16
3.847430e+01 5.635753e+16
4.047760e+01 4.720372e+16
4.258520e+01 3.937021e+16
4.480250e+01 3.270506e+16
4.713530e+01 2.704207e+16
4.958960e+01 2.225461e+16
5.217170e+01 1.822701e+16
5.488820e+01 1.485392e+16
5.774620e+01 1.203293e+16
6.075290e+01 9.701831e+15
6.391620e+01 7.779618e+15
6.724430e+01 6.202501e+15
7.074560e+01 4.915673e+15
7.442920e+01 3.872345e+15
7.830470e+01 3.030674e+15
8.238190e+01 2.356644e+15
8.667140e+01 1.819522e+15
9.118430e+01 1.395581e+15
9.593210e+01 1.062585e+15
1.009270e+02 8.029715e+14
1.061820e+02 6.017159e+14
1.117110e+02 4.475019e+14
1.175280e+02 3.300533e+14
1.236470e+02 2.412163e+14
1.300850e+02 1.746201e+14
1.368590e+02 1.251700e+14
1.439850e+02 8.868398e+13
1.514820e+02 6.203789e+13
1.593690e+02 4.290504e+13
1.676680e+02 2.929725e+13
1.763980e+02 1.979745e+13
1.855830e+02 1.327428e+13
1.952460e+02 8.801202e+12
2.054120e+02 5.779817e+12
2.161070e+02 3.746917e+12
2.273600e+02 2.393476e+12
2.391980e+02 1.508279e+12
2.516530e+02 9.466883e+11
2.647560e+02 5.904727e+11
2.785410e+02 3.639361e+11
2.930450e+02 2.174890e+11
3.083030e+02 1.247489e+11
3.243560e+02 7.500935e+10
3.412450e+02 4.411376e+10
3.590130e+02 2.379908e+10
3.777060e+02 1.236865e+10
3.973730e+02 5.440521e+09
4.180640e+02 1.309860e+09
