# # E_gamma (MeV)  Final State Radiation (MeV^-1 s^-1)
5.145440e-01 5.849798e+17
5.413360e-01 5.479802e+17
5.695230e-01 5.145046e+17
5.991770e-01 4.813440e+17
6.303750e-01 4.515094e+17
6.631980e-01 4.218493e+17
6.977300e-01 3.952955e+17
7.340600e-01 3.688208e+17
7.722810e-01 3.437365e+17
8.124930e-01 3.216454e+17
8.547980e-01 2.993352e+17
8.993070e-01 2.797561e+17
9.461320e-01 2.599655e+17
9.953960e-01 2.412793e+17
1.047230e+00 2.251237e+17
1.101750e+00 2.086194e+17
1.159120e+00 1.930743e+17
1.219470e+00 1.798212e+17
1.282970e+00 1.661471e+17
1.349770e+00 1.533050e+17
1.420050e+00 1.412595e+17
1.493990e+00 1.312547e+17
1.571780e+00 1.207299e+17
1.653620e+00 1.108859e+17
1.739730e+00 1.016894e+17
1.830310e+00 9.423966e+16
1.925610e+00 8.626572e+16
2.025880e+00 7.884177e+16
2.131360e+00 7.193936e+16
2.242340e+00 6.553051e+16
2.359100e+00 6.052533e+16
2.481930e+00 5.502372e+16
2.611160e+00 4.993660e+16
2.747120e+00 4.523892e+16
2.890160e+00 4.090847e+16
3.040650e+00 3.692317e+16
3.198970e+00 3.395377e+16
3.365530e+00 3.057904e+16
3.540770e+00 2.748640e+16
3.725140e+00 2.465622e+16
3.919100e+00 2.207161e+16
4.123160e+00 1.971648e+16
4.337850e+00 1.757385e+16
4.563720e+00 1.562993e+16
4.801340e+00 1.427903e+16
5.051340e+00 1.266665e+16
5.314360e+00 1.120987e+16
5.591070e+00 9.896399e+15
5.882190e+00 8.715613e+15
6.188470e+00 7.655833e+15
6.510690e+00 6.706991e+15
6.849700e+00 5.859916e+15
7.206350e+00 5.106034e+15
7.581580e+00 4.435798e+15
7.976340e+00 3.842390e+15
8.391660e+00 3.318200e+15
8.828600e+00 2.856152e+15
9.288290e+00 2.450198e+15
9.771920e+00 2.095456e+15
1.028070e+01 1.888072e+15
1.081600e+01 1.608642e+15
1.137920e+01 1.365301e+15
1.197170e+01 1.154426e+15
1.259510e+01 9.726140e+14
1.325090e+01 8.162499e+14
1.394080e+01 6.819676e+14
1.466670e+01 5.673525e+14
1.543040e+01 4.700143e+14
1.623380e+01 3.875893e+14
1.707910e+01 3.180639e+14
1.796840e+01 2.597508e+14
1.890400e+01 2.109112e+14
1.988830e+01 1.705114e+14
2.092380e+01 1.371059e+14
2.201330e+01 1.094778e+14
2.315950e+01 8.689664e+13
2.436540e+01 6.863030e+13
2.563410e+01 5.380952e+13
2.696880e+01 4.191769e+13
2.837300e+01 3.246154e+13
2.985040e+01 2.496234e+13
3.140470e+01 1.900963e+13
3.303990e+01 1.440430e+13
3.476020e+01 1.083797e+13
3.657010e+01 8.080560e+12
3.847430e+01 5.959551e+12
4.047760e+01 4.371942e+12
4.258520e+01 3.184192e+12
4.480250e+01 2.299383e+12
4.713530e+01 1.637742e+12
4.958960e+01 1.158397e+12
5.217170e+01 8.110121e+11
5.488820e+01 5.591211e+11
5.774620e+01 3.904018e+11
6.075290e+01 2.647688e+11
6.391620e+01 1.755932e+11
6.724430e+01 1.226579e+11
7.074560e+01 8.531527e+10
7.442920e+01 5.877319e+10
7.830470e+01 4.204340e+10
8.238190e+01 3.064511e+10
8.667140e+01 2.405829e+10
9.118430e+01 1.990781e+10
9.593210e+01 1.639721e+10
1.009270e+02 1.197214e+10
1.061820e+02 7.610810e+09
1.117110e+02 6.030637e+09
1.175280e+02 4.160332e+09
1.236470e+02 2.455216e+09
1.300850e+02 9.787014e+08
1.368590e+02 5.817865e+08
1.439850e+02 3.946854e+08
1.514820e+02 3.076422e+08
1.593690e+02 1.328149e+08
1.676680e+02 5.609069e+07
1.763980e+02 3.191495e+07
1.855830e+02 1.466805e+07
1.952460e+02 5.209839e+06
2.054120e+02 2.742600e+06
2.161070e+02 5.385280e+05
2.273600e+02 0.000000e+00
