# E_gamma(MeV)   IFA_primary_masked(MeV^-1 s^-1)
5.145440e-01 3.080564e+19
5.413360e-01 4.462217e+19
5.695230e-01 5.915471e+19
5.991770e-01 6.641818e+19
6.303750e-01 7.075983e+19
6.631980e-01 7.301722e+19
6.977300e-01 7.378501e+19
7.340600e-01 7.348553e+19
7.722810e-01 7.242270e+19
8.124930e-01 7.081831e+19
8.547980e-01 6.883592e+19
8.993070e-01 6.659720e+19
9.461320e-01 6.419315e+19
9.953960e-01 6.169219e+19
1.047230e+00 5.914562e+19
1.101750e+00 5.659222e+19
1.159120e+00 5.406092e+19
1.219470e+00 5.157346e+19
1.282970e+00 4.914543e+19
1.349770e+00 4.678820e+19
1.420050e+00 4.450938e+19
1.493990e+00 4.231403e+19
1.571780e+00 4.020477e+19
1.653620e+00 3.818292e+19
1.739730e+00 3.624893e+19
1.830310e+00 3.440187e+19
1.925610e+00 3.264029e+19
2.025880e+00 3.096223e+19
2.131360e+00 2.936537e+19
2.242340e+00 2.784684e+19
2.359100e+00 2.640389e+19
2.481930e+00 2.503354e+19
2.611160e+00 2.373282e+19
2.747120e+00 2.249866e+19
2.890160e+00 2.132804e+19
3.040650e+00 2.021803e+19
3.198970e+00 1.916569e+19
3.365530e+00 1.816817e+19
3.540770e+00 1.722276e+19
3.725140e+00 1.632679e+19
3.919100e+00 1.547773e+19
4.123160e+00 1.467313e+19
4.337850e+00 1.391067e+19
4.563720e+00 1.318794e+19
4.801340e+00 1.250293e+19
5.051340e+00 1.185365e+19
5.314360e+00 1.123819e+19
5.591070e+00 1.065471e+19
5.882190e+00 1.010163e+19
6.188470e+00 9.577157e+18
6.510690e+00 9.079858e+18
6.849700e+00 8.608043e+18
7.206350e+00 8.160309e+18
7.581580e+00 7.735326e+18
7.976340e+00 7.331691e+18
8.391660e+00 6.948207e+18
8.828600e+00 6.583882e+18
9.288290e+00 6.237596e+18
9.771920e+00 5.908357e+18
1.028070e+01 5.595353e+18
1.081600e+01 5.297600e+18
1.137920e+01 5.014224e+18
1.197170e+01 4.744301e+18
1.259510e+01 4.486965e+18
1.325090e+01 4.241636e+18
1.394080e+01 4.007399e+18
1.466670e+01 3.783813e+18
1.543040e+01 3.570244e+18
1.623380e+01 3.366069e+18
1.707910e+01 3.170638e+18
1.796840e+01 2.983538e+18
1.890400e+01 2.804082e+18
1.988830e+01 2.631933e+18
2.092380e+01 2.466710e+18
2.201330e+01 2.308010e+18
2.315950e+01 2.155285e+18
2.436540e+01 2.008181e+18
2.563410e+01 1.866367e+18
2.696880e+01 1.729507e+18
2.837300e+01 1.597225e+18
2.985040e+01 1.469431e+18
3.140470e+01 1.345923e+18
3.303990e+01 1.226582e+18
3.476020e+01 1.111359e+18
3.657010e+01 1.000274e+18
3.847430e+01 8.934589e+17
4.047760e+01 7.911431e+17
4.258520e+01 6.936807e+17
4.480250e+01 6.015418e+17
4.713530e+01 5.152531e+17
4.958960e+01 4.354333e+17
5.217170e+01 3.626636e+17
5.488820e+01 2.974234e+17
5.774620e+01 2.400527e+17
6.075290e+01 1.906536e+17
6.391620e+01 1.490320e+17
6.724430e+01 1.147472e+17
7.074560e+01 8.712852e+16
7.442920e+01 6.533959e+16
7.830470e+01 4.847355e+16
8.238190e+01 3.562174e+16
8.667140e+01 2.595105e+16
9.118430e+01 1.873116e+16
9.593210e+01 1.337094e+16
1.009270e+02 9.399436e+15
1.061820e+02 6.469008e+15
1.117110e+02 4.342702e+15
1.175280e+02 2.829789e+15
1.236470e+02 1.777297e+15
1.300850e+02 1.073008e+15
1.368590e+02 6.410185e+14
1.439850e+02 3.653076e+14
1.514820e+02 2.035462e+14
1.593690e+02 1.103643e+14
1.676680e+02 6.555747e+13
1.763980e+02 3.031439e+13
1.855830e+02 1.737846e+13
1.952460e+02 7.391845e+12
2.054120e+02 3.957857e+12
2.161070e+02 1.554028e+12
2.273600e+02 6.470682e+11
2.391980e+02 2.962772e+11
2.516530e+02 1.096790e+11
2.647560e+02 4.454392e+10
2.785410e+02 1.531633e+10
2.930450e+02 5.571198e+09
3.083030e+02 1.921931e+09
3.243560e+02 5.868412e+08
3.412450e+02 1.655069e+08
3.590130e+02 4.447367e+07
3.777060e+02 1.068895e+07
3.973730e+02 2.493838e+06
4.180640e+02 5.215205e+05
4.398320e+02 9.920666e+04
4.627330e+02 1.098289e+04
4.868270e+02 2.411243e+03
5.121760e+02 3.383085e+02
5.388440e+02 5.567038e+01
5.669010e+02 6.066300e+00
5.964180e+02 1.382470e+00
6.274730e+02 1.791050e-01
6.601450e+02 0.000000e+00
6.945180e+02 0.000000e+00
7.306800e+02 0.000000e+00
7.687260e+02 0.000000e+00
8.087520e+02 0.000000e+00
8.508630e+02 0.000000e+00
8.951660e+02 0.000000e+00
9.417770e+02 0.000000e+00
9.908140e+02 0.000000e+00
1.042400e+03 0.000000e+00
1.096680e+03 0.000000e+00
1.153780e+03 0.000000e+00
1.213860e+03 0.000000e+00
1.277060e+03 0.000000e+00
1.343560e+03 0.000000e+00
1.413520e+03 0.000000e+00
1.487120e+03 0.000000e+00
1.564550e+03 0.000000e+00
1.646010e+03 0.000000e+00
1.731720e+03 0.000000e+00
1.821890e+03 0.000000e+00
1.916750e+03 0.000000e+00
2.016550e+03 0.000000e+00
2.121550e+03 0.000000e+00
2.232020e+03 0.000000e+00
2.348230e+03 0.000000e+00
2.470500e+03 0.000000e+00
2.599140e+03 0.000000e+00
2.734470e+03 0.000000e+00
2.876850e+03 0.000000e+00
3.026650e+03 0.000000e+00
3.184240e+03 0.000000e+00
3.350040e+03 0.000000e+00
3.524470e+03 0.000000e+00
3.707990e+03 0.000000e+00
3.901060e+03 0.000000e+00
4.104180e+03 0.000000e+00
4.317880e+03 0.000000e+00
4.542710e+03 0.000000e+00
4.779240e+03 0.000000e+00
5.028090e+03 0.000000e+00
5.289890e+03 0.000000e+00
5.565330e+03 0.000000e+00
5.855110e+03 0.000000e+00
6.159980e+03 0.000000e+00
6.480720e+03 0.000000e+00
6.818160e+03 0.000000e+00
7.173170e+03 0.000000e+00
7.546670e+03 0.000000e+00
7.939620e+03 0.000000e+00
8.353020e+03 0.000000e+00
8.787950e+03 0.000000e+00
9.245530e+03 0.000000e+00
