# E_gamma(MeV)   IFA_secondary_masked(MeV^-1 s^-1)
5.145440e-01 9.040416e+17
5.413360e-01 1.822926e+18
5.695230e-01 3.056535e+18
5.991770e-01 4.475674e+18
6.303750e-01 5.885179e+18
6.631980e-01 7.107022e+18
6.977300e-01 8.052321e+18
7.340600e-01 8.708531e+18
7.722810e-01 9.102672e+18
8.124930e-01 9.276210e+18
8.547980e-01 9.272262e+18
8.993070e-01 9.131383e+18
9.461320e-01 8.888008e+18
9.953960e-01 8.571175e+18
1.047230e+00 8.204434e+18
1.101750e+00 7.806378e+18
1.159120e+00 7.391075e+18
1.219470e+00 6.969035e+18
1.282970e+00 6.548082e+18
1.349770e+00 6.134014e+18
1.420050e+00 5.731001e+18
1.493990e+00 5.341973e+18
1.571780e+00 4.968960e+18
1.653620e+00 4.613230e+18
1.739730e+00 4.275547e+18
1.830310e+00 3.956235e+18
1.925610e+00 3.655287e+18
2.025880e+00 3.372453e+18
2.131360e+00 3.107312e+18
2.242340e+00 2.859296e+18
2.359100e+00 2.627752e+18
2.481930e+00 2.411978e+18
2.611160e+00 2.211205e+18
2.747120e+00 2.024683e+18
2.890160e+00 1.851651e+18
3.040650e+00 1.691356e+18
3.198970e+00 1.543038e+18
3.365530e+00 1.405998e+18
3.540770e+00 1.279524e+18
3.725140e+00 1.162942e+18
3.919100e+00 1.055605e+18
4.123160e+00 9.568998e+17
4.337850e+00 8.662440e+17
4.563720e+00 7.830818e+17
4.801340e+00 7.068856e+17
5.051340e+00 6.371602e+17
5.314360e+00 5.734350e+17
5.591070e+00 5.152680e+17
5.882190e+00 4.622437e+17
6.188470e+00 4.139780e+17
6.510690e+00 3.701045e+17
6.849700e+00 3.302838e+17
7.206350e+00 2.941969e+17
7.581580e+00 2.615470e+17
7.976340e+00 2.320516e+17
8.391660e+00 2.054761e+17
8.828600e+00 1.815335e+17
9.288290e+00 1.600229e+17
9.771920e+00 1.407325e+17
1.028070e+01 1.234704e+17
1.081600e+01 1.080344e+17
1.137920e+01 9.430180e+16
1.197170e+01 8.209437e+16
1.259510e+01 7.126883e+16
1.325090e+01 6.169285e+16
1.394080e+01 5.324319e+16
1.466670e+01 4.580791e+16
1.543040e+01 3.928267e+16
1.623380e+01 3.357708e+16
1.707910e+01 2.859911e+16
1.796840e+01 2.427094e+16
1.890400e+01 2.052009e+16
1.988830e+01 1.728180e+16
2.092380e+01 1.449164e+16
2.201330e+01 1.210100e+16
2.315950e+01 1.005931e+16
2.436540e+01 8.323319e+15
2.563410e+01 6.853418e+15
2.696880e+01 5.615653e+15
2.837300e+01 4.577076e+15
2.985040e+01 3.710698e+15
3.140470e+01 2.991567e+15
3.303990e+01 2.397130e+15
3.476020e+01 1.908772e+15
3.657010e+01 1.510341e+15
3.847430e+01 1.186959e+15
4.047760e+01 9.261771e+14
4.258520e+01 7.175727e+14
4.480250e+01 5.518711e+14
4.713530e+01 4.210704e+14
4.958960e+01 3.185532e+14
5.217170e+01 2.389020e+14
5.488820e+01 1.775837e+14
5.774620e+01 1.308024e+14
6.075290e+01 9.546423e+13
6.391620e+01 6.905524e+13
6.724430e+01 4.947915e+13
7.074560e+01 3.511583e+13
7.442920e+01 2.468553e+13
7.830470e+01 1.719202e+13
8.238190e+01 1.185816e+13
8.667140e+01 8.102922e+12
9.118430e+01 5.474028e+12
9.593210e+01 3.621173e+12
1.009270e+02 2.332220e+12
1.061820e+02 1.459957e+12
1.117110e+02 8.601694e+11
1.175280e+02 4.658658e+11
1.236470e+02 2.452266e+11
1.300850e+02 1.184695e+11
