# # E_gamma (MeV)  Final State Radiation (MeV^-1 s^-1)
5.145440e-01 6.756116e+17
5.413360e-01 6.374061e+17
5.695230e-01 6.011920e+17
5.991770e-01 5.667414e+17
6.303750e-01 5.341076e+17
6.631980e-01 5.030547e+17
6.977300e-01 4.736613e+17
7.340600e-01 4.456857e+17
7.722810e-01 4.191259e+17
8.124930e-01 3.940396e+17
8.547980e-01 3.701331e+17
8.993070e-01 3.475782e+17
9.461320e-01 3.260771e+17
9.953960e-01 3.056775e+17
1.047230e+00 2.864946e+17
1.101750e+00 2.681753e+17
1.159120e+00 2.508003e+17
1.219470e+00 2.345382e+17
1.282970e+00 2.189601e+17
1.349770e+00 2.041986e+17
1.420050e+00 1.902101e+17
1.493990e+00 1.772547e+17
1.571780e+00 1.647491e+17
1.653620e+00 1.529079e+17
1.739730e+00 1.416945e+17
1.830310e+00 1.314827e+17
1.925610e+00 1.214967e+17
2.025880e+00 1.120489e+17
2.131360e+00 1.031108e+17
2.242340e+00 9.465211e+16
2.359100e+00 8.724793e+16
2.481930e+00 7.975903e+16
2.611160e+00 7.267901e+16
2.747120e+00 6.598426e+16
2.890160e+00 5.965237e+16
3.040650e+00 5.366288e+16
3.198970e+00 4.892733e+16
3.365530e+00 4.368359e+16
3.540770e+00 3.873940e+16
3.725140e+00 3.408558e+16
3.919100e+00 2.971694e+16
4.123160e+00 2.563392e+16
4.337850e+00 2.184457e+16
4.563720e+00 1.836031e+16
4.801340e+00 1.636537e+16
5.051340e+00 1.352125e+16
5.314360e+00 1.099344e+16
5.591070e+00 8.789213e+15
5.882190e+00 6.909741e+15
6.188470e+00 5.343924e+15
6.510690e+00 4.070681e+15
6.849700e+00 3.058559e+15
7.206350e+00 2.272237e+15
7.581580e+00 1.671841e+15
7.976340e+00 1.220213e+15
8.391660e+00 8.848021e+14
8.828600e+00 6.351235e+14
9.288290e+00 4.498249e+14
9.771920e+00 3.120106e+14
1.028070e+01 2.666907e+14
1.081600e+01 1.787983e+14
1.137920e+01 1.154840e+14
1.197170e+01 7.164675e+13
1.259510e+01 4.286623e+13
1.325090e+01 2.505523e+13
1.394080e+01 1.433576e+13
1.466670e+01 8.111146e+12
1.543040e+01 4.523160e+12
1.623380e+01 2.430281e+12
1.707910e+01 1.239889e+12
1.796840e+01 5.927416e+11
1.890400e+01 2.692672e+11
1.988830e+01 1.214091e+11
2.092380e+01 5.293717e+10
2.201330e+01 2.225083e+10
2.315950e+01 8.699939e+09
2.436540e+01 3.105155e+09
2.563410e+01 1.092591e+09
2.696880e+01 3.690704e+08
2.837300e+01 1.140779e+08
2.985040e+01 3.377963e+07
3.140470e+01 9.016187e+06
3.303990e+01 2.354655e+06
3.476020e+01 5.660398e+05
3.657010e+01 1.165871e+05
3.847430e+01 2.505442e+04
4.047760e+01 4.552306e+03
4.258520e+01 7.010776e+02
4.480250e+01 1.231710e+02
4.713530e+01 1.581011e+01
4.958960e+01 1.997889e+00
5.217170e+01 2.354619e-01
5.488820e+01 2.093661e-02
5.774620e+01 2.057066e-03
6.075290e+01 1.545020e-04
6.391620e+01 8.091247e-06
6.724430e+01 6.573448e-07
7.074560e+01 2.875338e-08
7.442920e+01 1.426058e-09
7.830470e+01 5.392270e-11
8.238190e+01 1.575568e-12
8.667140e+01 4.372616e-14
9.118430e+01 1.099034e-15
9.593210e+01 1.907149e-17
1.009270e+02 2.641531e-19
1.061820e+02 3.611569e-21
1.117110e+02 3.351327e-23
1.175280e+02 2.305770e-25
1.236470e+02 1.550150e-27
1.300850e+02 6.147396e-30
1.368590e+02 2.174095e-32
1.439850e+02 5.502664e-35
1.514820e+02 9.479132e-38
1.593690e+02 1.349414e-40
1.676680e+02 1.159326e-43
1.763980e+02 7.912974e-47
1.855830e+02 3.473285e-50
1.952460e+02 9.519980e-54
2.054120e+02 2.096371e-57
2.161070e+02 2.303527e-61
2.273600e+02 1.750229e-65
2.391980e+02 9.241034e-70
2.516530e+02 2.560713e-74
2.647560e+02 3.807251e-79
2.785410e+02 3.324130e-84
2.930450e+02 1.663495e-89
3.083030e+02 4.450497e-95
3.243560e+02 6.016076e-101
3.412450e+02 3.956421e-107
3.590130e+02 1.244241e-113
3.777060e+02 1.888763e-120
3.973730e+02 1.334431e-127
4.180640e+02 3.532993e-135
4.398320e+02 3.438941e-143
4.627330e+02 1.676402e-151
4.868270e+02 2.239481e-160
5.121760e+02 1.386427e-169
5.388440e+02 2.148984e-179
5.669010e+02 1.160097e-189
5.964180e+02 1.995012e-200
6.274730e+02 8.988684e-212
6.601450e+02 9.946107e-224
6.945180e+02 2.494008e-236
7.306800e+02 1.379938e-249
7.687260e+02 1.896822e-263
8.087520e+02 3.892557e-278
8.508630e+02 1.722198e-293
8.951660e+02 0.000000e+00
