# # E_gamma (MeV)  Final State Radiation (MeV^-1 s^-1)
5.145440e-01 1.050935e+14
5.413360e-01 9.337529e+13
5.695230e-01 8.554992e+13
5.991770e-01 7.559054e+13
6.303750e-01 6.909719e+13
6.631980e-01 6.072872e+13
6.977300e-01 5.536820e+13
7.340600e-01 4.838641e+13
7.722810e-01 4.203978e+13
8.124930e-01 3.824592e+13
8.547980e-01 3.304168e+13
8.993070e-01 2.996101e+13
9.461320e-01 2.574287e+13
9.953960e-01 2.199703e+13
1.047230e+00 1.988609e+13
1.101750e+00 1.689122e+13
1.159120e+00 1.425715e+13
1.219470e+00 1.284330e+13
1.282970e+00 1.078297e+13
1.349770e+00 8.998038e+12
1.420050e+00 7.456940e+12
1.493990e+00 6.694828e+12
1.571780e+00 5.518677e+12
1.653620e+00 4.519743e+12
1.739730e+00 3.679879e+12
1.830310e+00 3.290092e+12
1.925610e+00 2.663515e+12
2.025880e+00 2.146701e+12
2.131360e+00 1.717685e+12
2.242340e+00 1.368891e+12
2.359100e+00 1.219383e+12
2.481930e+00 9.673697e+11
2.611160e+00 7.640879e+11
2.747120e+00 6.039497e+11
2.890160e+00 4.750358e+11
3.040650e+00 3.734030e+11
3.198970e+00 3.324473e+11
3.365530e+00 2.625432e+11
3.540770e+00 2.095697e+11
3.725140e+00 1.670260e+11
3.919100e+00 1.342054e+11
4.123160e+00 1.080629e+11
4.337850e+00 8.814262e+10
4.563720e+00 7.268089e+10
4.801340e+00 6.525381e+10
5.051340e+00 5.501641e+10
5.314360e+00 4.571660e+10
5.591070e+00 3.842675e+10
5.882190e+00 3.176835e+10
6.188470e+00 2.609956e+10
6.510690e+00 2.131224e+10
6.849700e+00 1.730780e+10
7.206350e+00 1.400093e+10
7.581580e+00 1.162691e+10
7.976340e+00 9.853651e+09
8.391660e+00 8.447445e+09
8.828600e+00 7.245427e+09
9.288290e+00 4.528957e+09
9.771920e+00 2.496387e+09
1.028070e+01 2.163762e+09
1.081600e+01 1.581076e+09
1.137920e+01 1.186291e+09
1.197170e+01 6.941852e+08
1.259510e+01 4.039362e+08
1.325090e+01 1.641271e+08
1.394080e+01 1.068740e+08
1.466670e+01 7.239324e+07
1.543040e+01 3.268256e+07
1.623380e+01 1.721248e+07
1.707910e+01 1.080129e+07
1.796840e+01 5.297827e+06
1.890400e+01 3.204892e+06
1.988830e+01 6.616005e+05
2.092380e+01 3.474032e+05
2.201330e+01 1.212309e+05
2.315950e+01 4.547216e+04
2.436540e+01 2.078812e+04
2.563410e+01 1.274062e+04
2.696880e+01 1.322248e+03
2.837300e+01 6.319112e+02
2.985040e+01 1.377338e+02
3.140470e+01 1.587505e+01
3.303990e+01 8.296866e+00
3.476020e+01 1.774164e+00
3.657010e+01 4.374087e-01
3.847430e+01 1.815355e-01
4.047760e+01 6.186980e-02
4.258520e+01 9.800452e-03
4.480250e+01 7.785568e-04
4.713530e+01 1.155082e-05
4.958960e+01 8.168577e-07
5.217170e+01 3.951105e-07
5.488820e+01 1.193458e-07
5.774620e+01 2.239716e-08
6.075290e+01 5.792359e-11
6.391620e+01 1.683425e-11
6.724430e+01 3.790210e-12
7.074560e+01 1.646516e-14
7.442920e+01 2.931665e-16
7.830470e+01 4.846388e-18
8.238190e+01 6.039488e-19
8.667140e+01 1.587848e-19
9.118430e+01 3.330919e-20
9.593210e+01 1.039726e-21
1.009270e+02 3.019466e-24
1.061820e+02 2.945006e-27
1.117110e+02 1.220969e-27
1.175280e+02 1.306489e-29
1.236470e+02 2.361125e-34
1.300850e+02 6.243419e-37
1.368590e+02 3.780991e-39
1.439850e+02 2.454118e-39
1.514820e+02 7.929609e-45
1.593690e+02 3.014434e-48
1.676680e+02 4.063384e-51
1.763980e+02 1.490807e-54
1.855830e+02 4.626399e-58
1.952460e+02 2.231989e-58
2.054120e+02 6.388296e-66
2.161070e+02 4.780833e-70
2.273600e+02 2.178642e-74
2.391980e+02 9.888895e-79
2.516530e+02 7.733160e-79
2.647560e+02 9.794384e-89
2.785410e+02 3.173183e-89
2.930450e+02 8.364977e-95
3.083030e+02 7.261118e-106
3.243560e+02 1.276500e-106
3.412450e+02 7.819467e-112
3.590130e+02 2.413525e-119
3.777060e+02 1.818607e-132
3.973730e+02 7.177115e-140
4.180640e+02 3.103715e-140
4.398320e+02 1.484573e-148
4.627330e+02 3.784857e-165
4.868270e+02 6.369762e-175
5.121760e+02 5.981409e-184
5.388440e+02 3.600731e-184
5.669010e+02 7.955858e-195
5.964180e+02 1.972646e-211
6.274730e+02 1.887861e-228
6.601450e+02 1.086542e-228
6.945180e+02 2.881549e-241
7.306800e+02 1.692325e-254
7.687260e+02 7.128781e-269
8.087520e+02 4.148274e-283
8.508630e+02 0.000000e+00
