# E_gamma(MeV)   IFA_secondary_masked(MeV^-1 s^-1)
5.145440e-01 7.555337e+11
5.413360e-01 3.494365e+12
5.695230e-01 1.135201e+13
5.991770e-01 3.124868e+13
6.303750e-01 6.245265e+13
6.631980e-01 1.007914e+14
6.977300e-01 1.463063e+14
7.340600e-01 1.968991e+14
7.722810e-01 2.396943e+14
8.124930e-01 2.708192e+14
8.547980e-01 2.908130e+14
8.993070e-01 2.954541e+14
9.461320e-01 2.820356e+14
9.953960e-01 2.580101e+14
1.047230e+00 2.312446e+14
1.101750e+00 2.049018e+14
1.159120e+00 1.813577e+14
1.219470e+00 1.623630e+14
1.282970e+00 1.463678e+14
1.349770e+00 1.299267e+14
1.420050e+00 1.131789e+14
1.493990e+00 9.620290e+13
1.571780e+00 7.902550e+13
1.653620e+00 6.282001e+13
1.739730e+00 4.931331e+13
1.830310e+00 3.855065e+13
1.925610e+00 3.058003e+13
2.025880e+00 2.545277e+13
2.131360e+00 2.204480e+13
2.242340e+00 1.865400e+13
2.359100e+00 1.524348e+13
2.481930e+00 1.189614e+13
2.611160e+00 9.103908e+12
2.747120e+00 6.870248e+12
2.890160e+00 5.204983e+12
3.040650e+00 4.129734e+12
3.198970e+00 3.549410e+12
3.365530e+00 2.959036e+12
3.540770e+00 2.386110e+12
3.725140e+00 1.902123e+12
3.919100e+00 1.508523e+12
4.123160e+00 1.208814e+12
4.337850e+00 1.009352e+12
4.563720e+00 8.788859e+11
4.801340e+00 7.550851e+11
5.051340e+00 6.448817e+11
5.314360e+00 5.482807e+11
5.591070e+00 4.654669e+11
5.882190e+00 3.969615e+11
6.188470e+00 3.389628e+11
6.510690e+00 2.870944e+11
6.849700e+00 2.413889e+11
7.206350e+00 2.020265e+11
7.581580e+00 1.710272e+11
7.976340e+00 1.434070e+11
8.391660e+00 1.155465e+11
8.828600e+00 8.628984e+10
9.288290e+00 6.211380e+10
9.771920e+00 4.241466e+10
1.028070e+01 2.627793e+10
1.081600e+01 1.533024e+10
1.137920e+01 1.096787e+10
1.197170e+01 7.111759e+09
1.259510e+01 4.218276e+09
1.325090e+01 2.520742e+09
1.394080e+01 1.305582e+09
1.466670e+01 5.488051e+08
1.543040e+01 3.322573e+08
1.623380e+01 1.731436e+08
1.707910e+01 1.031760e+08
1.796840e+01 5.592938e+07
1.890400e+01 2.980688e+07
1.988830e+01 1.291987e+07
2.092380e+01 5.745373e+06
2.201330e+01 2.136211e+06
2.315950e+01 8.126241e+05
2.436540e+01 3.214178e+05
2.563410e+01 1.376653e+05
2.696880e+01 6.360094e+04
2.837300e+01 2.608785e+04
2.985040e+01 8.196543e+03
3.140470e+01 2.173894e+03
3.303990e+01 7.636748e+02
3.476020e+01 1.387125e+02
3.657010e+01 5.150677e+01
3.847430e+01 1.025450e+01
4.047760e+01 3.333953e+00
4.258520e+01 7.548247e-01
4.480250e+01 2.909022e-01
4.713530e+01 6.696413e-02
4.958960e+01 2.289838e-02
5.217170e+01 5.304521e-03
5.488820e+01 1.814305e-03
5.774620e+01 4.217586e-04
6.075290e+01 1.728176e-04
6.391620e+01 4.113801e-05
6.724430e+01 1.466137e-05
7.074560e+01 3.638878e-06
7.442920e+01 1.388762e-06
7.830470e+01 3.261629e-07
8.238190e+01 0.000000e+00
8.667140e+01 0.000000e+00
9.118430e+01 0.000000e+00
9.593210e+01 0.000000e+00
1.009270e+02 0.000000e+00
1.061820e+02 0.000000e+00
1.117110e+02 0.000000e+00
1.175280e+02 0.000000e+00
1.236470e+02 0.000000e+00
1.300850e+02 0.000000e+00
1.368590e+02 0.000000e+00
1.439850e+02 0.000000e+00
1.514820e+02 0.000000e+00
1.593690e+02 0.000000e+00
1.676680e+02 0.000000e+00
1.763980e+02 0.000000e+00
1.855830e+02 0.000000e+00
1.952460e+02 0.000000e+00
2.054120e+02 0.000000e+00
2.161070e+02 0.000000e+00
2.273600e+02 0.000000e+00
2.391980e+02 0.000000e+00
2.516530e+02 0.000000e+00
2.647560e+02 0.000000e+00
2.785410e+02 0.000000e+00
2.930450e+02 0.000000e+00
3.083030e+02 0.000000e+00
3.243560e+02 0.000000e+00
3.412450e+02 0.000000e+00
3.590130e+02 0.000000e+00
3.777060e+02 0.000000e+00
3.973730e+02 0.000000e+00
4.180640e+02 0.000000e+00
4.398320e+02 0.000000e+00
4.627330e+02 0.000000e+00
4.868270e+02 0.000000e+00
5.121760e+02 0.000000e+00
5.388440e+02 0.000000e+00
5.669010e+02 0.000000e+00
5.964180e+02 0.000000e+00
6.274730e+02 0.000000e+00
6.601450e+02 0.000000e+00
6.945180e+02 0.000000e+00
7.306800e+02 0.000000e+00
7.687260e+02 0.000000e+00
8.087520e+02 0.000000e+00
8.508630e+02 0.000000e+00
