# E_gamma(MeV)   IFA_primary_masked(MeV^-1 s^-1)
5.145440e-01 4.260026e+01
5.413360e-01 4.107710e+06
5.695230e-01 1.735234e+09
5.991770e-01 5.507878e+10
6.303750e-01 6.006510e+11
6.631980e-01 2.678567e+12
6.977300e-01 7.038389e+12
7.340600e-01 1.480807e+13
7.722810e-01 2.405372e+13
8.124930e-01 3.314011e+13
8.547980e-01 3.931977e+13
8.993070e-01 4.136678e+13
9.461320e-01 3.763568e+13
9.953960e-01 3.117975e+13
1.047230e+00 2.343961e+13
1.101750e+00 1.615238e+13
1.159120e+00 1.040150e+13
1.219470e+00 6.688956e+12
1.282970e+00 4.026372e+12
1.349770e+00 2.227681e+12
1.420050e+00 1.300703e+12
1.493990e+00 6.656336e+11
1.571780e+00 3.477709e+11
1.653620e+00 1.709213e+11
1.739730e+00 7.951220e+10
1.830310e+00 3.681745e+10
1.925610e+00 1.618162e+10
2.025880e+00 6.367916e+09
2.131360e+00 2.764714e+09
2.242340e+00 1.053751e+09
2.359100e+00 3.870838e+08
2.481930e+00 1.364644e+08
2.611160e+00 4.418219e+07
2.747120e+00 1.395455e+07
2.890160e+00 4.082281e+06
3.040650e+00 1.106979e+06
3.198970e+00 2.756957e+05
3.365530e+00 6.617330e+04
3.540770e+00 1.512829e+04
3.725140e+00 3.149955e+03
3.919100e+00 6.142358e+02
4.123160e+00 1.188353e+02
4.337850e+00 1.980595e+01
4.563720e+00 2.810152e+00
4.801340e+00 5.335976e-01
5.051340e+00 1.584103e-01
5.314360e+00 3.473915e-02
5.591070e+00 1.281528e-02
5.882190e+00 3.286622e-03
6.188470e+00 1.233228e-03
6.510690e+00 3.096512e-04
6.849700e+00 0.000000e+00
7.206350e+00 0.000000e+00
7.581580e+00 0.000000e+00
7.976340e+00 0.000000e+00
8.391660e+00 0.000000e+00
8.828600e+00 0.000000e+00
9.288290e+00 0.000000e+00
9.771920e+00 0.000000e+00
1.028070e+01 0.000000e+00
1.081600e+01 0.000000e+00
1.137920e+01 0.000000e+00
1.197170e+01 0.000000e+00
1.259510e+01 0.000000e+00
1.325090e+01 0.000000e+00
1.394080e+01 0.000000e+00
1.466670e+01 0.000000e+00
1.543040e+01 0.000000e+00
1.623380e+01 0.000000e+00
1.707910e+01 0.000000e+00
1.796840e+01 0.000000e+00
1.890400e+01 0.000000e+00
1.988830e+01 0.000000e+00
2.092380e+01 0.000000e+00
2.201330e+01 0.000000e+00
2.315950e+01 0.000000e+00
2.436540e+01 0.000000e+00
2.563410e+01 0.000000e+00
2.696880e+01 0.000000e+00
2.837300e+01 0.000000e+00
2.985040e+01 0.000000e+00
3.140470e+01 0.000000e+00
3.303990e+01 0.000000e+00
3.476020e+01 0.000000e+00
3.657010e+01 0.000000e+00
3.847430e+01 0.000000e+00
4.047760e+01 0.000000e+00
4.258520e+01 0.000000e+00
4.480250e+01 0.000000e+00
4.713530e+01 0.000000e+00
4.958960e+01 0.000000e+00
5.217170e+01 0.000000e+00
5.488820e+01 0.000000e+00
5.774620e+01 0.000000e+00
6.075290e+01 0.000000e+00
6.391620e+01 0.000000e+00
6.724430e+01 0.000000e+00
7.074560e+01 0.000000e+00
7.442920e+01 0.000000e+00
7.830470e+01 0.000000e+00
8.238190e+01 0.000000e+00
