# # E_gamma (MeV)  Final State Radiation (MeV^-1 s^-1)
5.145440e-01 7.839043e-230
5.413360e-01 3.073301e-230
5.695230e-01 2.595561e-230
5.991770e-01 5.935576e-256
6.303750e-01 5.140690e-256
6.631980e-01 4.098652e-256
6.977300e-01 3.437667e-256
7.340600e-01 6.718525e-285
7.722810e-01 5.081629e-285
8.124930e-01 4.295797e-285
8.547980e-01 2.197988e-300
8.993070e-01 1.840369e-300
9.461320e-01 0.000000e+00
9.953960e-01 0.000000e+00
1.047230e+00 0.000000e+00
1.101750e+00 0.000000e+00
1.159120e+00 0.000000e+00
1.219470e+00 0.000000e+00
1.282970e+00 0.000000e+00
1.349770e+00 0.000000e+00
1.420050e+00 0.000000e+00
