# # E_gamma (MeV)  Final State Radiation (MeV^-1 s^-1)
5.145440e-01 1.284739e-07
5.413360e-01 1.696201e-09
5.695230e-01 1.473408e-09
5.991770e-01 1.205285e-09
6.303750e-01 1.015780e-09
6.631980e-01 3.701311e-12
6.977300e-01 3.201640e-12
7.340600e-01 2.612631e-12
7.722810e-01 1.878751e-13
8.124930e-01 1.591059e-13
8.547980e-01 8.986591e-15
8.993070e-01 7.535666e-15
9.461320e-01 3.137348e-16
9.953960e-01 1.076967e-17
1.047230e+00 9.020143e-18
1.101750e+00 7.656837e-21
1.159120e+00 2.675297e-21
1.219470e+00 2.233985e-21
1.282970e+00 7.807760e-23
1.349770e+00 2.148770e-26
1.420050e+00 1.055314e-26
1.493990e+00 8.809637e-27
1.571780e+00 1.092938e-31
1.653620e+00 7.063636e-33
1.739730e+00 4.243157e-34
1.830310e+00 3.521955e-34
1.925610e+00 4.972598e-36
2.025880e+00 1.280304e-38
2.131360e+00 2.461996e-44
2.242340e+00 2.722970e-46
2.359100e+00 2.243430e-46
2.481930e+00 4.127766e-49
2.611160e+00 2.974236e-49
2.747120e+00 1.393244e-52
2.890160e+00 1.065552e-59
3.040650e+00 9.555881e-61
3.198970e+00 7.767124e-61
3.365530e+00 1.661122e-63
3.540770e+00 1.305116e-68
3.725140e+00 1.579086e-75
3.919100e+00 6.291755e-76
4.123160e+00 1.435188e-80
4.337850e+00 1.132513e-85
4.563720e+00 4.827512e-91
4.801340e+00 3.826459e-91
5.051340e+00 8.606443e-97
5.314360e+00 4.080960e-107
5.591070e+00 2.137298e-107
5.882190e+00 4.801523e-120
6.188470e+00 1.359645e-120
6.510690e+00 3.400727e-134
6.849700e+00 1.765593e-142
7.206350e+00 3.661838e-150
7.581580e+00 2.834508e-154
7.976340e+00 1.336214e-158
8.391660e+00 8.940878e-168
8.828600e+00 1.047850e-175
9.288290e+00 1.793150e-185
9.771920e+00 2.537947e-196
1.028070e+01 1.933330e-196
1.081600e+01 2.511757e-207
1.137920e+01 1.997191e-230
1.197170e+01 7.610144e-243
1.259510e+01 3.450469e-243
1.325090e+01 5.381452e-257
1.394080e+01 4.265206e-285
1.466670e+01 2.237254e-285
1.543040e+01 0.000000e+00
