# E_gamma(MeV)   IFA_primary_masked(MeV^-1 s^-1)
5.145440e-01 2.857349e-02
5.413360e-01 3.274146e-02
5.695230e-01 3.545232e-02
5.991770e-01 2.390910e-02
6.303750e-01 1.576834e-02
6.631980e-01 1.005242e-02
6.977300e-01 6.103215e-03
7.340600e-01 3.472512e-03
7.722810e-01 1.835746e-03
8.124930e-01 9.073089e-04
8.547980e-01 4.302821e-04
8.993070e-01 2.232858e-04
9.461320e-01 1.499265e-04
9.953960e-01 1.020721e-04
1.047230e+00 5.219380e-05
1.101750e+00 2.185559e-05
1.159120e+00 1.019703e-05
1.219470e+00 3.449466e-06
1.282970e+00 1.480711e-06
1.349770e+00 5.132609e-07
1.420050e+00 1.840964e-07
1.493990e+00 7.028988e-08
1.571780e+00 0.000000e+00
1.653620e+00 0.000000e+00
1.739730e+00 0.000000e+00
1.830310e+00 0.000000e+00
1.925610e+00 0.000000e+00
2.025880e+00 0.000000e+00
2.131360e+00 0.000000e+00
2.242340e+00 0.000000e+00
2.359100e+00 0.000000e+00
2.481930e+00 0.000000e+00
2.611160e+00 0.000000e+00
2.747120e+00 0.000000e+00
2.890160e+00 0.000000e+00
3.040650e+00 0.000000e+00
3.198970e+00 0.000000e+00
3.365530e+00 0.000000e+00
3.540770e+00 0.000000e+00
3.725140e+00 0.000000e+00
3.919100e+00 0.000000e+00
4.123160e+00 0.000000e+00
4.337850e+00 0.000000e+00
4.563720e+00 0.000000e+00
4.801340e+00 0.000000e+00
5.051340e+00 0.000000e+00
5.314360e+00 0.000000e+00
5.591070e+00 0.000000e+00
5.882190e+00 0.000000e+00
6.188470e+00 0.000000e+00
6.510690e+00 0.000000e+00
6.849700e+00 0.000000e+00
7.206350e+00 0.000000e+00
7.581580e+00 0.000000e+00
7.976340e+00 0.000000e+00
8.391660e+00 0.000000e+00
8.828600e+00 0.000000e+00
9.288290e+00 0.000000e+00
9.771920e+00 0.000000e+00
1.028070e+01 0.000000e+00
1.081600e+01 0.000000e+00
1.137920e+01 0.000000e+00
1.197170e+01 0.000000e+00
1.259510e+01 0.000000e+00
1.325090e+01 0.000000e+00
1.394080e+01 0.000000e+00
1.466670e+01 0.000000e+00
1.543040e+01 0.000000e+00
1.623380e+01 0.000000e+00
