# # E_gamma (MeV)  Final State Radiation (MeV^-1 s^-1)
5.145440e-01 3.393827e+20
5.413360e-01 3.225685e+20
5.695230e-01 3.065865e+20
5.991770e-01 2.913958e+20
6.303750e-01 2.769569e+20
6.631980e-01 2.632324e+20
6.977300e-01 2.501872e+20
7.340600e-01 2.377876e+20
7.722810e-01 2.260019e+20
8.124930e-01 2.147992e+20
8.547980e-01 2.041512e+20
8.993070e-01 1.940299e+20
9.461320e-01 1.844098e+20
9.953960e-01 1.752657e+20
1.047230e+00 1.665733e+20
1.101750e+00 1.583132e+20
1.159120e+00 1.504602e+20
1.219470e+00 1.429968e+20
1.282970e+00 1.359019e+20
1.349770e+00 1.291588e+20
1.420050e+00 1.227493e+20
1.493990e+00 1.166569e+20
1.571780e+00 1.108660e+20
1.653620e+00 1.053618e+20
1.739730e+00 1.001295e+20
1.830310e+00 9.515689e+19
1.925610e+00 9.043021e+19
2.025880e+00 8.593711e+19
2.131360e+00 8.166684e+19
2.242340e+00 7.760762e+19
2.359100e+00 7.374928e+19
2.481930e+00 7.008218e+19
2.611160e+00 6.659645e+19
2.747120e+00 6.328321e+19
2.890160e+00 6.013394e+19
3.040650e+00 5.714050e+19
3.198970e+00 5.429533e+19
3.365530e+00 5.159102e+19
3.540770e+00 4.902046e+19
3.725140e+00 4.657705e+19
3.919100e+00 4.425470e+19
4.123160e+00 4.204729e+19
4.337850e+00 3.994909e+19
4.563720e+00 3.795473e+19
4.801340e+00 3.605918e+19
5.051340e+00 3.425739e+19
5.314360e+00 3.254477e+19
5.591070e+00 3.091695e+19
5.882190e+00 2.936970e+19
6.188470e+00 2.789903e+19
6.510690e+00 2.650120e+19
6.849700e+00 2.517251e+19
7.206350e+00 2.390964e+19
7.581580e+00 2.270926e+19
7.976340e+00 2.156833e+19
8.391660e+00 2.048386e+19
8.828600e+00 1.945311e+19
9.288290e+00 1.847338e+19
9.771920e+00 1.754216e+19
1.028070e+01 1.665711e+19
1.081600e+01 1.581583e+19
1.137920e+01 1.501617e+19
1.197170e+01 1.425616e+19
1.259510e+01 1.353373e+19
1.325090e+01 1.284714e+19
1.394080e+01 1.219461e+19
1.466670e+01 1.157434e+19
1.543040e+01 1.098480e+19
1.623380e+01 1.042452e+19
1.707910e+01 9.891958e+18
1.796840e+01 9.385803e+18
1.890400e+01 8.904743e+18
1.988830e+01 8.447540e+18
2.092380e+01 8.013031e+18
2.201330e+01 7.600041e+18
2.315950e+01 7.207550e+18
2.436540e+01 6.834530e+18
2.563410e+01 6.480022e+18
2.696880e+01 6.143132e+18
2.837300e+01 5.822972e+18
2.985040e+01 5.518702e+18
3.140470e+01 5.229561e+18
3.303990e+01 4.954804e+18
3.476020e+01 4.693721e+18
3.657010e+01 4.445630e+18
3.847430e+01 4.209887e+18
4.047760e+01 3.985898e+18
4.258520e+01 3.773080e+18
4.480250e+01 3.570885e+18
4.713530e+01 3.378785e+18
4.958960e+01 3.196285e+18
5.217170e+01 3.022916e+18
5.488820e+01 2.858235e+18
5.774620e+01 2.701808e+18
6.075290e+01 2.553241e+18
6.391620e+01 2.412141e+18
6.724430e+01 2.278141e+18
7.074560e+01 2.150902e+18
7.442920e+01 2.030090e+18
7.830470e+01 1.915389e+18
8.238190e+01 1.806506e+18
8.667140e+01 1.703156e+18
9.118430e+01 1.605068e+18
9.593210e+01 1.511990e+18
1.009270e+02 1.423677e+18
1.061820e+02 1.339897e+18
1.117110e+02 1.260425e+18
1.175280e+02 1.185055e+18
1.236470e+02 1.113601e+18
1.300850e+02 1.045857e+18
1.368590e+02 9.816403e+17
1.439850e+02 9.207941e+17
1.514820e+02 8.631476e+17
1.593690e+02 8.085471e+17
1.676680e+02 7.568331e+17
1.763980e+02 7.078789e+17
1.855830e+02 6.615398e+17
1.952460e+02 6.176898e+17
2.054120e+02 5.762041e+17
2.161070e+02 5.369647e+17
2.273600e+02 4.998526e+17
2.391980e+02 4.647655e+17
2.516530e+02 4.315934e+17
2.647560e+02 4.002382e+17
2.785410e+02 3.706016e+17
2.930450e+02 3.425861e+17
3.083030e+02 3.161055e+17
3.243560e+02 2.910685e+17
3.412450e+02 2.673906e+17
3.590130e+02 2.449902e+17
3.777060e+02 2.237879e+17
3.973730e+02 2.037075e+17
4.180640e+02 1.846788e+17
4.398320e+02 1.666375e+17
4.627330e+02 1.495262e+17
4.868270e+02 1.332968e+17
5.121760e+02 1.179180e+17
5.388440e+02 1.033727e+17
5.669010e+02 8.966780e+16
5.964180e+02 7.683409e+16
6.274730e+02 6.491794e+16
6.601450e+02 5.400171e+16
6.945180e+02 4.415860e+16
7.306800e+02 3.545863e+16
7.687260e+02 2.794857e+16
8.087520e+02 2.162649e+16
8.508630e+02 1.644458e+16
8.951660e+02 1.230664e+16
9.417770e+02 9.088929e+15
9.908140e+02 6.635821e+15
1.042400e+03 4.804186e+15
1.096680e+03 3.456667e+15
1.153780e+03 2.469570e+15
1.213860e+03 1.750246e+15
1.277060e+03 1.222185e+15
1.343560e+03 8.331897e+14
1.413520e+03 5.497462e+14
1.487120e+03 3.477757e+14
1.564550e+03 2.109860e+14
1.646010e+03 1.237439e+14
1.731720e+03 7.056595e+13
1.821890e+03 3.977828e+13
1.916750e+03 2.216518e+13
2.016550e+03 1.210523e+13
2.121550e+03 6.399598e+12
2.232020e+03 3.160962e+12
2.348230e+03 1.467479e+12
2.470500e+03 6.593066e+11
2.599140e+03 2.868772e+11
2.734470e+03 1.240385e+11
2.876850e+03 5.054589e+10
3.026650e+03 1.869514e+10
3.184240e+03 6.708205e+09
3.350040e+03 2.272525e+09
3.524470e+03 7.491362e+08
3.707990e+03 2.302015e+08
3.901060e+03 6.209107e+07
4.104180e+03 1.689645e+07
4.317880e+03 4.255057e+06
4.542710e+03 9.065403e+05
4.779240e+03 2.041994e+05
5.028090e+03 3.956733e+04
5.289890e+03 6.727464e+03
5.565330e+03 1.162449e+03
5.855110e+03 1.609609e+02
6.159980e+03 2.242454e+01
6.480720e+03 2.715981e+00
6.818160e+03 2.444805e-01
7.173170e+03 2.858154e-02
7.546670e+03 2.135107e-03
7.939620e+03 1.529731e-04
8.353020e+03 1.099445e-05
8.787950e+03 4.920931e-07
9.245530e+03 2.728888e-08
9.726930e+03 1.250212e-09
1.023340e+04 4.244480e-11
1.076620e+04 1.185704e-12
1.132680e+04 3.246979e-14
1.191660e+04 7.339363e-16
1.253710e+04 1.127271e-17
1.318990e+04 1.553257e-19
1.387660e+04 1.954835e-21
1.459920e+04 1.542963e-23
1.535930e+04 1.068691e-25
1.615910e+04 6.265557e-28
1.700050e+04 2.192145e-30
1.788570e+04 7.663599e-33
1.881690e+04 1.541433e-35
1.979670e+04 2.734459e-38
2.082750e+04 2.989213e-41
2.191200e+04 2.655596e-44
2.305290e+04 1.362199e-47
2.425320e+04 6.019163e-51
2.551610e+04 1.331703e-54
2.684460e+04 2.409807e-58
2.824240e+04 2.660741e-62
2.971300e+04 1.541917e-66
3.126010e+04 6.248699e-71
3.288770e+04 1.612858e-75
3.460020e+04 2.209425e-80
3.640170e+04 1.586911e-85
3.829710e+04 6.163471e-91
4.029120e+04 1.282628e-96
4.238910e+04 1.383755e-102
4.459630e+04 7.484547e-109
4.691830e+04 1.945838e-115
4.936130e+04 2.212141e-122
5.193150e+04 9.786200e-130
5.463550e+04 1.895519e-137
5.748030e+04 1.752247e-145
6.047320e+04 4.634004e-154
6.362200e+04 5.802454e-163
6.693470e+04 1.876577e-172
7.041990e+04 2.516378e-182
7.408660e+04 9.716565e-193
7.794420e+04 9.788614e-204
8.200260e+04 2.702750e-215
8.627240e+04 1.958904e-227
9.076450e+04 3.361063e-240
9.549040e+04 1.097811e-253
1.004630e+05 7.490103e-268
1.056930e+05 1.051692e-282
1.111970e+05 2.288240e-298
1.169870e+05 0.000000e+00
