Hawking secondary spectra for each particle type.
energy/particle         photon       electron           nu_e          nu_mu         nu_tau         proton
    1.00000e-06    6.68557e-24    0.00000e+00    7.96718e-22    3.40058e-22    0.00000e+00    0.00000e+00
    1.05207e-06    3.37885e+15    0.00000e+00    2.10946e+18    2.10946e+18    2.10946e+18    0.00000e+00
    1.10685e-06    3.91979e+15    0.00000e+00    2.32673e+18    2.32673e+18    2.32673e+18    0.00000e+00
    1.16448e-06    4.54730e+15    0.00000e+00    2.56638e+18    2.56638e+18    2.56638e+18    0.00000e+00
    1.22511e-06    5.27527e+15    0.00000e+00    2.83071e+18    2.83071e+18    2.83071e+18    0.00000e+00
    1.28890e-06    6.11982e+15    0.00000e+00    3.12228e+18    3.12228e+18    3.12228e+18    0.00000e+00
    1.35602e-06    7.09971e+15    0.00000e+00    3.44392e+18    3.44392e+18    3.44392e+18    0.00000e+00
    1.42662e-06    8.23623e+15    0.00000e+00    3.79861e+18    3.79861e+18    3.79861e+18    0.00000e+00
    1.50090e-06    9.55477e+15    0.00000e+00    4.18986e+18    4.18986e+18    4.18986e+18    0.00000e+00
    1.57905e-06    1.10845e+16    0.00000e+00    4.62142e+18    4.62142e+18    4.62142e+18    0.00000e+00
    1.66127e-06    1.28590e+16    0.00000e+00    5.09744e+18    5.09744e+18    5.09744e+18    0.00000e+00
    1.74777e-06    1.49177e+16    0.00000e+00    5.62248e+18    5.62248e+18    5.62248e+18    0.00000e+00
    1.83878e-06    1.73061e+16    0.00000e+00    6.20164e+18    6.20164e+18    6.20164e+18    0.00000e+00
    1.93452e-06    2.00767e+16    0.00000e+00    6.84040e+18    6.84040e+18    6.84040e+18    0.00000e+00
    2.03525e-06    2.32909e+16    0.00000e+00    7.54498e+18    7.54498e+18    7.54498e+18    0.00000e+00
    2.14122e-06    2.70196e+16    0.00000e+00    8.32210e+18    8.32210e+18    8.32210e+18    0.00000e+00
    2.25271e-06    3.13453e+16    0.00000e+00    9.17928e+18    9.17928e+18    9.17928e+18    0.00000e+00
    2.37001e-06    3.63638e+16    0.00000e+00    1.01248e+19    1.01248e+19    1.01248e+19    0.00000e+00
    2.49341e-06    4.21853e+16    0.00000e+00    1.11676e+19    1.11676e+19    1.11676e+19    0.00000e+00
    2.62324e-06    4.89390e+16    0.00000e+00    1.23179e+19    1.23179e+19    1.23179e+19    0.00000e+00
    2.75983e-06    5.45554e+16    0.00000e+00    1.34595e+19    1.34595e+19    1.34595e+19    0.00000e+00
    2.90353e-06    6.51405e+16    0.00000e+00    1.48720e+19    1.48720e+19    1.48720e+19    0.00000e+00
    3.05471e-06    7.74720e+16    0.00000e+00    1.64338e+19    1.64338e+19    1.64338e+19    0.00000e+00
    3.21376e-06    9.13907e+16    0.00000e+00    1.81533e+19    1.81533e+19    1.81533e+19    0.00000e+00
    3.38110e-06    1.06822e+17    0.00000e+00    2.00564e+19    2.00564e+19    2.00564e+19    0.00000e+00
    3.55715e-06    1.23561e+17    0.00000e+00    2.21549e+19    2.21549e+19    2.21549e+19    0.00000e+00
    3.74237e-06    1.41660e+17    0.00000e+00    2.44665e+19    2.44665e+19    2.44665e+19    0.00000e+00
    3.93723e-06    1.61657e+17    0.00000e+00    2.70260e+19    2.70260e+19    2.70260e+19    0.00000e+00
    4.14223e-06    1.84346e+17    0.00000e+00    2.98426e+19    2.98426e+19    2.98426e+19    0.00000e+00
    4.35791e-06    2.11159e+17    0.00000e+00    3.29501e+19    3.29501e+19    3.29501e+19    0.00000e+00
    4.58482e-06    2.44028e+17    0.00000e+00    3.63808e+19    3.63808e+19    3.63808e+19    0.00000e+00
    4.82355e-06    2.84316e+17    0.00000e+00    4.01536e+19    4.01536e+19    4.01536e+19    0.00000e+00
    5.07471e-06    3.34201e+17    0.00000e+00    4.43214e+19    4.43214e+19    4.43214e+19    0.00000e+00
    5.33894e-06    3.93647e+17    0.00000e+00    4.89105e+19    4.89105e+19    4.89105e+19    0.00000e+00
    5.61693e-06    4.61726e+17    0.00000e+00    5.39562e+19    5.39562e+19    5.39562e+19    0.00000e+00
    5.90940e-06    5.37027e+17    0.00000e+00    5.95341e+19    5.95341e+19    5.95341e+19    0.00000e+00
    6.21709e-06    6.18642e+17    0.00000e+00    6.56626e+19    6.56626e+19    6.56626e+19    0.00000e+00
    6.54081e-06    7.09591e+17    0.00000e+00    7.24117e+19    7.24117e+19    7.24117e+19    0.00000e+00
    6.88138e-06    8.17470e+17    0.00000e+00    7.98497e+19    7.98497e+19    7.98497e+19    0.00000e+00
    7.23968e-06    9.48929e+17    0.00000e+00    8.80135e+19    8.80135e+19    8.80135e+19    0.00000e+00
    7.61664e-06    1.11070e+18    0.00000e+00    9.70118e+19    9.70118e+19    9.70118e+19    0.00000e+00
    8.01323e-06    1.29794e+18    0.00000e+00    1.06899e+20    1.06899e+20    1.06899e+20    0.00000e+00
    8.43047e-06    1.50375e+18    0.00000e+00    1.17747e+20    1.17747e+20    1.17747e+20    0.00000e+00
    8.86943e-06    1.73051e+18    0.00000e+00    1.29709e+20    1.29709e+20    1.29709e+20    0.00000e+00
    9.33125e-06    1.99481e+18    0.00000e+00    1.42818e+20    1.42818e+20    1.42818e+20    0.00000e+00
    9.81712e-06    2.31886e+18    0.00000e+00    1.57210e+20    1.57210e+20    1.57210e+20    0.00000e+00
    1.03283e-05    2.70415e+18    0.00000e+00    1.73026e+20    1.73026e+20    1.73026e+20    0.00000e+00
    1.08661e-05    3.12971e+18    0.00000e+00    1.90338e+20    1.90338e+20    1.90338e+20    0.00000e+00
    1.14318e-05    3.60271e+18    0.00000e+00    2.09357e+20    2.09357e+20    2.09357e+20    0.00000e+00
    1.20271e-05    4.16949e+18    0.00000e+00    2.30191e+20    2.30191e+20    2.30191e+20    0.00000e+00
    1.26533e-05    4.84749e+18    0.00000e+00    2.52963e+20    2.52963e+20    2.52963e+20    0.00000e+00
    1.33122e-05    5.60553e+18    0.00000e+00    2.77975e+20    2.77975e+20    2.77975e+20    0.00000e+00
    1.40053e-05    6.45602e+18    0.00000e+00    3.05283e+20    3.05283e+20    3.05283e+20    0.00000e+00
    1.47345e-05    7.48246e+18    0.00000e+00    3.35142e+20    3.35142e+20    3.35142e+20    0.00000e+00
    1.55018e-05    8.66330e+18    0.00000e+00    3.67815e+20    3.67815e+20    3.67815e+20    0.00000e+00
    1.63089e-05    9.97139e+18    0.00000e+00    4.03419e+20    4.03419e+20    4.03419e+20    0.00000e+00
    1.71581e-05    1.15451e+19    0.00000e+00    4.42342e+20    4.42342e+20    4.42342e+20    0.00000e+00
    1.80515e-05    1.33336e+19    0.00000e+00    4.84764e+20    4.84764e+20    4.84764e+20    0.00000e+00
    1.89914e-05    1.53485e+19    0.00000e+00    5.30916e+20    5.30916e+20    5.30916e+20    0.00000e+00
    1.99803e-05    1.77588e+19    0.00000e+00    5.81301e+20    5.81301e+20    5.81301e+20    0.00000e+00
    2.10206e-05    2.04388e+19    0.00000e+00    6.36013e+20    6.36013e+20    6.36013e+20    0.00000e+00
    2.21151e-05    2.35967e+19    0.00000e+00    6.95487e+20    6.95487e+20    6.95487e+20    0.00000e+00
    2.32666e-05    2.71621e+19    0.00000e+00    7.60153e+20    7.60153e+20    7.60153e+20    0.00000e+00
    2.44781e-05    3.13048e+19    0.00000e+00    8.30205e+20    8.30205e+20    8.30205e+20    0.00000e+00
    2.57526e-05    3.60043e+19    0.00000e+00    9.06257e+20    9.06257e+20    9.06257e+20    0.00000e+00
    2.70935e-05    4.14687e+19    0.00000e+00    9.88601e+20    9.88601e+20    9.88601e+20    0.00000e+00
    2.85043e-05    4.76282e+19    0.00000e+00    1.07761e+21    1.07761e+21    1.07761e+21    0.00000e+00
    2.99884e-05    5.47959e+19    0.00000e+00    1.17402e+21    1.17402e+21    1.17402e+21    0.00000e+00
    3.15499e-05    6.29609e+19    0.00000e+00    1.27802e+21    1.27802e+21    1.27802e+21    0.00000e+00
    3.31927e-05    7.22588e+19    0.00000e+00    1.39026e+21    1.39026e+21    1.39026e+21    0.00000e+00
    3.49210e-05    8.29579e+19    0.00000e+00    1.51133e+21    1.51133e+21    1.51133e+21    0.00000e+00
    3.67392e-05    9.51434e+19    0.00000e+00    1.64155e+21    1.64155e+21    1.64155e+21    0.00000e+00
    3.86522e-05    1.09064e+20    0.00000e+00    1.78179e+21    1.78179e+21    1.78179e+21    0.00000e+00
    4.06648e-05    1.24911e+20    0.00000e+00    1.93239e+21    1.93239e+21    1.93239e+21    0.00000e+00
    4.27821e-05    1.42937e+20    0.00000e+00    2.09379e+21    2.09379e+21    2.09379e+21    0.00000e+00
    4.50098e-05    1.63615e+20    0.00000e+00    2.26683e+21    2.26683e+21    2.26683e+21    0.00000e+00
    4.73533e-05    1.86968e+20    0.00000e+00    2.45150e+21    2.45150e+21    2.45150e+21    0.00000e+00
    4.98190e-05    2.13608e+20    0.00000e+00    2.64812e+21    2.64812e+21    2.64812e+21    0.00000e+00
    5.24130e-05    2.43836e+20    0.00000e+00    2.85654e+21    2.85654e+21    2.85654e+21    0.00000e+00
    5.51421e-05    2.78063e+20    0.00000e+00    3.07607e+21    3.07607e+21    3.07607e+21    0.00000e+00
    5.80132e-05    3.16802e+20    0.00000e+00    3.30525e+21    3.30525e+21    3.30525e+21    0.00000e+00
    6.10339e-05    3.60709e+20    0.00000e+00    3.54146e+21    3.54146e+21    3.54146e+21    0.00000e+00
    6.42119e-05    4.10006e+20    0.00000e+00    3.78130e+21    3.78130e+21    3.78130e+21    0.00000e+00
    6.75553e-05    4.65691e+20    0.00000e+00    4.01638e+21    4.01638e+21    4.01638e+21    0.00000e+00
    7.10728e-05    5.27957e+20    0.00000e+00    4.23971e+21    4.23971e+21    4.23971e+21    0.00000e+00
    7.47735e-05    5.97512e+20    0.00000e+00    4.43816e+21    4.43816e+21    4.43816e+21    0.00000e+00
    7.86668e-05    6.74870e+20    0.00000e+00    4.59277e+21    4.59277e+21    4.59277e+21    0.00000e+00
    8.27629e-05    7.59855e+20    0.00000e+00    4.69004e+21    4.69004e+21    4.69004e+21    0.00000e+00
    8.70722e-05    8.52493e+20    0.00000e+00    4.70200e+21    4.70200e+21    4.70200e+21    0.00000e+00
    9.16060e-05    9.51279e+20    0.00000e+00    4.61451e+21    4.61451e+21    4.61451e+21    0.00000e+00
    9.63758e-05    1.05430e+21    0.00000e+00    4.42021e+21    4.42021e+21    4.42021e+21    0.00000e+00
    1.01394e-04    1.15658e+21    0.00000e+00    4.10592e+21    4.10592e+21    4.10592e+21    0.00000e+00
    1.06673e-04    1.25178e+21    0.00000e+00    3.69980e+21    3.69980e+21    3.69980e+21    0.00000e+00
    1.12228e-04    1.32950e+21    0.00000e+00    3.22355e+21    3.22355e+21    3.22355e+21    0.00000e+00
    1.18071e-04    1.37387e+21    0.00000e+00    2.71618e+21    2.71618e+21    2.71618e+21    0.00000e+00
    1.24219e-04    1.37368e+21    0.00000e+00    2.21284e+21    2.21284e+21    2.21284e+21    0.00000e+00
    1.30687e-04    1.31189e+21    0.00000e+00    1.74967e+21    1.74967e+21    1.74967e+21    0.00000e+00
    1.37492e-04    1.18948e+21    0.00000e+00    1.34548e+21    1.34548e+21    1.34548e+21    0.00000e+00
    1.44651e-04    1.01885e+21    0.00000e+00    1.00657e+21    1.00657e+21    1.00657e+21    0.00000e+00
    1.52183e-04    8.21790e+20    0.00000e+00    7.45112e+20    7.45112e+20    7.45112e+20    0.00000e+00
    1.60106e-04    6.27334e+20    0.00000e+00    5.43241e+20    5.43241e+20    5.43241e+20    0.00000e+00
    1.68443e-04    4.55493e+20    0.00000e+00    3.95619e+20    3.95619e+20    3.95619e+20    0.00000e+00
    1.77214e-04    3.18983e+20    0.00000e+00    2.91574e+20    2.91574e+20    2.91574e+20    0.00000e+00
    1.86441e-04    2.15104e+20    0.00000e+00    2.15806e+20    2.15806e+20    2.15806e+20    0.00000e+00
    1.96149e-04    1.43269e+20    0.00000e+00    1.60614e+20    1.60614e+20    1.60614e+20    0.00000e+00
    2.06362e-04    9.46709e+19    0.00000e+00    1.16709e+20    1.16709e+20    1.16709e+20    0.00000e+00
    2.17107e-04    6.25565e+19    0.00000e+00    8.04586e+19    8.04586e+19    8.04586e+19    0.00000e+00
    2.28411e-04    4.28017e+19    0.00000e+00    5.26682e+19    5.26682e+19    5.26682e+19    0.00000e+00
    2.40304e-04    2.90917e+19    0.00000e+00    3.22049e+19    3.22049e+19    3.22049e+19    0.00000e+00
    2.52817e-04    1.90967e+19    0.00000e+00    1.87556e+19    1.87556e+19    1.87556e+19    0.00000e+00
    2.65980e-04    1.17421e+19    0.00000e+00    1.07548e+19    1.07548e+19    1.07548e+19    0.00000e+00
    2.79830e-04    6.58266e+18    0.00000e+00    6.03551e+18    6.03551e+18    6.03551e+18    0.00000e+00
    2.94400e-04    3.51870e+18    0.00000e+00    3.48947e+18    3.48947e+18    3.48947e+18    0.00000e+00
    3.09729e-04    1.80817e+18    0.00000e+00    1.98751e+18    1.98751e+18    1.98751e+18    0.00000e+00
    3.25856e-04    9.05835e+17    0.00000e+00    1.04549e+18    1.04549e+18    1.04549e+18    0.00000e+00
    3.42823e-04    4.80985e+17    0.00000e+00    5.20387e+17    5.20387e+17    5.20387e+17    0.00000e+00
    3.60673e-04    2.42339e+17    0.00000e+00    2.35145e+17    2.35145e+17    2.35145e+17    0.00000e+00
    3.79453e-04    1.11209e+17    0.00000e+00    1.03349e+17    1.03349e+17    1.03349e+17    0.00000e+00
    3.99211e-04    4.74684e+16    0.00000e+00    4.68431e+16    4.68431e+16    4.68431e+16    0.00000e+00
    4.19997e-04    1.84384e+16    0.00000e+00    2.01167e+16    2.01167e+16    2.01167e+16    0.00000e+00
    4.41866e-04    7.51170e+15    0.00000e+00    8.08661e+15    8.08661e+15    8.08661e+15    0.00000e+00
    4.64873e-04    2.97816e+15    0.00000e+00    2.91401e+15    2.91401e+15    2.91401e+15    0.00000e+00
    4.89079e-04    1.01224e+15    0.00000e+00    9.59545e+14    9.59545e+14    9.59545e+14    0.00000e+00
    5.14544e-04    3.41909e+14    7.03682e+14    3.51856e+14    3.51856e+14    3.51856e+14    0.00000e+00
    5.41336e-04    1.03623e+14    2.21733e+14    1.10866e+14    1.10866e+14    1.10866e+14    0.00000e+00
    5.69523e-04    3.16531e+13    6.18281e+13    3.09141e+13    3.09141e+13    3.09141e+13    0.00000e+00
    5.99177e-04    8.97921e+12    1.73682e+13    8.68411e+12    8.68411e+12    8.68411e+12    0.00000e+00
    6.30375e-04    2.07322e+12    4.39302e+12    2.19651e+12    2.19651e+12    2.19651e+12    0.00000e+00
    6.63198e-04    5.27523e+11    1.06741e+12    5.33704e+11    5.33704e+11    5.33704e+11    0.00000e+00
    6.97730e-04    1.17659e+11    2.26843e+11    1.13421e+11    1.13421e+11    1.13421e+11    0.00000e+00
    7.34060e-04    2.02808e+10    4.27448e+10    2.13724e+10    2.13724e+10    2.13724e+10    0.00000e+00
    7.72281e-04    4.35885e+09    8.73338e+09    4.36669e+09    4.36669e+09    4.36669e+09    0.00000e+00
    8.12493e-04    6.93769e+08    1.36829e+09    6.84147e+08    6.84147e+08    6.84147e+08    0.00000e+00
    8.54798e-04    1.02183e+08    2.10431e+08    1.05215e+08    1.05215e+08    1.05215e+08    0.00000e+00
    8.99307e-04    1.54678e+07    3.00925e+07    1.50462e+07    1.50462e+07    1.50462e+07    0.00000e+00
    9.46132e-04    1.61034e+06    3.34983e+06    1.67492e+06    1.67492e+06    1.67492e+06    0.00000e+00
    9.95396e-04    2.05932e+05    4.05881e+05    2.02941e+05    2.02941e+05    2.02941e+05    0.00000e+00
    1.04723e-03    1.92234e+04    3.94992e+04    1.97496e+04    1.97496e+04    1.97496e+04    0.00000e+00
    1.10175e-03    1.34321e+03    2.61032e+03    1.30516e+03    1.30516e+03    1.30516e+03    0.00000e+00
    1.15912e-03    1.32831e+02    2.71101e+02    1.35550e+02    1.35550e+02    1.35550e+02    0.00000e+00
    1.21947e-03    7.68099e+00    1.50695e+01    7.53477e+00    7.53477e+00    7.53477e+00    0.00000e+00
    1.28297e-03    4.41279e-01    8.86972e-01    4.43486e-01    4.43486e-01    4.43486e-01    0.00000e+00
    1.34977e-03    2.19913e-02    4.36623e-02    2.18311e-02    2.18311e-02    2.18311e-02    0.00000e+00
    1.42005e-03    1.06123e-03    2.10070e-03    1.05035e-03    1.05035e-03    1.05035e-03    0.00000e+00
    1.49399e-03    3.82242e-05    7.54236e-05    3.77118e-05    3.77118e-05    3.77118e-05    0.00000e+00
    1.57178e-03    1.08110e-06    2.13198e-06    1.06599e-06    1.06599e-06    1.06599e-06    0.00000e+00
    1.65362e-03    2.96686e-08    5.85354e-08    2.92677e-08    2.92677e-08    2.92677e-08    0.00000e+00
    1.73973e-03    7.14793e-10    1.40240e-09    7.01200e-10    7.01200e-10    7.01200e-10    0.00000e+00
    1.83031e-03    1.16839e-11    2.27889e-11    1.13944e-11    1.13944e-11    1.13944e-11    0.00000e+00
    1.92561e-03    1.59075e-13    3.11577e-13    1.55788e-13    1.55788e-13    1.55788e-13    0.00000e+00
    2.02588e-03    2.10093e-15    4.09955e-15    2.04978e-15    2.04978e-15    2.04978e-15    0.00000e+00
    2.13136e-03    1.81429e-17    3.50038e-17    1.75019e-17    1.75019e-17    1.75019e-17    0.00000e+00
    2.24234e-03    1.22256e-19    2.37886e-19    1.18943e-19    1.18943e-19    1.18943e-19    0.00000e+00
    2.35910e-03    7.81706e-22    1.50678e-21    7.53392e-22    7.53392e-22    7.53392e-22    0.00000e+00
    2.48193e-03    2.89026e-24    5.53019e-24    2.76509e-24    2.76509e-24    2.76509e-24    0.00000e+00
    2.61116e-03    1.00988e-26    1.95107e-26    9.75535e-27    9.75535e-27    9.75535e-27    0.00000e+00
    2.74712e-03    2.32393e-29    4.38648e-29    2.19324e-29    2.19324e-29    2.19324e-29    0.00000e+00
    2.89016e-03    3.94043e-32    7.57957e-32    3.78979e-32    3.78979e-32    3.78979e-32    0.00000e+00
    3.04065e-03    5.08185e-35    9.49132e-35    4.74566e-35    4.74566e-35    4.74566e-35    0.00000e+00
    3.19897e-03    4.29173e-38    8.20350e-38    4.10175e-38    4.10175e-38    4.10175e-38    0.00000e+00
    3.36553e-03    2.75585e-41    5.09764e-41    2.54882e-41    2.54882e-41    2.54882e-41    0.00000e+00
    3.54077e-03    1.19298e-44    2.25334e-44    1.12667e-44    1.12667e-44    1.12667e-44    0.00000e+00
    3.72514e-03    2.79439e-48    5.16278e-48    2.58139e-48    2.58139e-48    2.58139e-48    0.00000e+00
    3.91910e-03    5.83107e-52    1.06520e-51    5.32598e-52    5.32598e-52    5.32598e-52    0.00000e+00
    4.12316e-03    6.83854e-56    1.27907e-55    6.39534e-56    6.39534e-56    6.39534e-56    0.00000e+00
    4.33785e-03    4.16463e-60    7.55336e-60    3.77668e-60    3.77668e-60    3.77668e-60    0.00000e+00
    4.56372e-03    1.99897e-64    3.54162e-64    1.77081e-64    1.77081e-64    1.77081e-64    0.00000e+00
    4.80134e-03    7.76108e-69    1.39621e-68    6.98107e-69    6.98107e-69    6.98107e-69    0.00000e+00
    5.05134e-03    1.25506e-73    2.29404e-73    1.14702e-73    1.14702e-73    1.14702e-73    0.00000e+00
    5.31436e-03    5.73011e-79    1.04114e-78    5.20570e-79    5.20570e-79    5.20570e-79    0.00000e+00
    5.59107e-03    4.16425e-84    7.46061e-84    3.73031e-84    3.73031e-84    3.73031e-84    0.00000e+00
    5.88219e-03    9.65134e-90    1.69354e-89    8.46770e-90    8.46770e-90    8.46770e-90    0.00000e+00
    6.18847e-03    7.45403e-96    1.28717e-95    6.43586e-96    6.43586e-96    6.43586e-96    0.00000e+00
    6.51069e-03   8.66896e-101   1.49721e-100   7.48605e-101   7.48605e-101   7.48605e-101    0.00000e+00
    6.84970e-03   1.27745e-108   2.24436e-108   1.12218e-108   1.12218e-108   1.12218e-108    0.00000e+00
    7.20635e-03   4.90956e-114   8.62542e-114   4.31271e-114   4.31271e-114   4.31271e-114    0.00000e+00
    7.58158e-03   1.08148e-122   1.78694e-122   8.93472e-123   8.93472e-123   8.93472e-123    0.00000e+00
    7.97634e-03   2.36746e-130   3.72453e-130   1.86226e-130   1.86226e-130   1.86226e-130    0.00000e+00
    8.39166e-03   2.13499e-138   3.64200e-138   1.82100e-138   1.82100e-138   1.82100e-138    0.00000e+00
    8.82860e-03   8.92704e-147   1.39195e-146   6.95973e-147   6.95973e-147   6.95973e-147    0.00000e+00
    9.28829e-03   4.37076e-152   6.81517e-152   3.40759e-152   3.40759e-152   3.40759e-152    0.00000e+00
    9.77192e-03   2.69019e-161   4.41320e-161   2.20660e-161   2.20660e-161   2.20660e-161    0.00000e+00
    1.02807e-02   3.37902e-169   5.01002e-169   2.50501e-169   2.50501e-169   2.50501e-169    0.00000e+00
    1.08160e-02   5.07619e-179   8.31492e-179   4.15746e-179   4.15746e-179   4.15746e-179    0.00000e+00
    1.13792e-02   7.27905e-190   1.14227e-189   5.71133e-190   5.71133e-190   5.71133e-190    0.00000e+00
    1.19717e-02   9.95422e-201   1.43186e-200   7.15931e-201   7.15931e-201   7.15931e-201    0.00000e+00
    1.25951e-02   1.48080e-219   2.02043e-219   1.01021e-219   1.01021e-219   1.01021e-219    0.00000e+00
    1.32509e-02   3.03942e-232   4.34472e-232   2.17236e-232   2.17236e-232   2.17236e-232    0.00000e+00
    1.39408e-02   1.24510e-236   1.77981e-236   8.89904e-237   8.89904e-237   8.89904e-237    0.00000e+00
    1.46667e-02   1.76351e-250   2.69068e-250   1.34534e-250   1.34534e-250   1.34534e-250    0.00000e+00
    1.54304e-02   2.43558e-274   3.48122e-274   1.74061e-274   1.74061e-274   1.74061e-274    0.00000e+00
    1.62338e-02   7.37143e-279   1.05361e-278   5.26806e-279   5.26806e-279   5.26806e-279    0.00000e+00
    1.70791e-02    0.00000e+00    0.00000e+00    0.00000e+00    0.00000e+00    0.00000e+00    0.00000e+00
    1.79684e-02    0.00000e+00    0.00000e+00    0.00000e+00    0.00000e+00    0.00000e+00    0.00000e+00
    1.89040e-02    0.00000e+00    0.00000e+00    0.00000e+00    0.00000e+00    0.00000e+00    0.00000e+00
    1.98883e-02    0.00000e+00    0.00000e+00    0.00000e+00    0.00000e+00    0.00000e+00    0.00000e+00
    2.09238e-02    0.00000e+00    0.00000e+00    0.00000e+00    0.00000e+00    0.00000e+00    0.00000e+00
    2.20133e-02    0.00000e+00    0.00000e+00    0.00000e+00    0.00000e+00    0.00000e+00    0.00000e+00
    2.31595e-02    0.00000e+00    0.00000e+00    0.00000e+00    0.00000e+00    0.00000e+00    0.00000e+00
    2.43654e-02    0.00000e+00    0.00000e+00    0.00000e+00    0.00000e+00    0.00000e+00    0.00000e+00
    2.56341e-02    0.00000e+00    0.00000e+00    0.00000e+00    0.00000e+00    0.00000e+00    0.00000e+00
    2.69688e-02    0.00000e+00    0.00000e+00    0.00000e+00    0.00000e+00    0.00000e+00    0.00000e+00
    2.83730e-02    0.00000e+00    0.00000e+00    0.00000e+00    0.00000e+00    0.00000e+00    0.00000e+00
    2.98504e-02    0.00000e+00    0.00000e+00    0.00000e+00    0.00000e+00    0.00000e+00    0.00000e+00
    3.14047e-02    0.00000e+00    0.00000e+00    0.00000e+00    0.00000e+00    0.00000e+00    0.00000e+00
    3.30399e-02    0.00000e+00    0.00000e+00    0.00000e+00    0.00000e+00    0.00000e+00    0.00000e+00
    3.47602e-02    0.00000e+00    0.00000e+00    0.00000e+00    0.00000e+00    0.00000e+00    0.00000e+00
    3.65701e-02    0.00000e+00    0.00000e+00    0.00000e+00    0.00000e+00    0.00000e+00    0.00000e+00
    3.84743e-02    0.00000e+00    0.00000e+00    0.00000e+00    0.00000e+00    0.00000e+00    0.00000e+00
    4.04776e-02    0.00000e+00    0.00000e+00    0.00000e+00    0.00000e+00    0.00000e+00    0.00000e+00
    4.25852e-02    0.00000e+00    0.00000e+00    0.00000e+00    0.00000e+00    0.00000e+00    0.00000e+00
    4.48025e-02    0.00000e+00    0.00000e+00    0.00000e+00    0.00000e+00    0.00000e+00    0.00000e+00
    4.71353e-02    0.00000e+00    0.00000e+00    0.00000e+00    0.00000e+00    0.00000e+00    0.00000e+00
    4.95896e-02    0.00000e+00    0.00000e+00    0.00000e+00    0.00000e+00    0.00000e+00    0.00000e+00
    5.21717e-02    0.00000e+00    0.00000e+00    0.00000e+00    0.00000e+00    0.00000e+00    0.00000e+00
    5.48882e-02    0.00000e+00    0.00000e+00    0.00000e+00    0.00000e+00    0.00000e+00    0.00000e+00
    5.77462e-02    0.00000e+00    0.00000e+00    0.00000e+00    0.00000e+00    0.00000e+00    0.00000e+00
    6.07529e-02    0.00000e+00    0.00000e+00    0.00000e+00    0.00000e+00    0.00000e+00    0.00000e+00
    6.39162e-02    0.00000e+00    0.00000e+00    0.00000e+00    0.00000e+00    0.00000e+00    0.00000e+00
    6.72443e-02    0.00000e+00    0.00000e+00    0.00000e+00    0.00000e+00    0.00000e+00    0.00000e+00
    7.07456e-02    0.00000e+00    0.00000e+00    0.00000e+00    0.00000e+00    0.00000e+00    0.00000e+00
    7.44292e-02    0.00000e+00    0.00000e+00    0.00000e+00    0.00000e+00    0.00000e+00    0.00000e+00
    7.83047e-02    0.00000e+00    0.00000e+00    0.00000e+00    0.00000e+00    0.00000e+00    0.00000e+00
    8.23819e-02    0.00000e+00    0.00000e+00    0.00000e+00    0.00000e+00    0.00000e+00    0.00000e+00
    8.66714e-02    0.00000e+00    0.00000e+00    0.00000e+00    0.00000e+00    0.00000e+00    0.00000e+00
    9.11843e-02    0.00000e+00    0.00000e+00    0.00000e+00    0.00000e+00    0.00000e+00    0.00000e+00
    9.59321e-02    0.00000e+00    0.00000e+00    0.00000e+00    0.00000e+00    0.00000e+00    0.00000e+00
    1.00927e-01    0.00000e+00    0.00000e+00    0.00000e+00    0.00000e+00    0.00000e+00    0.00000e+00
    1.06182e-01    0.00000e+00    0.00000e+00    0.00000e+00    0.00000e+00    0.00000e+00    0.00000e+00
    1.11711e-01    0.00000e+00    0.00000e+00    0.00000e+00    0.00000e+00    0.00000e+00    0.00000e+00
    1.17528e-01    0.00000e+00    0.00000e+00    0.00000e+00    0.00000e+00    0.00000e+00    0.00000e+00
    1.23647e-01    0.00000e+00    0.00000e+00    0.00000e+00    0.00000e+00    0.00000e+00    0.00000e+00
    1.30085e-01    0.00000e+00    0.00000e+00    0.00000e+00    0.00000e+00    0.00000e+00    0.00000e+00
    1.36859e-01    0.00000e+00    0.00000e+00    0.00000e+00    0.00000e+00    0.00000e+00    0.00000e+00
    1.43985e-01    0.00000e+00    0.00000e+00    0.00000e+00    0.00000e+00    0.00000e+00    0.00000e+00
    1.51482e-01    0.00000e+00    0.00000e+00    0.00000e+00    0.00000e+00    0.00000e+00    0.00000e+00
    1.59369e-01    0.00000e+00    0.00000e+00    0.00000e+00    0.00000e+00    0.00000e+00    0.00000e+00
    1.67668e-01    0.00000e+00    0.00000e+00    0.00000e+00    0.00000e+00    0.00000e+00    0.00000e+00
    1.76398e-01    0.00000e+00    0.00000e+00    0.00000e+00    0.00000e+00    0.00000e+00    0.00000e+00
    1.85583e-01    0.00000e+00    0.00000e+00    0.00000e+00    0.00000e+00    0.00000e+00    0.00000e+00
    1.95246e-01    0.00000e+00    0.00000e+00    0.00000e+00    0.00000e+00    0.00000e+00    0.00000e+00
    2.05412e-01    0.00000e+00    0.00000e+00    0.00000e+00    0.00000e+00    0.00000e+00    0.00000e+00
    2.16107e-01    0.00000e+00    0.00000e+00    0.00000e+00    0.00000e+00    0.00000e+00    0.00000e+00
    2.27360e-01    0.00000e+00    0.00000e+00    0.00000e+00    0.00000e+00    0.00000e+00    0.00000e+00
    2.39198e-01    0.00000e+00    0.00000e+00    0.00000e+00    0.00000e+00    0.00000e+00    0.00000e+00
    2.51653e-01    0.00000e+00    0.00000e+00    0.00000e+00    0.00000e+00    0.00000e+00    0.00000e+00
    2.64756e-01    0.00000e+00    0.00000e+00    0.00000e+00    0.00000e+00    0.00000e+00    0.00000e+00
    2.78541e-01    0.00000e+00    0.00000e+00    0.00000e+00    0.00000e+00    0.00000e+00    0.00000e+00
    2.93045e-01    0.00000e+00    0.00000e+00    0.00000e+00    0.00000e+00    0.00000e+00    0.00000e+00
    3.08303e-01    0.00000e+00    0.00000e+00    0.00000e+00    0.00000e+00    0.00000e+00    0.00000e+00
    3.24356e-01    0.00000e+00    0.00000e+00    0.00000e+00    0.00000e+00    0.00000e+00    0.00000e+00
    3.41245e-01    0.00000e+00    0.00000e+00    0.00000e+00    0.00000e+00    0.00000e+00    0.00000e+00
    3.59013e-01    0.00000e+00    0.00000e+00    0.00000e+00    0.00000e+00    0.00000e+00    0.00000e+00
    3.77706e-01    0.00000e+00    0.00000e+00    0.00000e+00    0.00000e+00    0.00000e+00    0.00000e+00
    3.97373e-01    0.00000e+00    0.00000e+00    0.00000e+00    0.00000e+00    0.00000e+00    0.00000e+00
    4.18064e-01    0.00000e+00    0.00000e+00    0.00000e+00    0.00000e+00    0.00000e+00    0.00000e+00
    4.39832e-01    0.00000e+00    0.00000e+00    0.00000e+00    0.00000e+00    0.00000e+00    0.00000e+00
    4.62733e-01    0.00000e+00    0.00000e+00    0.00000e+00    0.00000e+00    0.00000e+00    0.00000e+00
    4.86827e-01    0.00000e+00    0.00000e+00    0.00000e+00    0.00000e+00    0.00000e+00    0.00000e+00
    5.12176e-01    0.00000e+00    0.00000e+00    0.00000e+00    0.00000e+00    0.00000e+00    0.00000e+00
    5.38844e-01    0.00000e+00    0.00000e+00    0.00000e+00    0.00000e+00    0.00000e+00    0.00000e+00
    5.66901e-01    0.00000e+00    0.00000e+00    0.00000e+00    0.00000e+00    0.00000e+00    0.00000e+00
    5.96418e-01    0.00000e+00    0.00000e+00    0.00000e+00    0.00000e+00    0.00000e+00    0.00000e+00
    6.27473e-01    0.00000e+00    0.00000e+00    0.00000e+00    0.00000e+00    0.00000e+00    0.00000e+00
    6.60145e-01    0.00000e+00    0.00000e+00    0.00000e+00    0.00000e+00    0.00000e+00    0.00000e+00
    6.94518e-01    0.00000e+00    0.00000e+00    0.00000e+00    0.00000e+00    0.00000e+00    0.00000e+00
    7.30680e-01    0.00000e+00    0.00000e+00    0.00000e+00    0.00000e+00    0.00000e+00    0.00000e+00
    7.68726e-01    0.00000e+00    0.00000e+00    0.00000e+00    0.00000e+00    0.00000e+00    0.00000e+00
    8.08752e-01    0.00000e+00    0.00000e+00    0.00000e+00    0.00000e+00    0.00000e+00    0.00000e+00
    8.50863e-01    0.00000e+00    0.00000e+00    0.00000e+00    0.00000e+00    0.00000e+00    0.00000e+00
    8.95166e-01    0.00000e+00    0.00000e+00    0.00000e+00    0.00000e+00    0.00000e+00    0.00000e+00
    9.41777e-01    0.00000e+00    0.00000e+00    0.00000e+00    0.00000e+00    0.00000e+00    0.00000e+00
    9.90814e-01    0.00000e+00    0.00000e+00    0.00000e+00    0.00000e+00    0.00000e+00    0.00000e+00
    1.04240e+00    0.00000e+00    0.00000e+00    0.00000e+00    0.00000e+00    0.00000e+00    0.00000e+00
    1.09668e+00    0.00000e+00    0.00000e+00    0.00000e+00    0.00000e+00    0.00000e+00    0.00000e+00
    1.15378e+00    0.00000e+00    0.00000e+00    0.00000e+00    0.00000e+00    0.00000e+00    0.00000e+00
    1.21386e+00    0.00000e+00    0.00000e+00    0.00000e+00    0.00000e+00    0.00000e+00    0.00000e+00
    1.27706e+00    0.00000e+00    0.00000e+00    0.00000e+00    0.00000e+00    0.00000e+00    0.00000e+00
    1.34356e+00    0.00000e+00    0.00000e+00    0.00000e+00    0.00000e+00    0.00000e+00    0.00000e+00
    1.41352e+00    0.00000e+00    0.00000e+00    0.00000e+00    0.00000e+00    0.00000e+00    0.00000e+00
    1.48712e+00    0.00000e+00    0.00000e+00    0.00000e+00    0.00000e+00    0.00000e+00    0.00000e+00
    1.56455e+00    0.00000e+00    0.00000e+00    0.00000e+00    0.00000e+00    0.00000e+00    0.00000e+00
    1.64601e+00    0.00000e+00    0.00000e+00    0.00000e+00    0.00000e+00    0.00000e+00    0.00000e+00
    1.73172e+00    0.00000e+00    0.00000e+00    0.00000e+00    0.00000e+00    0.00000e+00    0.00000e+00
    1.82189e+00    0.00000e+00    0.00000e+00    0.00000e+00    0.00000e+00    0.00000e+00    0.00000e+00
    1.91675e+00    0.00000e+00    0.00000e+00    0.00000e+00    0.00000e+00    0.00000e+00    0.00000e+00
    2.01655e+00    0.00000e+00    0.00000e+00    0.00000e+00    0.00000e+00    0.00000e+00    0.00000e+00
    2.12155e+00    0.00000e+00    0.00000e+00    0.00000e+00    0.00000e+00    0.00000e+00    0.00000e+00
    2.23202e+00    0.00000e+00    0.00000e+00    0.00000e+00    0.00000e+00    0.00000e+00    0.00000e+00
    2.34823e+00    0.00000e+00    0.00000e+00    0.00000e+00    0.00000e+00    0.00000e+00    0.00000e+00
    2.47050e+00    0.00000e+00    0.00000e+00    0.00000e+00    0.00000e+00    0.00000e+00    0.00000e+00
    2.59914e+00    0.00000e+00    0.00000e+00    0.00000e+00    0.00000e+00    0.00000e+00    0.00000e+00
    2.73447e+00    0.00000e+00    0.00000e+00    0.00000e+00    0.00000e+00    0.00000e+00    0.00000e+00
    2.87685e+00    0.00000e+00    0.00000e+00    0.00000e+00    0.00000e+00    0.00000e+00    0.00000e+00
    3.02665e+00    0.00000e+00    0.00000e+00    0.00000e+00    0.00000e+00    0.00000e+00    0.00000e+00
    3.18424e+00    0.00000e+00    0.00000e+00    0.00000e+00    0.00000e+00    0.00000e+00    0.00000e+00
    3.35004e+00    0.00000e+00    0.00000e+00    0.00000e+00    0.00000e+00    0.00000e+00    0.00000e+00
    3.52447e+00    0.00000e+00    0.00000e+00    0.00000e+00    0.00000e+00    0.00000e+00    0.00000e+00
    3.70799e+00    0.00000e+00    0.00000e+00    0.00000e+00    0.00000e+00    0.00000e+00    0.00000e+00
    3.90106e+00    0.00000e+00    0.00000e+00    0.00000e+00    0.00000e+00    0.00000e+00    0.00000e+00
    4.10418e+00    0.00000e+00    0.00000e+00    0.00000e+00    0.00000e+00    0.00000e+00    0.00000e+00
    4.31788e+00    0.00000e+00    0.00000e+00    0.00000e+00    0.00000e+00    0.00000e+00    0.00000e+00
    4.54271e+00    0.00000e+00    0.00000e+00    0.00000e+00    0.00000e+00    0.00000e+00    0.00000e+00
    4.77924e+00    0.00000e+00    0.00000e+00    0.00000e+00    0.00000e+00    0.00000e+00    0.00000e+00
    5.02809e+00    0.00000e+00    0.00000e+00    0.00000e+00    0.00000e+00    0.00000e+00    0.00000e+00
    5.28989e+00    0.00000e+00    0.00000e+00    0.00000e+00    0.00000e+00    0.00000e+00    0.00000e+00
    5.56533e+00    0.00000e+00    0.00000e+00    0.00000e+00    0.00000e+00    0.00000e+00    0.00000e+00
    5.85511e+00    0.00000e+00    0.00000e+00    0.00000e+00    0.00000e+00    0.00000e+00    0.00000e+00
    6.15998e+00    0.00000e+00    0.00000e+00    0.00000e+00    0.00000e+00    0.00000e+00    0.00000e+00
    6.48072e+00    0.00000e+00    0.00000e+00    0.00000e+00    0.00000e+00    0.00000e+00    0.00000e+00
    6.81816e+00    0.00000e+00    0.00000e+00    0.00000e+00    0.00000e+00    0.00000e+00    0.00000e+00
    7.17317e+00    0.00000e+00    0.00000e+00    0.00000e+00    0.00000e+00    0.00000e+00    0.00000e+00
    7.54667e+00    0.00000e+00    0.00000e+00    0.00000e+00    0.00000e+00    0.00000e+00    0.00000e+00
    7.93962e+00    0.00000e+00    0.00000e+00    0.00000e+00    0.00000e+00    0.00000e+00    0.00000e+00
    8.35302e+00    0.00000e+00    0.00000e+00    0.00000e+00    0.00000e+00    0.00000e+00    0.00000e+00
    8.78795e+00    0.00000e+00    0.00000e+00    0.00000e+00    0.00000e+00    0.00000e+00    0.00000e+00
    9.24553e+00    0.00000e+00    0.00000e+00    0.00000e+00    0.00000e+00    0.00000e+00    0.00000e+00
    9.72693e+00    0.00000e+00    0.00000e+00    0.00000e+00    0.00000e+00    0.00000e+00    0.00000e+00
    1.02334e+01    0.00000e+00    0.00000e+00    0.00000e+00    0.00000e+00    0.00000e+00    0.00000e+00
    1.07662e+01    0.00000e+00    0.00000e+00    0.00000e+00    0.00000e+00    0.00000e+00    0.00000e+00
    1.13268e+01    0.00000e+00    0.00000e+00    0.00000e+00    0.00000e+00    0.00000e+00    0.00000e+00
    1.19166e+01    0.00000e+00    0.00000e+00    0.00000e+00    0.00000e+00    0.00000e+00    0.00000e+00
    1.25371e+01    0.00000e+00    0.00000e+00    0.00000e+00    0.00000e+00    0.00000e+00    0.00000e+00
    1.31899e+01    0.00000e+00    0.00000e+00    0.00000e+00    0.00000e+00    0.00000e+00    0.00000e+00
    1.38766e+01    0.00000e+00    0.00000e+00    0.00000e+00    0.00000e+00    0.00000e+00    0.00000e+00
    1.45992e+01    0.00000e+00    0.00000e+00    0.00000e+00    0.00000e+00    0.00000e+00    0.00000e+00
    1.53593e+01    0.00000e+00    0.00000e+00    0.00000e+00    0.00000e+00    0.00000e+00    0.00000e+00
    1.61591e+01    0.00000e+00    0.00000e+00    0.00000e+00    0.00000e+00    0.00000e+00    0.00000e+00
    1.70005e+01    0.00000e+00    0.00000e+00    0.00000e+00    0.00000e+00    0.00000e+00    0.00000e+00
    1.78857e+01    0.00000e+00    0.00000e+00    0.00000e+00    0.00000e+00    0.00000e+00    0.00000e+00
    1.88169e+01    0.00000e+00    0.00000e+00    0.00000e+00    0.00000e+00    0.00000e+00    0.00000e+00
    1.97967e+01    0.00000e+00    0.00000e+00    0.00000e+00    0.00000e+00    0.00000e+00    0.00000e+00
    2.08275e+01    0.00000e+00    0.00000e+00    0.00000e+00    0.00000e+00    0.00000e+00    0.00000e+00
    2.19120e+01    0.00000e+00    0.00000e+00    0.00000e+00    0.00000e+00    0.00000e+00    0.00000e+00
    2.30529e+01    0.00000e+00    0.00000e+00    0.00000e+00    0.00000e+00    0.00000e+00    0.00000e+00
    2.42532e+01    0.00000e+00    0.00000e+00    0.00000e+00    0.00000e+00    0.00000e+00    0.00000e+00
    2.55161e+01    0.00000e+00    0.00000e+00    0.00000e+00    0.00000e+00    0.00000e+00    0.00000e+00
    2.68446e+01    0.00000e+00    0.00000e+00    0.00000e+00    0.00000e+00    0.00000e+00    0.00000e+00
    2.82424e+01    0.00000e+00    0.00000e+00    0.00000e+00    0.00000e+00    0.00000e+00    0.00000e+00
    2.97130e+01    0.00000e+00    0.00000e+00    0.00000e+00    0.00000e+00    0.00000e+00    0.00000e+00
    3.12601e+01    0.00000e+00    0.00000e+00    0.00000e+00    0.00000e+00    0.00000e+00    0.00000e+00
    3.28877e+01    0.00000e+00    0.00000e+00    0.00000e+00    0.00000e+00    0.00000e+00    0.00000e+00
    3.46002e+01    0.00000e+00    0.00000e+00    0.00000e+00    0.00000e+00    0.00000e+00    0.00000e+00
    3.64017e+01    0.00000e+00    0.00000e+00    0.00000e+00    0.00000e+00    0.00000e+00    0.00000e+00
    3.82971e+01    0.00000e+00    0.00000e+00    0.00000e+00    0.00000e+00    0.00000e+00    0.00000e+00
    4.02912e+01    0.00000e+00    0.00000e+00    0.00000e+00    0.00000e+00    0.00000e+00    0.00000e+00
    4.23891e+01    0.00000e+00    0.00000e+00    0.00000e+00    0.00000e+00    0.00000e+00    0.00000e+00
    4.45963e+01    0.00000e+00    0.00000e+00    0.00000e+00    0.00000e+00    0.00000e+00    0.00000e+00
    4.69183e+01    0.00000e+00    0.00000e+00    0.00000e+00    0.00000e+00    0.00000e+00    0.00000e+00
    4.93613e+01    0.00000e+00    0.00000e+00    0.00000e+00    0.00000e+00    0.00000e+00    0.00000e+00
    5.19315e+01    0.00000e+00    0.00000e+00    0.00000e+00    0.00000e+00    0.00000e+00    0.00000e+00
    5.46355e+01    0.00000e+00    0.00000e+00    0.00000e+00    0.00000e+00    0.00000e+00    0.00000e+00
    5.74803e+01    0.00000e+00    0.00000e+00    0.00000e+00    0.00000e+00    0.00000e+00    0.00000e+00
    6.04732e+01    0.00000e+00    0.00000e+00    0.00000e+00    0.00000e+00    0.00000e+00    0.00000e+00
    6.36220e+01    0.00000e+00    0.00000e+00    0.00000e+00    0.00000e+00    0.00000e+00    0.00000e+00
    6.69347e+01    0.00000e+00    0.00000e+00    0.00000e+00    0.00000e+00    0.00000e+00    0.00000e+00
    7.04199e+01    0.00000e+00    0.00000e+00    0.00000e+00    0.00000e+00    0.00000e+00    0.00000e+00
    7.40866e+01    0.00000e+00    0.00000e+00    0.00000e+00    0.00000e+00    0.00000e+00    0.00000e+00
    7.79442e+01    0.00000e+00    0.00000e+00    0.00000e+00    0.00000e+00    0.00000e+00    0.00000e+00
    8.20026e+01    0.00000e+00    0.00000e+00    0.00000e+00    0.00000e+00    0.00000e+00    0.00000e+00
    8.62724e+01    0.00000e+00    0.00000e+00    0.00000e+00    0.00000e+00    0.00000e+00    0.00000e+00
    9.07645e+01    0.00000e+00    0.00000e+00    0.00000e+00    0.00000e+00    0.00000e+00    0.00000e+00
    9.54904e+01    0.00000e+00    0.00000e+00    0.00000e+00    0.00000e+00    0.00000e+00    0.00000e+00
    1.00463e+02    0.00000e+00    0.00000e+00    0.00000e+00    0.00000e+00    0.00000e+00    0.00000e+00
    1.05693e+02    0.00000e+00    0.00000e+00    0.00000e+00    0.00000e+00    0.00000e+00    0.00000e+00
    1.11197e+02    0.00000e+00    0.00000e+00    0.00000e+00    0.00000e+00    0.00000e+00    0.00000e+00
    1.16987e+02    0.00000e+00    0.00000e+00    0.00000e+00    0.00000e+00    0.00000e+00    0.00000e+00
    1.23078e+02    0.00000e+00    0.00000e+00    0.00000e+00    0.00000e+00    0.00000e+00    0.00000e+00
    1.29486e+02    0.00000e+00    0.00000e+00    0.00000e+00    0.00000e+00    0.00000e+00    0.00000e+00
    1.36229e+02    0.00000e+00    0.00000e+00    0.00000e+00    0.00000e+00    0.00000e+00    0.00000e+00
    1.43322e+02    0.00000e+00    0.00000e+00    0.00000e+00    0.00000e+00    0.00000e+00    0.00000e+00
    1.50785e+02    0.00000e+00    0.00000e+00    0.00000e+00    0.00000e+00    0.00000e+00    0.00000e+00
    1.58636e+02    0.00000e+00    0.00000e+00    0.00000e+00    0.00000e+00    0.00000e+00    0.00000e+00
    1.66896e+02    0.00000e+00    0.00000e+00    0.00000e+00    0.00000e+00    0.00000e+00    0.00000e+00
    1.75586e+02    0.00000e+00    0.00000e+00    0.00000e+00    0.00000e+00    0.00000e+00    0.00000e+00
    1.84728e+02    0.00000e+00    0.00000e+00    0.00000e+00    0.00000e+00    0.00000e+00    0.00000e+00
    1.94347e+02    0.00000e+00    0.00000e+00    0.00000e+00    0.00000e+00    0.00000e+00    0.00000e+00
    2.04466e+02    0.00000e+00    0.00000e+00    0.00000e+00    0.00000e+00    0.00000e+00    0.00000e+00
    2.15112e+02    0.00000e+00    0.00000e+00    0.00000e+00    0.00000e+00    0.00000e+00    0.00000e+00
    2.26313e+02    0.00000e+00    0.00000e+00    0.00000e+00    0.00000e+00    0.00000e+00    0.00000e+00
    2.38097e+02    0.00000e+00    0.00000e+00    0.00000e+00    0.00000e+00    0.00000e+00    0.00000e+00
    2.50494e+02    0.00000e+00    0.00000e+00    0.00000e+00    0.00000e+00    0.00000e+00    0.00000e+00
    2.63537e+02    0.00000e+00    0.00000e+00    0.00000e+00    0.00000e+00    0.00000e+00    0.00000e+00
    2.77259e+02    0.00000e+00    0.00000e+00    0.00000e+00    0.00000e+00    0.00000e+00    0.00000e+00
    2.91696e+02    0.00000e+00    0.00000e+00    0.00000e+00    0.00000e+00    0.00000e+00    0.00000e+00
    3.06884e+02    0.00000e+00    0.00000e+00    0.00000e+00    0.00000e+00    0.00000e+00    0.00000e+00
    3.22863e+02    0.00000e+00    0.00000e+00    0.00000e+00    0.00000e+00    0.00000e+00    0.00000e+00
    3.39674e+02    0.00000e+00    0.00000e+00    0.00000e+00    0.00000e+00    0.00000e+00    0.00000e+00
    3.57360e+02    0.00000e+00    0.00000e+00    0.00000e+00    0.00000e+00    0.00000e+00    0.00000e+00
    3.75967e+02    0.00000e+00    0.00000e+00    0.00000e+00    0.00000e+00    0.00000e+00    0.00000e+00
    3.95544e+02    0.00000e+00    0.00000e+00    0.00000e+00    0.00000e+00    0.00000e+00    0.00000e+00
    4.16139e+02    0.00000e+00    0.00000e+00    0.00000e+00    0.00000e+00    0.00000e+00    0.00000e+00
    4.37807e+02    0.00000e+00    0.00000e+00    0.00000e+00    0.00000e+00    0.00000e+00    0.00000e+00
    4.60603e+02    0.00000e+00    0.00000e+00    0.00000e+00    0.00000e+00    0.00000e+00    0.00000e+00
    4.84586e+02    0.00000e+00    0.00000e+00    0.00000e+00    0.00000e+00    0.00000e+00    0.00000e+00
    5.09818e+02    0.00000e+00    0.00000e+00    0.00000e+00    0.00000e+00    0.00000e+00    0.00000e+00
    5.36363e+02    0.00000e+00    0.00000e+00    0.00000e+00    0.00000e+00    0.00000e+00    0.00000e+00
    5.64291e+02    0.00000e+00    0.00000e+00    0.00000e+00    0.00000e+00    0.00000e+00    0.00000e+00
    5.93673e+02    0.00000e+00    0.00000e+00    0.00000e+00    0.00000e+00    0.00000e+00    0.00000e+00
    6.24584e+02    0.00000e+00    0.00000e+00    0.00000e+00    0.00000e+00    0.00000e+00    0.00000e+00
    6.57106e+02    0.00000e+00    0.00000e+00    0.00000e+00    0.00000e+00    0.00000e+00    0.00000e+00
    6.91320e+02    0.00000e+00    0.00000e+00    0.00000e+00    0.00000e+00    0.00000e+00    0.00000e+00
    7.27317e+02    0.00000e+00    0.00000e+00    0.00000e+00    0.00000e+00    0.00000e+00    0.00000e+00
    7.65187e+02    0.00000e+00    0.00000e+00    0.00000e+00    0.00000e+00    0.00000e+00    0.00000e+00
    8.05029e+02    0.00000e+00    0.00000e+00    0.00000e+00    0.00000e+00    0.00000e+00    0.00000e+00
    8.46946e+02    0.00000e+00    0.00000e+00    0.00000e+00    0.00000e+00    0.00000e+00    0.00000e+00
    8.91045e+02    0.00000e+00    0.00000e+00    0.00000e+00    0.00000e+00    0.00000e+00    0.00000e+00
    9.37441e+02    0.00000e+00    0.00000e+00    0.00000e+00    0.00000e+00    0.00000e+00    0.00000e+00
    9.86252e+02    0.00000e+00    0.00000e+00    0.00000e+00    0.00000e+00    0.00000e+00    0.00000e+00
    1.03761e+03    0.00000e+00    0.00000e+00    0.00000e+00    0.00000e+00    0.00000e+00    0.00000e+00
    1.09163e+03    0.00000e+00    0.00000e+00    0.00000e+00    0.00000e+00    0.00000e+00    0.00000e+00
    1.14847e+03    0.00000e+00    0.00000e+00    0.00000e+00    0.00000e+00    0.00000e+00    0.00000e+00
    1.20827e+03    0.00000e+00    0.00000e+00    0.00000e+00    0.00000e+00    0.00000e+00    0.00000e+00
    1.27118e+03    0.00000e+00    0.00000e+00    0.00000e+00    0.00000e+00    0.00000e+00    0.00000e+00
    1.33737e+03    0.00000e+00    0.00000e+00    0.00000e+00    0.00000e+00    0.00000e+00    0.00000e+00
    1.40701e+03    0.00000e+00    0.00000e+00    0.00000e+00    0.00000e+00    0.00000e+00    0.00000e+00
    1.48027e+03    0.00000e+00    0.00000e+00    0.00000e+00    0.00000e+00    0.00000e+00    0.00000e+00
    1.55734e+03    0.00000e+00    0.00000e+00    0.00000e+00    0.00000e+00    0.00000e+00    0.00000e+00
    1.63843e+03    0.00000e+00    0.00000e+00    0.00000e+00    0.00000e+00    0.00000e+00    0.00000e+00
    1.72374e+03    0.00000e+00    0.00000e+00    0.00000e+00    0.00000e+00    0.00000e+00    0.00000e+00
    1.81350e+03    0.00000e+00    0.00000e+00    0.00000e+00    0.00000e+00    0.00000e+00    0.00000e+00
    1.90792e+03    0.00000e+00    0.00000e+00    0.00000e+00    0.00000e+00    0.00000e+00    0.00000e+00
    2.00727e+03    0.00000e+00    0.00000e+00    0.00000e+00    0.00000e+00    0.00000e+00    0.00000e+00
    2.11178e+03    0.00000e+00    0.00000e+00    0.00000e+00    0.00000e+00    0.00000e+00    0.00000e+00
    2.22174e+03    0.00000e+00    0.00000e+00    0.00000e+00    0.00000e+00    0.00000e+00    0.00000e+00
    2.33742e+03    0.00000e+00    0.00000e+00    0.00000e+00    0.00000e+00    0.00000e+00    0.00000e+00
    2.45913e+03    0.00000e+00    0.00000e+00    0.00000e+00    0.00000e+00    0.00000e+00    0.00000e+00
    2.58717e+03    0.00000e+00    0.00000e+00    0.00000e+00    0.00000e+00    0.00000e+00    0.00000e+00
    2.72188e+03    0.00000e+00    0.00000e+00    0.00000e+00    0.00000e+00    0.00000e+00    0.00000e+00
    2.86361e+03    0.00000e+00    0.00000e+00    0.00000e+00    0.00000e+00    0.00000e+00    0.00000e+00
    3.01271e+03    0.00000e+00    0.00000e+00    0.00000e+00    0.00000e+00    0.00000e+00    0.00000e+00
    3.16958e+03    0.00000e+00    0.00000e+00    0.00000e+00    0.00000e+00    0.00000e+00    0.00000e+00
    3.33462e+03    0.00000e+00    0.00000e+00    0.00000e+00    0.00000e+00    0.00000e+00    0.00000e+00
    3.50825e+03    0.00000e+00    0.00000e+00    0.00000e+00    0.00000e+00    0.00000e+00    0.00000e+00
    3.69092e+03    0.00000e+00    0.00000e+00    0.00000e+00    0.00000e+00    0.00000e+00    0.00000e+00
    3.88310e+03    0.00000e+00    0.00000e+00    0.00000e+00    0.00000e+00    0.00000e+00    0.00000e+00
    4.08529e+03    0.00000e+00    0.00000e+00    0.00000e+00    0.00000e+00    0.00000e+00    0.00000e+00
    4.29800e+03    0.00000e+00    0.00000e+00    0.00000e+00    0.00000e+00    0.00000e+00    0.00000e+00
    4.52179e+03    0.00000e+00    0.00000e+00    0.00000e+00    0.00000e+00    0.00000e+00    0.00000e+00
    4.75724e+03    0.00000e+00    0.00000e+00    0.00000e+00    0.00000e+00    0.00000e+00    0.00000e+00
    5.00494e+03    0.00000e+00    0.00000e+00    0.00000e+00    0.00000e+00    0.00000e+00    0.00000e+00
    5.26554e+03    0.00000e+00    0.00000e+00    0.00000e+00    0.00000e+00    0.00000e+00    0.00000e+00
    5.53971e+03    0.00000e+00    0.00000e+00    0.00000e+00    0.00000e+00    0.00000e+00    0.00000e+00
    5.82815e+03    0.00000e+00    0.00000e+00    0.00000e+00    0.00000e+00    0.00000e+00    0.00000e+00
    6.13162e+03    0.00000e+00    0.00000e+00    0.00000e+00    0.00000e+00    0.00000e+00    0.00000e+00
    6.45088e+03    0.00000e+00    0.00000e+00    0.00000e+00    0.00000e+00    0.00000e+00    0.00000e+00
    6.78677e+03    0.00000e+00    0.00000e+00    0.00000e+00    0.00000e+00    0.00000e+00    0.00000e+00
    7.14015e+03    0.00000e+00    0.00000e+00    0.00000e+00    0.00000e+00    0.00000e+00    0.00000e+00
    7.51193e+03    0.00000e+00    0.00000e+00    0.00000e+00    0.00000e+00    0.00000e+00    0.00000e+00
    7.90307e+03    0.00000e+00    0.00000e+00    0.00000e+00    0.00000e+00    0.00000e+00    0.00000e+00
    8.31457e+03    0.00000e+00    0.00000e+00    0.00000e+00    0.00000e+00    0.00000e+00    0.00000e+00
    8.74750e+03    0.00000e+00    0.00000e+00    0.00000e+00    0.00000e+00    0.00000e+00    0.00000e+00
    9.20297e+03    0.00000e+00    0.00000e+00    0.00000e+00    0.00000e+00    0.00000e+00    0.00000e+00
    9.68215e+03    0.00000e+00    0.00000e+00    0.00000e+00    0.00000e+00    0.00000e+00    0.00000e+00
    1.01863e+04    0.00000e+00    0.00000e+00    0.00000e+00    0.00000e+00    0.00000e+00    0.00000e+00
    1.07167e+04    0.00000e+00    0.00000e+00    0.00000e+00    0.00000e+00    0.00000e+00    0.00000e+00
    1.12747e+04    0.00000e+00    0.00000e+00    0.00000e+00    0.00000e+00    0.00000e+00    0.00000e+00
    1.18617e+04    0.00000e+00    0.00000e+00    0.00000e+00    0.00000e+00    0.00000e+00    0.00000e+00
    1.24794e+04    0.00000e+00    0.00000e+00    0.00000e+00    0.00000e+00    0.00000e+00    0.00000e+00
    1.31291e+04    0.00000e+00    0.00000e+00    0.00000e+00    0.00000e+00    0.00000e+00    0.00000e+00
    1.38128e+04    0.00000e+00    0.00000e+00    0.00000e+00    0.00000e+00    0.00000e+00    0.00000e+00
    1.45320e+04    0.00000e+00    0.00000e+00    0.00000e+00    0.00000e+00    0.00000e+00    0.00000e+00
    1.52886e+04    0.00000e+00    0.00000e+00    0.00000e+00    0.00000e+00    0.00000e+00    0.00000e+00
    1.60847e+04    0.00000e+00    0.00000e+00    0.00000e+00    0.00000e+00    0.00000e+00    0.00000e+00
    1.69222e+04    0.00000e+00    0.00000e+00    0.00000e+00    0.00000e+00    0.00000e+00    0.00000e+00
    1.78033e+04    0.00000e+00    0.00000e+00    0.00000e+00    0.00000e+00    0.00000e+00    0.00000e+00
    1.87303e+04    0.00000e+00    0.00000e+00    0.00000e+00    0.00000e+00    0.00000e+00    0.00000e+00
    1.97056e+04    0.00000e+00    0.00000e+00    0.00000e+00    0.00000e+00    0.00000e+00    0.00000e+00
    2.07316e+04    0.00000e+00    0.00000e+00    0.00000e+00    0.00000e+00    0.00000e+00    0.00000e+00
    2.18111e+04    0.00000e+00    0.00000e+00    0.00000e+00    0.00000e+00    0.00000e+00    0.00000e+00
    2.29468e+04    0.00000e+00    0.00000e+00    0.00000e+00    0.00000e+00    0.00000e+00    0.00000e+00
    2.41416e+04    0.00000e+00    0.00000e+00    0.00000e+00    0.00000e+00    0.00000e+00    0.00000e+00
    2.53986e+04    0.00000e+00    0.00000e+00    0.00000e+00    0.00000e+00    0.00000e+00    0.00000e+00
    2.67211e+04    0.00000e+00    0.00000e+00    0.00000e+00    0.00000e+00    0.00000e+00    0.00000e+00
    2.81124e+04    0.00000e+00    0.00000e+00    0.00000e+00    0.00000e+00    0.00000e+00    0.00000e+00
    2.95762e+04    0.00000e+00    0.00000e+00    0.00000e+00    0.00000e+00    0.00000e+00    0.00000e+00
    3.11162e+04    0.00000e+00    0.00000e+00    0.00000e+00    0.00000e+00    0.00000e+00    0.00000e+00
    3.27363e+04    0.00000e+00    0.00000e+00    0.00000e+00    0.00000e+00    0.00000e+00    0.00000e+00
    3.44409e+04    0.00000e+00    0.00000e+00    0.00000e+00    0.00000e+00    0.00000e+00    0.00000e+00
    3.62342e+04    0.00000e+00    0.00000e+00    0.00000e+00    0.00000e+00    0.00000e+00    0.00000e+00
    3.81208e+04    0.00000e+00    0.00000e+00    0.00000e+00    0.00000e+00    0.00000e+00    0.00000e+00
    4.01057e+04    0.00000e+00    0.00000e+00    0.00000e+00    0.00000e+00    0.00000e+00    0.00000e+00
    4.21940e+04    0.00000e+00    0.00000e+00    0.00000e+00    0.00000e+00    0.00000e+00    0.00000e+00
    4.43910e+04    0.00000e+00    0.00000e+00    0.00000e+00    0.00000e+00    0.00000e+00    0.00000e+00
    4.67023e+04    0.00000e+00    0.00000e+00    0.00000e+00    0.00000e+00    0.00000e+00    0.00000e+00
    4.91341e+04    0.00000e+00    0.00000e+00    0.00000e+00    0.00000e+00    0.00000e+00    0.00000e+00
    5.16924e+04    0.00000e+00    0.00000e+00    0.00000e+00    0.00000e+00    0.00000e+00    0.00000e+00
    5.43840e+04    0.00000e+00    0.00000e+00    0.00000e+00    0.00000e+00    0.00000e+00    0.00000e+00
    5.72157e+04    0.00000e+00    0.00000e+00    0.00000e+00    0.00000e+00    0.00000e+00    0.00000e+00
    6.01948e+04    0.00000e+00    0.00000e+00    0.00000e+00    0.00000e+00    0.00000e+00    0.00000e+00
    6.33291e+04    0.00000e+00    0.00000e+00    0.00000e+00    0.00000e+00    0.00000e+00    0.00000e+00
    6.66265e+04    0.00000e+00    0.00000e+00    0.00000e+00    0.00000e+00    0.00000e+00    0.00000e+00
    7.00957e+04    0.00000e+00    0.00000e+00    0.00000e+00    0.00000e+00    0.00000e+00    0.00000e+00
    7.37455e+04    0.00000e+00    0.00000e+00    0.00000e+00    0.00000e+00    0.00000e+00    0.00000e+00
    7.75853e+04    0.00000e+00    0.00000e+00    0.00000e+00    0.00000e+00    0.00000e+00    0.00000e+00
    8.16251e+04    0.00000e+00    0.00000e+00    0.00000e+00    0.00000e+00    0.00000e+00    0.00000e+00
    8.58752e+04    0.00000e+00    0.00000e+00    0.00000e+00    0.00000e+00    0.00000e+00    0.00000e+00
    9.03466e+04    0.00000e+00    0.00000e+00    0.00000e+00    0.00000e+00    0.00000e+00    0.00000e+00
    9.50508e+04    0.00000e+00    0.00000e+00    0.00000e+00    0.00000e+00    0.00000e+00    0.00000e+00
    1.00000e+05    0.00000e+00    0.00000e+00    0.00000e+00    0.00000e+00    0.00000e+00    0.00000e+00
