# # E_gamma (MeV)  Final State Radiation (MeV^-1 s^-1)
5.145440e-01 8.175521e+17
5.413360e-01 7.720051e+17
5.695230e-01 7.287994e+17
5.991770e-01 6.877149e+17
6.303750e-01 6.487605e+17
6.631980e-01 6.117124e+17
6.977300e-01 5.766042e+17
7.340600e-01 5.432106e+17
7.722810e-01 5.115026e+17
8.124930e-01 4.815007e+17
8.547980e-01 4.529415e+17
8.993070e-01 4.259409e+17
9.461320e-01 4.002348e+17
9.953960e-01 3.758402e+17
1.047230e+00 3.528308e+17
1.101750e+00 3.309016e+17
1.159120e+00 3.100972e+17
1.219470e+00 2.905410e+17
1.282970e+00 2.718640e+17
1.349770e+00 2.541607e+17
1.420050e+00 2.373798e+17
1.493990e+00 2.217222e+17
1.571780e+00 2.066946e+17
1.653620e+00 1.924611e+17
1.739730e+00 1.789794e+17
1.830310e+00 1.665490e+17
1.925610e+00 1.545167e+17
2.025880e+00 1.431303e+17
2.131360e+00 1.323573e+17
2.242340e+00 1.221627e+17
2.359100e+00 1.130191e+17
2.481930e+00 1.039669e+17
2.611160e+00 9.540920e+16
2.747120e+00 8.731825e+16
2.890160e+00 7.966703e+16
3.040650e+00 7.242968e+16
3.198970e+00 6.638278e+16
3.365530e+00 6.000956e+16
3.540770e+00 5.399039e+16
3.725140e+00 4.830666e+16
3.919100e+00 4.294335e+16
4.123160e+00 3.788812e+16
4.337850e+00 3.313486e+16
4.563720e+00 2.868286e+16
4.801340e+00 2.577067e+16
5.051340e+00 2.199616e+16
5.314360e+00 1.852840e+16
5.591070e+00 1.537957e+16
5.882190e+00 1.256418e+16
6.188470e+00 1.009412e+16
6.510690e+00 7.972265e+15
6.849700e+00 6.192099e+15
7.206350e+00 4.734029e+15
7.581580e+00 3.568955e+15
7.976340e+00 2.657074e+15
8.391660e+00 1.958503e+15
8.828600e+00 1.431975e+15
9.288290e+00 1.038864e+15
9.771920e+00 7.480643e+14
1.028070e+01 6.458338e+14
1.081600e+01 4.587037e+14
1.137920e+01 3.195530e+14
1.197170e+01 2.166714e+14
1.259510e+01 1.415925e+14
1.325090e+01 8.891824e+13
1.394080e+01 5.379326e+13
1.466670e+01 3.152492e+13
1.543040e+01 1.815229e+13
1.623380e+01 1.029345e+13
1.707910e+01 5.753401e+12
1.796840e+01 3.150574e+12
1.890400e+01 1.633127e+12
1.988830e+01 7.961400e+11
2.092380e+01 3.689346e+11
2.201330e+01 1.642595e+11
2.315950e+01 7.282217e+10
2.436540e+01 3.105024e+10
2.563410e+01 1.229980e+10
2.696880e+01 4.606688e+09
2.837300e+01 1.599392e+09
2.985040e+01 5.487844e+08
3.140470e+01 1.798465e+08
3.303990e+01 5.170563e+07
3.476020e+01 1.452825e+07
3.657010e+01 3.825014e+06
3.847430e+01 8.998041e+05
4.047760e+01 2.099955e+05
4.258520e+01 4.262566e+04
4.480250e+01 8.191115e+03
4.713530e+01 1.437538e+03
4.958960e+01 2.171781e+02
5.217170e+01 3.312720e+01
5.488820e+01 4.147260e+00
5.774620e+01 4.230579e-01
6.075290e+01 5.214703e-02
6.391620e+01 4.356638e-03
6.724430e+01 3.578253e-04
7.074560e+01 2.690919e-05
7.442920e+01 1.348953e-06
7.830470e+01 8.849434e-08
8.238190e+01 3.950905e-09
8.667140e+01 1.650297e-10
9.118430e+01 5.130576e-12
9.593210e+01 1.424154e-13
1.009270e+02 3.809446e-15
1.061820e+02 7.539869e-17
1.117110e+02 1.074042e-18
1.175280e+02 1.502110e-20
1.236470e+02 1.642096e-22
1.300850e+02 1.166425e-24
1.368590e+02 8.226855e-27
1.439850e+02 3.927039e-29
1.514820e+02 1.348925e-31
1.593690e+02 4.203663e-34
1.676680e+02 7.323484e-37
1.763980e+02 1.250359e-39
1.855830e+02 1.113907e-42
1.952460e+02 9.443543e-46
2.054120e+02 4.095638e-49
2.161070e+02 1.512376e-52
2.273600e+02 3.323218e-56
2.391980e+02 4.286421e-60
2.516530e+02 4.359944e-64
2.647560e+02 2.408827e-68
2.785410e+02 7.175139e-73
2.930450e+02 1.374634e-77
3.083030e+02 1.611818e-82
3.243560e+02 1.030236e-87
3.412450e+02 3.409609e-93
3.590130e+02 5.741071e-99
3.777060e+02 4.790716e-105
3.973730e+02 1.887682e-111
4.180640e+02 3.323564e-118
4.398320e+02 2.633563e-125
4.627330e+02 1.021855e-132
4.868270e+02 1.604537e-140
5.121760e+02 7.956572e-149
5.388440e+02 1.970363e-157
5.669010e+02 1.279125e-166
5.964180e+02 3.707403e-176
6.274730e+02 2.873362e-186
6.601450e+02 6.242091e-197
6.945180e+02 4.072069e-208
7.306800e+02 7.084416e-220
7.687260e+02 3.041753e-232
8.087520e+02 3.189510e-245
8.508630e+02 6.722708e-259
8.951660e+02 2.294354e-273
9.417770e+02 1.825248e-288
9.908140e+02 2.008119e-304
1.042400e+03 0.000000e+00
