# # E_gamma (MeV)  Final State Radiation (MeV^-1 s^-1)
5.145440e-01 1.841225e+14
5.413360e-01 1.643852e+14
5.695230e-01 1.508568e+14
5.991770e-01 1.339930e+14
6.303750e-01 1.226947e+14
6.631980e-01 1.084411e+14
6.977300e-01 9.905064e+13
7.340600e-01 8.708630e+13
7.722810e-01 7.615413e+13
8.124930e-01 6.940945e+13
8.547980e-01 6.038186e+13
8.993070e-01 5.486148e+13
9.461320e-01 4.748665e+13
9.953960e-01 4.088919e+13
1.047230e+00 3.704147e+13
1.101750e+00 3.172310e+13
1.159120e+00 2.701382e+13
1.219470e+00 2.438706e+13
1.282970e+00 2.066037e+13
1.349770e+00 1.740558e+13
1.420050e+00 1.457392e+13
1.493990e+00 1.311201e+13
1.571780e+00 1.092050e+13
1.653620e+00 9.041274e+12
1.739730e+00 7.443351e+12
1.830310e+00 6.668509e+12
1.925610e+00 5.460547e+12
2.025880e+00 4.449511e+12
2.131360e+00 3.599807e+12
2.242340e+00 2.899853e+12
2.359100e+00 2.587202e+12
2.481930e+00 2.074499e+12
2.611160e+00 1.655479e+12
2.747120e+00 1.318239e+12
2.890160e+00 1.043514e+12
3.040650e+00 8.245596e+11
3.198970e+00 7.339347e+11
3.365530e+00 5.809996e+11
3.540770e+00 4.610836e+11
3.725140e+00 3.665820e+11
3.919100e+00 2.913044e+11
4.123160e+00 2.339205e+11
4.337850e+00 1.881769e+11
4.563720e+00 1.532805e+11
4.801340e+00 1.375013e+11
5.051340e+00 1.132216e+11
5.314360e+00 9.478730e+10
5.591070e+00 8.045526e+10
5.882190e+00 6.755552e+10
6.188470e+00 5.966073e+10
6.510690e+00 5.096956e+10
6.849700e+00 4.356471e+10
7.206350e+00 3.724452e+10
7.581580e+00 3.181352e+10
7.976340e+00 2.674833e+10
8.391660e+00 2.199746e+10
8.828600e+00 1.675428e+10
9.288290e+00 1.071620e+10
9.771920e+00 6.292578e+09
1.028070e+01 5.483844e+09
1.081600e+01 4.160659e+09
1.137920e+01 3.077744e+09
1.197170e+01 1.839535e+09
1.259510e+01 1.082405e+09
1.325090e+01 6.014830e+08
1.394080e+01 4.147221e+08
1.466670e+01 2.796739e+08
1.543040e+01 1.303368e+08
1.623380e+01 7.318997e+07
1.707910e+01 4.934030e+07
1.796840e+01 2.852134e+07
1.890400e+01 1.782515e+07
1.988830e+01 4.838772e+06
2.092380e+01 2.409892e+06
2.201330e+01 9.635707e+05
2.315950e+01 3.961670e+05
2.436540e+01 1.820704e+05
2.563410e+01 1.292697e+05
2.696880e+01 1.965682e+04
2.837300e+01 9.404190e+03
2.985040e+01 2.997081e+03
3.140470e+01 5.210754e+02
3.303990e+01 1.843881e+02
3.476020e+01 5.111910e+01
3.657010e+01 1.130133e+01
3.847430e+01 4.248816e+00
4.047760e+01 2.781591e+00
4.258520e+01 5.669121e-01
4.480250e+01 4.619888e-02
4.713530e+01 8.517853e-04
4.958960e+01 1.269762e-04
5.217170e+01 7.866774e-05
5.488820e+01 2.355387e-05
5.774620e+01 4.212129e-06
6.075290e+01 4.189190e-08
6.391620e+01 3.028071e-09
6.724430e+01 1.925241e-09
7.074560e+01 1.709128e-11
7.442920e+01 8.313546e-13
7.830470e+01 1.114846e-14
8.238190e+01 2.479998e-15
8.667140e+01 6.915267e-16
9.118430e+01 1.549693e-16
9.593210e+01 7.569481e-18
1.009270e+02 4.293998e-20
1.061820e+02 9.471423e-23
1.117110e+02 3.902882e-23
1.175280e+02 8.433026e-25
1.236470e+02 4.259353e-29
1.300850e+02 1.936333e-31
1.368590e+02 2.532536e-33
1.439850e+02 1.744714e-33
1.514820e+02 2.330614e-38
1.593690e+02 2.013500e-41
1.676680e+02 6.098399e-44
1.763980e+02 5.144685e-47
1.855830e+02 5.124880e-50
1.952460e+02 2.213100e-50
2.054120e+02 4.258563e-57
2.161070e+02 5.395819e-62
2.273600e+02 9.260667e-65
2.391980e+02 1.716342e-68
2.516530e+02 1.316556e-68
2.647560e+02 1.903311e-77
2.785410e+02 6.849195e-78
2.930450e+02 6.912291e-83
3.083030e+02 8.290948e-93
3.243560e+02 2.186027e-93
3.412450e+02 6.738709e-98
3.590130e+02 1.113626e-104
3.777060e+02 2.424810e-116
3.973730e+02 6.969458e-123
4.180640e+02 2.919727e-123
4.398320e+02 1.136892e-130
4.627330e+02 3.154048e-145
4.868270e+02 6.369762e-154
5.121760e+02 5.644598e-162
5.388440e+02 3.301438e-162
5.669010e+02 8.772143e-172
5.964180e+02 6.615837e-192
6.274730e+02 1.166383e-201
6.601450e+02 6.819063e-202
6.945180e+02 4.750646e-213
7.306800e+02 8.688207e-225
7.687260e+02 1.143179e-237
8.087520e+02 3.399041e-250
8.508630e+02 2.113948e-278
8.951660e+02 1.657621e-292
9.417770e+02 1.417670e-292
9.908140e+02 2.213719e-309
1.042400e+03 0.000000e+00
