# # E_gamma (MeV)  Final State Radiation (MeV^-1 s^-1)
5.145440e-01 2.251622e+20
5.413360e-01 2.140019e+20
5.695230e-01 2.033940e+20
5.991770e-01 1.933113e+20
6.303750e-01 1.837276e+20
6.631980e-01 1.746181e+20
6.977300e-01 1.659594e+20
7.340600e-01 1.577293e+20
7.722810e-01 1.499067e+20
8.124930e-01 1.424710e+20
8.547980e-01 1.354035e+20
8.993070e-01 1.286856e+20
9.461320e-01 1.223003e+20
9.953960e-01 1.162310e+20
1.047230e+00 1.104616e+20
1.101750e+00 1.049789e+20
1.159120e+00 9.976663e+19
1.219470e+00 9.481287e+19
1.282970e+00 9.010372e+19
1.349770e+00 8.562807e+19
1.420050e+00 8.137381e+19
1.493990e+00 7.733007e+19
1.571780e+00 7.348646e+19
1.653620e+00 6.983310e+19
1.739730e+00 6.636022e+19
1.830310e+00 6.305973e+19
1.925610e+00 5.992246e+19
2.025880e+00 5.694024e+19
2.131360e+00 5.410592e+19
2.242340e+00 5.141168e+19
2.359100e+00 4.885077e+19
2.481930e+00 4.641681e+19
2.611160e+00 4.410322e+19
2.747120e+00 4.190413e+19
2.890160e+00 3.981388e+19
3.040650e+00 3.782706e+19
3.198970e+00 3.593865e+19
3.365530e+00 3.414374e+19
3.540770e+00 3.243760e+19
3.725140e+00 3.081587e+19
3.919100e+00 2.927450e+19
4.123160e+00 2.780941e+19
4.337850e+00 2.641682e+19
4.563720e+00 2.509315e+19
4.801340e+00 2.383507e+19
5.051340e+00 2.263923e+19
5.314360e+00 2.150257e+19
5.591070e+00 2.042221e+19
5.882190e+00 1.939533e+19
6.188470e+00 1.841929e+19
6.510690e+00 1.749159e+19
6.849700e+00 1.660979e+19
7.206350e+00 1.577168e+19
7.581580e+00 1.497506e+19
7.976340e+00 1.421790e+19
8.391660e+00 1.349823e+19
8.828600e+00 1.281421e+19
9.288290e+00 1.216407e+19
9.771920e+00 1.154614e+19
1.028070e+01 1.095885e+19
1.081600e+01 1.040063e+19
1.137920e+01 9.870040e+18
1.197170e+01 9.365770e+18
1.259510e+01 8.886458e+18
1.325090e+01 8.430949e+18
1.394080e+01 7.998052e+18
1.466670e+01 7.586577e+18
1.543040e+01 7.195511e+18
1.623380e+01 6.823875e+18
1.707910e+01 6.470652e+18
1.796840e+01 6.134968e+18
1.890400e+01 5.815952e+18
1.988830e+01 5.512787e+18
2.092380e+01 5.224697e+18
2.201330e+01 4.950905e+18
2.315950e+01 4.690735e+18
2.436540e+01 4.443505e+18
2.563410e+01 4.208578e+18
2.696880e+01 3.985362e+18
2.837300e+01 3.773269e+18
2.985040e+01 3.571740e+18
3.140470e+01 3.380273e+18
3.303990e+01 3.198372e+18
3.476020e+01 3.025568e+18
3.657010e+01 2.861409e+18
3.847430e+01 2.705467e+18
4.047760e+01 2.557349e+18
4.258520e+01 2.416668e+18
4.480250e+01 2.283062e+18
4.713530e+01 2.156181e+18
4.958960e+01 2.035696e+18
5.217170e+01 1.921297e+18
5.488820e+01 1.812690e+18
5.774620e+01 1.709588e+18
6.075290e+01 1.611729e+18
6.391620e+01 1.518852e+18
6.724430e+01 1.430715e+18
7.074560e+01 1.347092e+18
7.442920e+01 1.267762e+18
7.830470e+01 1.192514e+18
8.238190e+01 1.121155e+18
8.667140e+01 1.053492e+18
9.118430e+01 9.893480e+17
9.593210e+01 9.285523e+17
1.009270e+02 8.709429e+17
1.061820e+02 8.163631e+17
1.117110e+02 7.646624e+17
1.175280e+02 7.157029e+17
1.236470e+02 6.693575e+17
1.300850e+02 6.254881e+17
1.368590e+02 5.839703e+17
1.439850e+02 5.446959e+17
1.514820e+02 5.075482e+17
1.593690e+02 4.724207e+17
1.676680e+02 4.392031e+17
1.763980e+02 4.078057e+17
1.855830e+02 3.781268e+17
1.952460e+02 3.500763e+17
2.054120e+02 3.235645e+17
2.161070e+02 2.985055e+17
2.273600e+02 2.748130e+17
2.391980e+02 2.524104e+17
2.516530e+02 2.312171e+17
2.647560e+02 2.111603e+17
2.785410e+02 1.921683e+17
2.930450e+02 1.741722e+17
3.083030e+02 1.571141e+17
3.243560e+02 1.409378e+17
3.412450e+02 1.255992e+17
3.590130e+02 1.110696e+17
3.777060e+02 9.733235e+16
3.973730e+02 8.439331e+16
4.180640e+02 7.228299e+16
4.398320e+02 6.104627e+16
4.627330e+02 5.075798e+16
4.868270e+02 4.148793e+16
5.121760e+02 3.329919e+16
5.388440e+02 2.623666e+16
5.669010e+02 2.029528e+16
5.964180e+02 1.542907e+16
6.274730e+02 1.154486e+16
6.601450e+02 8.525173e+15
6.945180e+02 6.224632e+15
7.306800e+02 4.506440e+15
7.687260e+02 3.243388e+15
8.087520e+02 2.317339e+15
8.508630e+02 1.641928e+15
8.951660e+02 1.146266e+15
9.417770e+02 7.809030e+14
9.908140e+02 5.146809e+14
1.042400e+03 3.253022e+14
1.096680e+03 1.971305e+14
1.153780e+03 1.156218e+14
1.213860e+03 6.593420e+13
1.277060e+03 3.714258e+13
1.343560e+03 2.071354e+13
1.413520e+03 1.130593e+13
1.487120e+03 5.962817e+12
1.564550e+03 2.941383e+12
1.646010e+03 1.361743e+12
1.731720e+03 6.130775e+11
1.821890e+03 2.669749e+11
1.916750e+03 1.150903e+11
2.016550e+03 4.694941e+10
2.121550e+03 1.735121e+10
2.232020e+03 6.191661e+09
2.348230e+03 2.101562e+09
2.470500e+03 6.874240e+08
2.599140e+03 2.121738e+08
2.734470e+03 5.734254e+07
2.876850e+03 1.545462e+07
3.026650e+03 3.920375e+06
3.184240e+03 8.369762e+05
3.350040e+03 1.860634e+05
3.524470e+03 3.618112e+04
3.707990e+03 5.971592e+03
3.901060e+03 1.059336e+03
4.104180e+03 1.474772e+02
4.317880e+03 1.994508e+01
4.542710e+03 2.474378e+00
4.779240e+03 2.246590e-01
5.028090e+03 2.544072e-02
5.289890e+03 1.936219e-03
5.565330e+03 1.271814e-04
5.855110e+03 9.848306e-06
6.159980e+03 4.497485e-07
6.480720e+03 2.409583e-08
6.818160e+03 1.096671e-09
7.173170e+03 3.695090e-11
7.546670e+03 1.030419e-12
7.939620e+03 2.819050e-14
8.353020e+03 6.312641e-16
8.787950e+03 9.620661e-18
9.245530e+03 1.327317e-19
9.726930e+03 1.655679e-21
1.023340e+04 1.292851e-23
1.076620e+04 8.973053e-26
1.132680e+04 5.188300e-28
1.191660e+04 1.805489e-30
1.253710e+04 6.286706e-33
1.318990e+04 1.244291e-35
1.387660e+04 2.211580e-38
1.459920e+04 2.368171e-41
1.535930e+04 2.108829e-44
1.615910e+04 1.060177e-47
1.700050e+04 4.660490e-51
1.788570e+04 1.022953e-54
1.881690e+04 1.806455e-58
1.979670e+04 1.997691e-62
2.082750e+04 1.143575e-66
2.191200e+04 4.507828e-71
2.305290e+04 1.146792e-75
2.425320e+04 1.564225e-80
2.551610e+04 1.114000e-85
2.684460e+04 4.263839e-91
2.824240e+04 8.718883e-97
2.971300e+04 9.240334e-103
3.126010e+04 4.905266e-109
3.288770e+04 1.243150e-115
3.460020e+04 1.360631e-122
3.640170e+04 5.834209e-130
3.829710e+04 1.133342e-137
4.029120e+04 1.011698e-145
4.238910e+04 2.577857e-154
4.459630e+04 3.188884e-163
4.691830e+04 9.993151e-173
4.936130e+04 1.264127e-182
5.193150e+04 4.841618e-193
5.463550e+04 4.800658e-204
5.748030e+04 1.283748e-215
6.047320e+04 8.928450e-228
6.362200e+04 1.435144e-240
6.693470e+04 4.377681e-254
7.041990e+04 3.032208e-268
7.408660e+04 3.815926e-283
7.794420e+04 8.393112e-299
8.200260e+04 0.000000e+00
