# E_gamma(MeV)   IFA_secondary_masked(MeV^-1 s^-1)
5.145440e-01 3.362145e+20
5.413360e-01 5.255955e+20
5.695230e-01 7.379198e+20
5.991770e-01 8.991285e+20
6.303750e-01 1.020596e+21
6.631980e-01 1.102652e+21
6.977300e-01 1.151555e+21
7.340600e-01 1.174438e+21
7.722810e-01 1.177543e+21
8.124930e-01 1.165890e+21
8.547980e-01 1.143402e+21
8.993070e-01 1.113109e+21
9.461320e-01 1.077343e+21
9.953960e-01 1.037899e+21
1.047230e+00 9.961504e+20
1.101750e+00 9.531476e+20
1.159120e+00 9.096836e+20
1.219470e+00 8.663596e+20
1.282970e+00 8.236202e+20
1.349770e+00 7.817966e+20
1.420050e+00 7.411271e+20
1.493990e+00 7.017817e+20
1.571780e+00 6.638699e+20
1.653620e+00 6.274646e+20
1.739730e+00 5.926039e+20
1.830310e+00 5.592998e+20
1.925610e+00 5.275457e+20
2.025880e+00 4.973210e+20
2.131360e+00 4.685917e+20
2.242340e+00 4.413169e+20
2.359100e+00 4.154500e+20
2.481930e+00 3.909394e+20
2.611160e+00 3.677316e+20
2.747120e+00 3.457721e+20
2.890160e+00 3.250051e+20
3.040650e+00 3.053755e+20
3.198970e+00 2.868292e+20
3.365530e+00 2.693132e+20
3.540770e+00 2.527759e+20
3.725140e+00 2.371674e+20
3.919100e+00 2.224396e+20
4.123160e+00 2.085465e+20
4.337850e+00 1.954441e+20
4.563720e+00 1.830898e+20
4.801340e+00 1.714433e+20
5.051340e+00 1.604664e+20
5.314360e+00 1.501226e+20
5.591070e+00 1.403771e+20
5.882190e+00 1.311976e+20
6.188470e+00 1.225530e+20
6.510690e+00 1.144144e+20
6.849700e+00 1.067538e+20
7.206350e+00 9.954530e+19
7.581580e+00 9.276422e+19
7.976340e+00 8.638734e+19
8.391660e+00 8.039256e+19
8.828600e+00 7.475926e+19
9.288290e+00 6.946778e+19
9.771920e+00 6.449949e+19
1.028070e+01 5.983688e+19
1.081600e+01 5.546345e+19
1.137920e+01 5.136338e+19
1.197170e+01 4.752187e+19
1.259510e+01 4.392502e+19
1.325090e+01 4.055903e+19
1.394080e+01 3.741189e+19
1.466670e+01 3.447142e+19
1.543040e+01 3.172606e+19
1.623380e+01 2.916503e+19
1.707910e+01 2.677827e+19
1.796840e+01 2.455591e+19
1.890400e+01 2.248872e+19
1.988830e+01 2.056799e+19
2.092380e+01 1.878496e+19
2.201330e+01 1.713248e+19
2.315950e+01 1.560211e+19
2.436540e+01 1.418686e+19
2.563410e+01 1.287982e+19
2.696880e+01 1.167464e+19
2.837300e+01 1.056447e+19
2.985040e+01 9.543537e+18
3.140470e+01 8.606131e+18
3.303990e+01 7.746749e+18
3.476020e+01 6.960183e+18
3.657010e+01 6.241461e+18
3.847430e+01 5.585896e+18
4.047760e+01 4.988989e+18
4.258520e+01 4.446549e+18
4.480250e+01 3.954506e+18
4.713530e+01 3.509087e+18
4.958960e+01 3.106697e+18
5.217170e+01 2.743934e+18
5.488820e+01 2.417600e+18
5.774620e+01 2.124774e+18
6.075290e+01 1.862609e+18
6.391620e+01 1.628415e+18
6.724430e+01 1.419754e+18
7.074560e+01 1.234312e+18
7.442920e+01 1.069950e+18
7.830470e+01 9.246738e+17
8.238190e+01 7.966339e+17
8.667140e+01 6.840936e+17
9.118430e+01 5.855063e+17
9.593210e+01 4.994060e+17
1.009270e+02 4.244195e+17
1.061820e+02 3.593615e+17
1.117110e+02 3.031342e+17
1.175280e+02 2.546895e+17
1.236470e+02 2.131001e+17
1.300850e+02 1.775517e+17
1.368590e+02 1.473107e+17
1.439850e+02 1.216475e+17
1.514820e+02 9.998577e+16
1.593690e+02 8.177676e+16
1.676680e+02 6.654553e+16
1.763980e+02 5.385632e+16
1.855830e+02 4.336935e+16
1.952460e+02 3.472226e+16
2.054120e+02 2.763763e+16
2.161070e+02 2.186904e+16
2.273600e+02 1.719572e+16
2.391980e+02 1.343112e+16
2.516530e+02 1.042375e+16
2.647560e+02 8.037291e+15
2.785410e+02 6.153182e+15
2.930450e+02 4.675233e+15
3.083030e+02 3.527214e+15
3.243560e+02 2.639350e+15
3.412450e+02 1.959656e+15
3.590130e+02 1.443456e+15
3.777060e+02 1.054170e+15
3.973730e+02 7.626634e+14
4.180640e+02 5.469333e+14
4.398320e+02 3.880214e+14
4.627330e+02 2.721528e+14
4.868270e+02 1.893959e+14
5.121760e+02 1.299943e+14
5.388440e+02 8.838437e+13
5.669010e+02 5.911592e+13
5.964180e+02 3.893119e+13
6.274730e+02 2.533547e+13
6.601450e+02 1.623357e+13
6.945180e+02 1.023311e+13
7.306800e+02 6.403029e+12
7.687260e+02 3.965213e+12
8.087520e+02 2.419216e+12
8.508630e+02 1.467979e+12
8.951660e+02 8.932868e+11
9.417770e+02 5.482642e+11
9.908140e+02 3.404780e+11
1.042400e+03 2.127152e+11
1.096680e+03 1.306512e+11
1.153780e+03 7.371095e+10
1.213860e+03 4.032309e+10
1.277060e+03 2.183155e+10
1.343560e+03 1.170953e+10
1.413520e+03 6.258851e+09
1.487120e+03 3.120468e+09
1.564550e+03 1.713794e+09
1.646010e+03 7.629008e+08
1.731720e+03 3.957113e+08
1.821890e+03 1.764716e+08
1.916750e+03 7.337990e+07
2.016550e+03 3.029240e+07
2.121550e+03 1.335011e+07
2.232020e+03 7.571803e+06
2.348230e+03 3.710864e+06
2.470500e+03 1.713871e+06
