Energy (MeV)   Inflight Annihilation Flux
1.000000000000000021e-03 9.740067999999975000e+14
1.052070000000000002e-03 9.740067999999975000e+14
1.106849999999999935e-03 9.740067999999975000e+14
1.164479999999999855e-03 9.740067999999975000e+14
1.225109999999999958e-03 9.740067999999975000e+14
1.288900000000000158e-03 9.740067999999975000e+14
1.356019999999999882e-03 9.740067999999975000e+14
1.426619999999999971e-03 9.740067999999975000e+14
1.500900000000000107e-03 9.740067999999975000e+14
1.579050000000000028e-03 9.740067999999975000e+14
1.661270000000000064e-03 9.740067999999975000e+14
1.747770000000000053e-03 9.740067999999975000e+14
1.838779999999999928e-03 9.740067999999975000e+14
1.934519999999999903e-03 9.740067999999975000e+14
2.035250000000000167e-03 9.740067999999975000e+14
2.141220000000000102e-03 9.740067999999975000e+14
2.252709999999999782e-03 9.740067999999975000e+14
2.370010000000000085e-03 9.740067999999975000e+14
2.493410000000000157e-03 9.740067999999975000e+14
2.623239999999999773e-03 9.740067999999975000e+14
2.759830000000000009e-03 9.740067999999975000e+14
2.903529999999999653e-03 9.740067999999975000e+14
3.054709999999999977e-03 9.740067999999975000e+14
3.213760000000000401e-03 9.740067999999975000e+14
3.381100000000000164e-03 9.740067999999975000e+14
3.557149999999999809e-03 9.740067999999975000e+14
3.742370000000000071e-03 9.740067999999975000e+14
3.937229999999999897e-03 9.740067999999975000e+14
4.142230000000000217e-03 9.740067999999975000e+14
4.357910000000000429e-03 9.740067999999975000e+14
4.584819999999999868e-03 9.740067999999975000e+14
4.823549999999999366e-03 9.740067999999975000e+14
5.074709999999999638e-03 9.740067999999975000e+14
5.338940000000000352e-03 9.740067999999975000e+14
5.616930000000000013e-03 9.740067999999975000e+14
5.909399999999999549e-03 9.740067999999975000e+14
6.217090000000000637e-03 9.740067999999975000e+14
6.540810000000000200e-03 9.740067999999975000e+14
6.881380000000000309e-03 9.740067999999975000e+14
7.239680000000000074e-03 9.740067999999975000e+14
7.616640000000000042e-03 9.740067999999975000e+14
8.013229999999999659e-03 9.740067999999975000e+14
8.430469999999998937e-03 9.740067999999975000e+14
8.869430000000001063e-03 9.740067999999975000e+14
9.331249999999999267e-03 9.740067999999975000e+14
9.817119999999998625e-03 9.740067999999975000e+14
1.032830000000000033e-02 9.740067999999975000e+14
1.086609999999999833e-02 9.740067999999975000e+14
1.143179999999999891e-02 9.740067999999975000e+14
1.202710000000000064e-02 9.740067999999975000e+14
1.265329999999999927e-02 9.740067999999975000e+14
1.331219999999999973e-02 9.740067999999975000e+14
1.400530000000000004e-02 9.740067999999975000e+14
1.473449999999999933e-02 9.740067999999975000e+14
1.550180000000000134e-02 9.740067999999975000e+14
1.630889999999999770e-02 9.740067999999975000e+14
1.715810000000000252e-02 9.740067999999975000e+14
1.805150000000000157e-02 9.740067999999975000e+14
1.899139999999999856e-02 9.740067999999975000e+14
1.998029999999999945e-02 9.740067999999975000e+14
2.102060000000000040e-02 9.740067999999975000e+14
2.211510000000000212e-02 9.740067999999975000e+14
2.326659999999999839e-02 9.740067999999975000e+14
2.447809999999999916e-02 9.740067999999975000e+14
2.575260000000000049e-02 9.740067999999975000e+14
2.709349999999999953e-02 9.740067999999975000e+14
2.850429999999999978e-02 9.740067999999975000e+14
2.998839999999999839e-02 9.740067999999975000e+14
3.154989999999999878e-02 9.740067999999975000e+14
3.319269999999999859e-02 9.740067999999975000e+14
3.492100000000000065e-02 9.740067999999975000e+14
3.673919999999999964e-02 9.740067999999975000e+14
3.865220000000000461e-02 9.740067999999975000e+14
4.066479999999999401e-02 9.740067999999975000e+14
4.278209999999999652e-02 9.740067999999975000e+14
4.500979999999999565e-02 9.740067999999975000e+14
4.735330000000000095e-02 9.740067999999975000e+14
4.981899999999999523e-02 9.740067999999975000e+14
5.241300000000000125e-02 9.740067999999975000e+14
5.514209999999999945e-02 9.740067999999975000e+14
5.801320000000000088e-02 9.740067999999975000e+14
6.103389999999999510e-02 9.740067999999975000e+14
6.421189999999998843e-02 9.740067999999975000e+14
6.755529999999999868e-02 9.740067999999975000e+14
7.107280000000000542e-02 9.740067999999975000e+14
7.477350000000000663e-02 9.740067999999975000e+14
7.866679999999999506e-02 9.740067999999975000e+14
8.276290000000000036e-02 9.740067999999975000e+14
8.707220000000000237e-02 9.740067999999975000e+14
9.160600000000000687e-02 9.740067999999975000e+14
9.637579999999999758e-02 9.740067999999975000e+14
1.013939999999999980e-01 9.740067999999975000e+14
1.066730000000000039e-01 9.740067999999975000e+14
1.122279999999999944e-01 9.740067999999975000e+14
1.180709999999999954e-01 9.740067999999975000e+14
1.242190000000000100e-01 9.740067999999975000e+14
1.306869999999999976e-01 9.740067999999975000e+14
1.374920000000000031e-01 9.740067999999975000e+14
1.446510000000000018e-01 9.740067999999975000e+14
1.521829999999999850e-01 9.740067999999975000e+14
1.601059999999999983e-01 9.740067999999975000e+14
1.684430000000000094e-01 9.740067999999975000e+14
1.772140000000000104e-01 9.740067999999975000e+14
1.864409999999999956e-01 9.740067999999975000e+14
1.961490000000000178e-01 9.740067999999975000e+14
2.063619999999999899e-01 9.740067999999975000e+14
2.171069999999999944e-01 9.740067999999975000e+14
2.284110000000000029e-01 9.740067999999975000e+14
2.403039999999999898e-01 9.740067999999975000e+14
2.528170000000000139e-01 9.740067999999975000e+14
2.659800000000000497e-01 9.740067999999975000e+14
2.798300000000000232e-01 9.740067999999975000e+14
2.943999999999999950e-01 9.740067999999975000e+14
3.097290000000000321e-01 9.740067999999975000e+14
3.258560000000000345e-01 9.740067999999975000e+14
3.428230000000000444e-01 9.740067999999975000e+14
3.606730000000000214e-01 9.740067999999975000e+14
3.794529999999999847e-01 9.740067999999975000e+14
3.992109999999999825e-01 9.740067999999975000e+14
4.199970000000000092e-01 9.740067999999975000e+14
4.418660000000000365e-01 9.740067999999975000e+14
4.648729999999999807e-01 9.740067999999975000e+14
4.890789999999999860e-01 9.740067999999975000e+14
5.145440000000000014e-01 9.740067999999975000e+14
5.413360000000000394e-01 1.105275000000002000e+16
5.695230000000000015e-01 4.565930000000000800e+16
5.991769999999999596e-01 1.101322999999999200e+17
6.303750000000000187e-01 2.001240999999999680e+17
6.631980000000000652e-01 3.077693000000008320e+17
6.977300000000000724e-01 4.183666000000014080e+17
7.340600000000000458e-01 5.110327000000017280e+17
7.722809999999999953e-01 5.761048000000016000e+17
8.124929999999999097e-01 6.146001000000020480e+17
8.547980000000000578e-01 6.309468000000006400e+17
8.993069999999999675e-01 6.299305000000019200e+17
9.461319999999999730e-01 6.157890000000011520e+17
9.953959999999999475e-01 5.920394999999991040e+17
1.047229999999999883e+00 5.615195000000019200e+17
1.101750000000000007e+00 5.264685000000011520e+17
1.159119999999999928e+00 4.886092999999992320e+17
1.219470000000000054e+00 4.492707000000007680e+17
1.282969999999999944e+00 4.094749999999998720e+17
1.349769999999999914e+00 3.700150999999998080e+17
1.420050000000000034e+00 3.315031000000001280e+17
1.493989999999999929e+00 2.944156000000005120e+17
1.571779999999999955e+00 2.591203000000008960e+17
1.653619999999999868e+00 2.259043000000005120e+17
1.739729999999999999e+00 1.949865999999996800e+17
1.830309999999999881e+00 1.665297000000002560e+17
1.925609999999999822e+00 1.406462999999997120e+17
2.025879999999999903e+00 1.174001999999996640e+17
2.131359999999999921e+00 9.680480999999995200e+16
2.242340000000000000e+00 7.882362000000000000e+16
2.359099999999999753e+00 6.336767999999988800e+16
2.481929999999999747e+00 5.029727000000004800e+16
2.611159999999999926e+00 3.942862000000008000e+16
2.747120000000000228e+00 3.054182000000000000e+16
2.890160000000000284e+00 2.339397000000001600e+16
3.040650000000000297e+00 1.773393000000001800e+16
3.198970000000000091e+00 1.331509000000002000e+16
3.365529999999999688e+00 9.907265000000036000e+15
3.540769999999999751e+00 7.305734999999983000e+15
3.725140000000000118e+00 5.335476000000008000e+15
3.919099999999999806e+00 3.852509999999999500e+15
4.123159999999999492e+00 2.742961000000004000e+15
4.337849999999999540e+00 1.919141000000006000e+15
4.563719999999999999e+00 1.314332999999998500e+15
4.801340000000000607e+00 8.779481999999993750e+14
5.051339999999999719e+00 5.705300000000007500e+14
5.314359999999999751e+00 3.603573999999998750e+14
5.591070000000000206e+00 2.215356999999992812e+14
5.882189999999999586e+00 1.329708999999995781e+14
6.188469999999999693e+00 7.818167000000007812e+13
6.510690000000000310e+00 4.512377000000001562e+13
6.849700000000000344e+00 2.552846000000004297e+13
7.206350000000000477e+00 1.408153000000000781e+13
7.581579999999999764e+00 7.518305000000006836e+12
7.976340000000000430e+00 3.853140000000006348e+12
8.391659999999999897e+00 1.888993000000000244e+12
8.828600000000001558e+00 8.912334000000007324e+11
9.288289999999999935e+00 4.071845999999993286e+11
9.771919999999999717e+00 1.806224000000002441e+11
1.028069999999999951e+01 7.750487000000004578e+10
1.081599999999999895e+01 3.156602000000001144e+10
1.137920000000000087e+01 1.212751999999998665e+10
1.197170000000000023e+01 4.433796999999993324e+09
1.259510000000000041e+01 1.548476999999998093e+09
1.325089999999999968e+01 5.213392000000006557e+08
1.394079999999999941e+01 1.648760000000002384e+08
1.466669999999999874e+01 4.785315999999994785e+07
1.543040000000000056e+01 1.332829000000000745e+07
1.623379999999999868e+01 3.490254000000001397e+06
1.707910000000000039e+01 8.376202000000004191e+05
1.796839999999999904e+01 1.909433000000000466e+05
1.890399999999999991e+01 3.954319000000002416e+04
1.988830000000000098e+01 7.521639000000001033e+03
2.092379999999999995e+01 1.369722999999999274e+03
2.201330000000000098e+01 2.182579000000000633e+02
2.315950000000000131e+01 3.234171000000000618e+01
2.436539999999999750e+01 4.338129000000075841e+00
2.563410000000000011e+01 4.882071000000000049e-01
2.696880000000000166e+01 5.677727999999999248e-02
2.837299999999999756e+01 5.819445999999998953e-03
2.985040000000000049e+01 5.670239000000001396e-04
3.140470000000000184e+01 1.526260999999999514e-04
3.303989999999999583e+01 3.386452999999999610e-05
3.476019999999999754e+01 1.182709000000000334e-05
3.657010000000000360e+01 3.004572999999971936e-06
3.847429999999999950e+01 1.077947000000000117e-06
4.047760000000000247e+01 2.701790999999998071e-07
4.258519999999999328e+01 9.864165000000000502e-08
4.480250000000000199e+01 2.424829999999995648e-08
4.713530000000000086e+01 8.997268000000013727e-09
4.958959999999999724e+01 2.171609000000002277e-09
5.217170000000000130e+01 8.180367999999988765e-10
5.488819999999999766e+01 1.940490999999998340e-10
5.774619999999999465e+01 7.414204000000137345e-11
6.075289999999999679e+01 1.730490000000001525e-11
6.391620000000000346e+01 6.700786999999994801e-12
6.724430000000000973e+01 1.540420999999997360e-12
7.074560000000001025e+01 6.040256999999991354e-13
7.442919999999999447e+01 1.368951999999999073e-13
7.830470000000001107e+01 5.432844999999997032e-14
8.238189999999998747e+01 1.215290000000036517e-14
8.667139999999999134e+01 4.874682000000061724e-15
9.118429999999999325e+01 1.074516000000000676e-15
9.593210000000000548e+01 4.386972999999987696e-16
1.009270000000000067e+02 9.550906000000014251e-17
1.061820000000000022e+02 3.892735000000013052e-17
1.117109999999999985e+02 8.405961000000004971e-18
1.175279999999999916e+02 3.463870999999997706e-18
1.236470000000000056e+02 7.488930999999986479e-19
1.300850000000000080e+02 3.085276999999989912e-19
1.368590000000000089e+02 6.508312000000012793e-20
1.439850000000000136e+02 2.742400999999990765e-20
1.514819999999999993e+02 5.722658000000015724e-21
1.593689999999999998e+02 2.426672999999993488e-21
1.676680000000000064e+02 5.021622000000016314e-22
1.763979999999999961e+02 2.141695999999997227e-22
1.855829999999999984e+02 4.397328000000002082e-23
1.952460000000000093e+02 1.892759999999996808e-23
2.054120000000000061e+02 3.861049999999991318e-24
2.161069999999999993e+02 1.675627000000005202e-24
2.273600000000000136e+02 3.378540000000002024e-25
2.391980000000000075e+02 1.471949999999995006e-25
2.516530000000000200e+02 2.942772999999994303e-26
2.647559999999999718e+02 1.292616000000001114e-26
2.785409999999999968e+02 2.572722999999993347e-27
2.930450000000000159e+02 1.136863000000002161e-27
3.083029999999999973e+02 2.263772000000006466e-28
3.243559999999999945e+02 1.015142000000003639e-28
3.412450000000000045e+02 2.137741999999993492e-29
3.590130000000000337e+02 1.029050999999996832e-29
3.777059999999999604e+02 2.854433999999987117e-30
3.973729999999999905e+02 1.534521000000004721e-30
4.180639999999999645e+02 1.000000000000002360e-30
4.398319999999999936e+02 1.000000000000002360e-30
4.627330000000000041e+02 1.000000000000002360e-30
4.868269999999999982e+02 1.000000000000002360e-30
5.121759999999999309e+02 1.000000000000002360e-30
5.388439999999999372e+02 1.000000000000002360e-30
5.669009999999999536e+02 1.000000000000002360e-30
5.964180000000000064e+02 1.000000000000002360e-30
6.274729999999999563e+02 1.000000000000002360e-30
6.601449999999999818e+02 1.000000000000002360e-30
6.945179999999999154e+02 1.000000000000002360e-30
7.306799999999999500e+02 1.000000000000002360e-30
7.687259999999999991e+02 1.000000000000002360e-30
8.087520000000000664e+02 1.000000000000002360e-30
8.508630000000000564e+02 1.000000000000002360e-30
8.951660000000000537e+02 1.000000000000002360e-30
9.417769999999999300e+02 1.000000000000002360e-30
9.908139999999999645e+02 1.000000000000002360e-30
1.042400000000000091e+03 1.000000000000002360e-30
1.096680000000000064e+03 1.000000000000002360e-30
1.153779999999999973e+03 1.000000000000002360e-30
1.213859999999999900e+03 1.000000000000002360e-30
1.277060000000000173e+03 1.000000000000002360e-30
1.343560000000000173e+03 1.000000000000002360e-30
1.413520000000000209e+03 1.000000000000002360e-30
1.487119999999999891e+03 1.000000000000002360e-30
1.564550000000000182e+03 1.000000000000002360e-30
1.646009999999999991e+03 1.000000000000002360e-30
1.731720000000000027e+03 1.000000000000002360e-30
1.821890000000000100e+03 1.000000000000002360e-30
1.916750000000000000e+03 1.000000000000002360e-30
2.016549999999999955e+03 1.000000000000002360e-30
2.121550000000000182e+03 1.000000000000002360e-30
2.232019999999999982e+03 1.000000000000002360e-30
2.348230000000000018e+03 1.000000000000002360e-30
2.470500000000000000e+03 1.000000000000002360e-30
2.599139999999999873e+03 1.000000000000002360e-30
2.734469999999999800e+03 1.000000000000002360e-30
2.876849999999999909e+03 1.000000000000002360e-30
3.026650000000000091e+03 1.000000000000002360e-30
3.184239999999999782e+03 1.000000000000002360e-30
3.350039999999999964e+03 1.000000000000002360e-30
3.524469999999999800e+03 1.000000000000002360e-30
3.707990000000000236e+03 1.000000000000002360e-30
3.901060000000000400e+03 1.000000000000002360e-30
4.104180000000000291e+03 1.000000000000002360e-30
4.317880000000000109e+03 1.000000000000002360e-30
4.542709999999999127e+03 1.000000000000002360e-30
4.779239999999999782e+03 1.000000000000002360e-30
5.028090000000000146e+03 1.000000000000002360e-30
5.289889999999999418e+03 1.000000000000002360e-30
5.565329999999999927e+03 1.000000000000002360e-30
5.855109999999999673e+03 1.000000000000002360e-30
6.159979999999999563e+03 1.000000000000002360e-30
6.480720000000000255e+03 1.000000000000002360e-30
6.818159999999999854e+03 1.000000000000002360e-30
7.173170000000000073e+03 1.000000000000002360e-30
7.546670000000000073e+03 1.000000000000002360e-30
7.939619999999999891e+03 1.000000000000002360e-30
8.353020000000000437e+03 1.000000000000002360e-30
8.787950000000000728e+03 1.000000000000002360e-30
9.245530000000000655e+03 1.000000000000002360e-30
9.726930000000000291e+03 1.000000000000002360e-30
1.023339999999999964e+04 1.000000000000002360e-30
1.076619999999999891e+04 1.000000000000002360e-30
1.132680000000000109e+04 1.000000000000002360e-30
1.191660000000000036e+04 1.000000000000002360e-30
1.253710000000000036e+04 1.000000000000002360e-30
1.318989999999999964e+04 1.000000000000002360e-30
1.387660000000000036e+04 1.000000000000002360e-30
1.459919999999999891e+04 1.000000000000002360e-30
1.535929999999999927e+04 1.000000000000002360e-30
1.615909999999999854e+04 1.000000000000002360e-30
1.700050000000000000e+04 1.000000000000002360e-30
1.788570000000000073e+04 1.000000000000002360e-30
1.881690000000000146e+04 1.000000000000002360e-30
1.979670000000000073e+04 1.000000000000002360e-30
2.082750000000000000e+04 1.000000000000002360e-30
2.191200000000000000e+04 1.000000000000002360e-30
2.305290000000000146e+04 1.000000000000002360e-30
2.425320000000000073e+04 1.000000000000002360e-30
2.551610000000000218e+04 1.000000000000002360e-30
2.684459999999999854e+04 1.000000000000002360e-30
2.824240000000000146e+04 1.000000000000002360e-30
2.971300000000000000e+04 1.000000000000002360e-30
3.126010000000000218e+04 1.000000000000002360e-30
3.288770000000000437e+04 1.000000000000002360e-30
3.460020000000000437e+04 1.000000000000002360e-30
3.640169999999999709e+04 1.000000000000002360e-30
3.829709999999999854e+04 1.000000000000002360e-30
4.029120000000000437e+04 1.000000000000002360e-30
4.238909999999999854e+04 1.000000000000002360e-30
4.459630000000000291e+04 1.000000000000002360e-30
4.691830000000000291e+04 1.000000000000002360e-30
4.936130000000000291e+04 1.000000000000002360e-30
5.193150000000000000e+04 1.000000000000002360e-30
5.463550000000000000e+04 1.000000000000002360e-30
5.748030000000000291e+04 1.000000000000002360e-30
6.047319999999999709e+04 1.000000000000002360e-30
6.362200000000000000e+04 1.000000000000002360e-30
6.693470000000001164e+04 1.000000000000002360e-30
7.041989999999999418e+04 1.000000000000002360e-30
7.408660000000000582e+04 1.000000000000002360e-30
7.794419999999999709e+04 1.000000000000002360e-30
8.200260000000000582e+04 1.000000000000002360e-30
8.627240000000000873e+04 1.000000000000002360e-30
9.076450000000000000e+04 1.000000000000002360e-30
9.549039999999999418e+04 1.000000000000002360e-30
1.004630000000000000e+05 1.000000000000002360e-30
1.056930000000000000e+05 1.000000000000002360e-30
1.111970000000000000e+05 1.000000000000002360e-30
1.169870000000000000e+05 1.000000000000002360e-30
1.230780000000000000e+05 1.000000000000002360e-30
1.294859999999999854e+05 1.000000000000002360e-30
1.362290000000000000e+05 1.000000000000002360e-30
1.433220000000000000e+05 1.000000000000002360e-30
1.507850000000000000e+05 1.000000000000002360e-30
1.586360000000000000e+05 1.000000000000002360e-30
1.668960000000000000e+05 1.000000000000002360e-30
1.755860000000000000e+05 1.000000000000002360e-30
1.847280000000000000e+05 1.000000000000002360e-30
1.943470000000000000e+05 1.000000000000002360e-30
2.044660000000000000e+05 1.000000000000002360e-30
2.151120000000000000e+05 1.000000000000002360e-30
2.263130000000000000e+05 1.000000000000002360e-30
2.380970000000000000e+05 1.000000000000002360e-30
2.504940000000000000e+05 1.000000000000002360e-30
2.635370000000000000e+05 1.000000000000002360e-30
2.772590000000000000e+05 1.000000000000002360e-30
2.916960000000000000e+05 1.000000000000002360e-30
3.068840000000000000e+05 1.000000000000002360e-30
3.228630000000000000e+05 1.000000000000002360e-30
3.396740000000000000e+05 1.000000000000002360e-30
3.573600000000000000e+05 1.000000000000002360e-30
3.759670000000000000e+05 1.000000000000002360e-30
3.955440000000000000e+05 1.000000000000002360e-30
4.161390000000000000e+05 1.000000000000002360e-30
4.378070000000000000e+05 1.000000000000002360e-30
4.606030000000000000e+05 1.000000000000002360e-30
4.845860000000000000e+05 1.000000000000002360e-30
5.098180000000000000e+05 1.000000000000002360e-30
5.363630000000000000e+05 1.000000000000002360e-30
5.642910000000000000e+05 1.000000000000002360e-30
5.936730000000000000e+05 1.000000000000002360e-30
6.245840000000000000e+05 1.000000000000002360e-30
6.571060000000000000e+05 1.000000000000002360e-30
6.913200000000000000e+05 1.000000000000002360e-30
7.273170000000000000e+05 1.000000000000002360e-30
7.651870000000000000e+05 1.000000000000002360e-30
8.050290000000000000e+05 1.000000000000002360e-30
8.469460000000000000e+05 1.000000000000002360e-30
8.910450000000000000e+05 1.000000000000002360e-30
9.374410000000000000e+05 1.000000000000002360e-30
9.862520000000000000e+05 1.000000000000002360e-30
1.037609999999999884e+06 1.000000000000002360e-30
1.091630000000000000e+06 1.000000000000002360e-30
1.148470000000000000e+06 1.000000000000002360e-30
1.208270000000000000e+06 1.000000000000002360e-30
1.271180000000000000e+06 1.000000000000002360e-30
1.337370000000000000e+06 1.000000000000002360e-30
1.407010000000000000e+06 1.000000000000002360e-30
1.480270000000000000e+06 1.000000000000002360e-30
1.557340000000000000e+06 1.000000000000002360e-30
1.638430000000000000e+06 1.000000000000002360e-30
1.723740000000000000e+06 1.000000000000002360e-30
1.813500000000000000e+06 1.000000000000002360e-30
1.907920000000000000e+06 1.000000000000002360e-30
2.007270000000000000e+06 1.000000000000002360e-30
2.111780000000000000e+06 1.000000000000002360e-30
2.221740000000000000e+06 1.000000000000002360e-30
2.337420000000000000e+06 1.000000000000002360e-30
2.459130000000000000e+06 1.000000000000002360e-30
2.587170000000000000e+06 1.000000000000002360e-30
2.721880000000000000e+06 1.000000000000002360e-30
2.863610000000000000e+06 1.000000000000002360e-30
3.012710000000000000e+06 1.000000000000002360e-30
3.169580000000000000e+06 1.000000000000002360e-30
3.334620000000000000e+06 1.000000000000002360e-30
3.508250000000000000e+06 1.000000000000002360e-30
3.690920000000000000e+06 1.000000000000002360e-30
3.883100000000000000e+06 1.000000000000002360e-30
4.085290000000000000e+06 1.000000000000002360e-30
4.298000000000000000e+06 1.000000000000002360e-30
4.521790000000000000e+06 1.000000000000002360e-30
4.757240000000000000e+06 1.000000000000002360e-30
5.004940000000000000e+06 1.000000000000002360e-30
5.265540000000000000e+06 1.000000000000002360e-30
5.539710000000000000e+06 1.000000000000002360e-30
5.828150000000000000e+06 1.000000000000002360e-30
6.131620000000000000e+06 1.000000000000002360e-30
6.450880000000000000e+06 1.000000000000002360e-30
6.786770000000000000e+06 1.000000000000002360e-30
7.140150000000000000e+06 1.000000000000002360e-30
7.511930000000000000e+06 1.000000000000002360e-30
7.903070000000000000e+06 1.000000000000002360e-30
8.314570000000000000e+06 1.000000000000002360e-30
8.747500000000000000e+06 1.000000000000002360e-30
9.202970000000000000e+06 1.000000000000002360e-30
9.682150000000000000e+06 1.000000000000002360e-30
1.018630000000000000e+07 1.000000000000002360e-30
1.071670000000000000e+07 1.000000000000002360e-30
1.127470000000000000e+07 1.000000000000002360e-30
1.186170000000000000e+07 1.000000000000002360e-30
1.247940000000000000e+07 1.000000000000002360e-30
1.312910000000000000e+07 1.000000000000002360e-30
1.381280000000000000e+07 1.000000000000002360e-30
1.453200000000000000e+07 1.000000000000002360e-30
1.528860000000000000e+07 1.000000000000002360e-30
1.608470000000000000e+07 1.000000000000002360e-30
1.692220000000000000e+07 1.000000000000002360e-30
1.780330000000000000e+07 1.000000000000002360e-30
1.873030000000000000e+07 1.000000000000002360e-30
1.970560000000000000e+07 1.000000000000002360e-30
2.073160000000000000e+07 1.000000000000002360e-30
2.181110000000000000e+07 1.000000000000002360e-30
2.294680000000000000e+07 1.000000000000002360e-30
2.414160000000000000e+07 1.000000000000002360e-30
2.539860000000000000e+07 1.000000000000002360e-30
2.672110000000000000e+07 1.000000000000002360e-30
2.811240000000000000e+07 1.000000000000002360e-30
2.957620000000000000e+07 1.000000000000002360e-30
3.111620000000000000e+07 1.000000000000002360e-30
3.273630000000000000e+07 1.000000000000002360e-30
3.444090000000000000e+07 1.000000000000002360e-30
3.623420000000000000e+07 1.000000000000002360e-30
3.812080000000000000e+07 1.000000000000002360e-30
4.010570000000000000e+07 1.000000000000002360e-30
4.219400000000000000e+07 1.000000000000002360e-30
4.439100000000000000e+07 1.000000000000002360e-30
4.670230000000000000e+07 1.000000000000002360e-30
4.913410000000000000e+07 1.000000000000002360e-30
5.169240000000000000e+07 1.000000000000002360e-30
5.438400000000000000e+07 1.000000000000002360e-30
5.721570000000000000e+07 1.000000000000002360e-30
6.019480000000000000e+07 1.000000000000002360e-30
6.332910000000000000e+07 1.000000000000002360e-30
6.662650000000000000e+07 1.000000000000002360e-30
7.009570000000000000e+07 1.000000000000002360e-30
7.374550000000000000e+07 1.000000000000002360e-30
7.758530000000000000e+07 1.000000000000002360e-30
8.162510000000000000e+07 1.000000000000002360e-30
8.587520000000000000e+07 1.000000000000002360e-30
9.034660000000000000e+07 1.000000000000002360e-30
9.505080000000000000e+07 1.000000000000002360e-30
1.000000000000000000e+08 1.000000000000002360e-30
