# E_gamma(MeV)   IFA_primary_masked(MeV^-1 s^-1)
5.145440e-01 2.611129e+19
5.413360e-01 3.809319e+19
5.695230e-01 5.075083e+19
5.991770e-01 5.748225e+19
6.303750e-01 6.155358e+19
6.631980e-01 6.372629e+19
6.977300e-01 6.454044e+19
7.340600e-01 6.438048e+19
7.722810e-01 6.352283e+19
8.124930e-01 6.216918e+19
8.547980e-01 6.046818e+19
8.993070e-01 5.853035e+19
9.461320e-01 5.643847e+19
9.953960e-01 5.425482e+19
1.047230e+00 5.202598e+19
1.101750e+00 4.978721e+19
1.159120e+00 4.756485e+19
1.219470e+00 4.537885e+19
1.282970e+00 4.324325e+19
1.349770e+00 4.116855e+19
1.420050e+00 3.916187e+19
1.493990e+00 3.722796e+19
1.571780e+00 3.536928e+19
1.653620e+00 3.358743e+19
1.739730e+00 3.188260e+19
1.830310e+00 3.025419e+19
1.925610e+00 2.870102e+19
2.025880e+00 2.722136e+19
2.131360e+00 2.581314e+19
2.242340e+00 2.447407e+19
2.359100e+00 2.320167e+19
2.481930e+00 2.199331e+19
2.611160e+00 2.084637e+19
2.747120e+00 1.975817e+19
2.890160e+00 1.872603e+19
3.040650e+00 1.774735e+19
3.198970e+00 1.681956e+19
3.365530e+00 1.594014e+19
3.540770e+00 1.510670e+19
3.725140e+00 1.431688e+19
3.919100e+00 1.356843e+19
4.123160e+00 1.285923e+19
4.337850e+00 1.218717e+19
4.563720e+00 1.155026e+19
4.801340e+00 1.094666e+19
5.051340e+00 1.037452e+19
5.314360e+00 9.832134e+18
5.591070e+00 9.317926e+18
5.882190e+00 8.830328e+18
6.188470e+00 8.367865e+18
6.510690e+00 7.929145e+18
6.849700e+00 7.512869e+18
7.206350e+00 7.117776e+18
7.581580e+00 6.742677e+18
7.976340e+00 6.386353e+18
8.391660e+00 6.047824e+18
8.828600e+00 5.726058e+18
9.288290e+00 5.420371e+18
9.771920e+00 5.129617e+18
1.028070e+01 4.853071e+18
1.081600e+01 4.589781e+18
1.137920e+01 4.339008e+18
1.197170e+01 4.099813e+18
1.259510e+01 3.871593e+18
1.325090e+01 3.653892e+18
1.394080e+01 3.445963e+18
1.466670e+01 3.247189e+18
1.543040e+01 3.057084e+18
1.623380e+01 2.875219e+18
1.707910e+01 2.700836e+18
1.796840e+01 2.533546e+18
1.890400e+01 2.373019e+18
1.988830e+01 2.218844e+18
2.092380e+01 2.070548e+18
2.201330e+01 1.927791e+18
2.315950e+01 1.790355e+18
2.436540e+01 1.657810e+18
2.563410e+01 1.529773e+18
2.696880e+01 1.406152e+18
2.837300e+01 1.286761e+18
2.985040e+01 1.171503e+18
3.140470e+01 1.060318e+18
3.303990e+01 9.532448e+17
3.476020e+01 8.503711e+17
3.657010e+01 7.519635e+17
3.847430e+01 6.583568e+17
4.047760e+01 5.700071e+17
4.258520e+01 4.874279e+17
4.480250e+01 4.112236e+17
4.713530e+01 3.419133e+17
4.958960e+01 2.799298e+17
5.217170e+01 2.255570e+17
5.488820e+01 1.788520e+17
5.774620e+01 1.396032e+17
6.075290e+01 1.073491e+17
6.391620e+01 8.142023e+16
6.724430e+01 6.100656e+16
7.074560e+01 4.522506e+16
7.442920e+01 3.321485e+16
7.830470e+01 2.418239e+16
8.238190e+01 1.744159e+16
8.667140e+01 1.243487e+16
9.118430e+01 8.728406e+15
9.593210e+01 5.996456e+15
1.009270e+02 4.016032e+15
1.061820e+02 2.610314e+15
1.117110e+02 1.635277e+15
1.175280e+02 9.848516e+14
1.236470e+02 5.867354e+14
1.300850e+02 3.338943e+14
1.368590e+02 1.858540e+14
1.439850e+02 1.007226e+14
1.514820e+02 5.964271e+13
1.593690e+02 2.751076e+13
1.676680e+02 1.570103e+13
1.763980e+02 6.635488e+12
1.855830e+02 3.545729e+12
1.952460e+02 1.395547e+12
2.054120e+02 5.768116e+11
2.161070e+02 2.629433e+11
2.273600e+02 9.682095e+10
2.391980e+02 3.915244e+10
2.516530e+02 1.348232e+10
2.647560e+02 4.860381e+09
2.785410e+02 1.670414e+09
2.930450e+02 5.113997e+08
3.083030e+02 1.422810e+08
3.243560e+02 3.792144e+07
3.412450e+02 9.108386e+06
3.590130e+02 2.071434e+06
3.777060e+02 4.486774e+05
3.973730e+02 8.147206e+04
4.180640e+02 9.370685e+03
4.398320e+02 1.987322e+03
4.627330e+02 2.951513e+02
4.868270e+02 4.030186e+01
5.121760e+02 6.754929e+00
5.388440e+02 8.479503e-01
5.669010e+02 2.902167e-01
5.964180e+02 3.897218e-02
6.274730e+02 0.000000e+00
6.601450e+02 0.000000e+00
6.945180e+02 0.000000e+00
7.306800e+02 0.000000e+00
7.687260e+02 0.000000e+00
8.087520e+02 0.000000e+00
8.508630e+02 0.000000e+00
8.951660e+02 0.000000e+00
9.417770e+02 0.000000e+00
9.908140e+02 0.000000e+00
1.042400e+03 0.000000e+00
1.096680e+03 0.000000e+00
1.153780e+03 0.000000e+00
1.213860e+03 0.000000e+00
1.277060e+03 0.000000e+00
1.343560e+03 0.000000e+00
1.413520e+03 0.000000e+00
1.487120e+03 0.000000e+00
1.564550e+03 0.000000e+00
1.646010e+03 0.000000e+00
1.731720e+03 0.000000e+00
1.821890e+03 0.000000e+00
1.916750e+03 0.000000e+00
2.016550e+03 0.000000e+00
2.121550e+03 0.000000e+00
2.232020e+03 0.000000e+00
2.348230e+03 0.000000e+00
2.470500e+03 0.000000e+00
2.599140e+03 0.000000e+00
2.734470e+03 0.000000e+00
2.876850e+03 0.000000e+00
3.026650e+03 0.000000e+00
3.184240e+03 0.000000e+00
3.350040e+03 0.000000e+00
3.524470e+03 0.000000e+00
3.707990e+03 0.000000e+00
3.901060e+03 0.000000e+00
4.104180e+03 0.000000e+00
4.317880e+03 0.000000e+00
4.542710e+03 0.000000e+00
4.779240e+03 0.000000e+00
5.028090e+03 0.000000e+00
5.289890e+03 0.000000e+00
5.565330e+03 0.000000e+00
5.855110e+03 0.000000e+00
6.159980e+03 0.000000e+00
6.480720e+03 0.000000e+00
6.818160e+03 0.000000e+00
7.173170e+03 0.000000e+00
7.546670e+03 0.000000e+00
7.939620e+03 0.000000e+00
8.353020e+03 0.000000e+00
