      E_gamma(MeV)          Gamma Rays            Positrons
    5.1454400000e-01     2.1998696833e+19     3.2132857270e+19
    5.4133600000e-01     2.2002996325e+19     3.1460640860e+19
    5.6952300000e-01     2.2017995737e+19     3.0804381560e+19
    5.9917700000e-01     2.1906995055e+19     3.0114074960e+19
    6.3037500000e-01     2.1817194263e+19     2.9325016170e+19
    6.6319800000e-01     2.1714593345e+19     2.8607799830e+19
    6.9773000000e-01     2.1605992279e+19     2.7783120010e+19
    7.3406000000e-01     2.1443591043e+19     2.7009670160e+19
    7.7228100000e-01     2.1191789609e+19     2.6214443080e+19
    8.1249300000e-01     2.0928587946e+19     2.5409530810e+19
    8.5479800000e-01     2.0658386016e+19     2.4536824600e+19
    8.9930700000e-01     2.0348583777e+19     2.3709314700e+19
    9.4613200000e-01     2.0056981179e+19     2.2832690500e+19
    9.9539600000e-01     1.9686578166e+19     2.2004140200e+19
    1.0472300000e+00     1.9287474671e+19     2.1146850800e+19
    1.1017500000e+00     1.8846970616e+19     2.0312008000e+19
    1.1591200000e+00     1.8457365912e+19     1.9432896000e+19
    1.2194700000e+00     1.8005760454e+19     1.8604097400e+19
    1.2829700000e+00     1.7555854123e+19     1.7759792900e+19
    1.3497700000e+00     1.7022349506e+19     1.6943024100e+19
    1.4200500000e+00     1.6537039685e+19     1.6109720400e+19
    1.4939900000e+00     1.6032828103e+19     1.5311229800e+19
    1.5717800000e+00     1.5541514846e+19     1.4502628900e+19
    1.6536200000e+00     1.5000200075e+19     1.3731594700e+19
    1.7397300000e+00     1.4454283882e+19     1.2993166700e+19
    1.8303100000e+00     1.3903066389e+19     1.2266731200e+19
    1.9256100000e+00     1.3393247337e+19     1.1538639800e+19
    2.0258800000e+00     1.2848425920e+19     1.0850931200e+19
    2.1313600000e+00     1.2301101139e+19     1.0184880700e+19
    2.2423400000e+00     1.1743471145e+19     9.5355373000e+18
    2.3591000000e+00     1.1216234164e+19     8.8958206000e+18
    2.4819300000e+00     1.0683188899e+19     8.2889042000e+18
    2.6111600000e+00     1.0179733356e+19     7.7217810000e+18
    2.7471200000e+00     9.6535088260e+18     7.1772010000e+18
    2.8901600000e+00     9.1340465010e+18     6.6486630000e+18
    3.0406500000e+00     8.6491077310e+18     6.1353880000e+18
    3.1989700000e+00     8.1754215230e+18     5.6618630000e+18
    3.3655300000e+00     7.6991921470e+18     5.2120310000e+18
    3.5407700000e+00     7.2321513660e+18     4.7897370000e+18
    3.7251400000e+00     6.7912438100e+18     4.3874080000e+18
    3.9191000000e+00     6.3594161600e+18     4.0092140000e+18
    4.1231600000e+00     5.9426677100e+18     3.6622830000e+18
    4.3378500000e+00     5.5369218000e+18     3.3365780000e+18
    4.5637200000e+00     5.1514060700e+18     3.0285030000e+18
    4.8013400000e+00     4.7910606100e+18     2.7467800000e+18
    5.0513400000e+00     4.4385996000e+18     2.4787270000e+18
    5.3143600000e+00     4.0970495900e+18     2.2380530000e+18
    5.5910700000e+00     3.7801327100e+18     2.0135180000e+18
    5.8821900000e+00     3.4819711200e+18     1.8089510000e+18
    6.1884700000e+00     3.1989695100e+18     1.6156300000e+18
    6.5106900000e+00     2.9280121200e+18     1.4437510000e+18
    6.8497000000e+00     2.6778202300e+18     1.2862310000e+18
    7.2063500000e+00     2.4381994000e+18     1.1421910000e+18
    7.5815800000e+00     2.2176235100e+18     1.0081030000e+18
    7.9763400000e+00     2.0084179900e+18     8.9166300000e+17
    8.3916600000e+00     1.8188208000e+18     7.8361100000e+17
    8.8286000000e+00     1.6423352000e+18     6.8756300000e+17
    9.2882900000e+00     1.4765960000e+18     6.0244000000e+17
    9.7719200000e+00     1.3242453000e+18     5.2548000000e+17
    1.0280700000e+01     1.1828885000e+18     4.5406000000e+17
    1.0816000000e+01     1.0570252000e+18     3.9273000000e+17
    1.1379200000e+01     9.4113410000e+17     3.4024000000e+17
    1.1971700000e+01     8.3594040000e+17     2.9217000000e+17
    1.2595100000e+01     7.3826770000e+17     2.4918000000e+17
    1.3250900000e+01     6.5124570000e+17     2.1190000000e+17
    1.3940800000e+01     5.7170740000e+17     1.8090000000e+17
    1.4666700000e+01     5.0176100000e+17     1.5260000000e+17
    1.5430400000e+01     4.3858140000e+17     1.2808000000e+17
    1.6233800000e+01     3.8213960000e+17     1.0712000000e+17
    1.7079100000e+01     3.3013900000e+17     8.9420000000e+16
    1.7968400000e+01     2.8522250000e+17     7.3990000000e+16
    1.8904000000e+01     2.4476800000e+17     6.1390000000e+16
    1.9888300000e+01     2.1044300000e+17     4.9700000000e+16
    2.0923800000e+01     1.7913900000e+17     4.0520000000e+16
    2.2013300000e+01     1.5259600000e+17     3.3230000000e+16
    2.3159500000e+01     1.2813000000e+17     2.6780000000e+16
    2.4365400000e+01     1.0817800000e+17     2.1170000000e+16
    2.5634100000e+01     9.0190000000e+16     1.6930000000e+16
    2.6968800000e+01     7.4974000000e+16     1.3330000000e+16
    2.8373000000e+01     6.1446000000e+16     1.0350000000e+16
    2.9850400000e+01     5.0262000000e+16     8.0700000000e+15
    3.1404700000e+01     4.0836000000e+16     6.3300000000e+15
    3.3039900000e+01     3.3277000000e+16     4.7700000000e+15
    3.4760200000e+01     2.6569000000e+16     3.6000000000e+15
    3.6570100000e+01     2.0952000000e+16     2.7300000000e+15
    3.8474300000e+01     1.6267000000e+16     2.0600000000e+15
    4.0477600000e+01     1.2715000000e+16     1.5000000000e+15
    4.2585200000e+01     9.8280000000e+15     1.0900000000e+15
    4.4802500000e+01     7.5110000000e+15     8.0000000000e+14
    4.7135300000e+01     5.5900000000e+15     6.0000000000e+14
    4.9589600000e+01     4.1900000000e+15     4.2000000000e+14
    5.2171700000e+01     3.1200000000e+15     2.9000000000e+14
    5.4888200000e+01     2.3000000000e+15     2.0000000000e+14
    5.7746200000e+01     1.6500000000e+15     1.2000000000e+14
    6.0752900000e+01     1.1700000000e+15     9.9999999999e+13
    6.3916200000e+01     8.3000000000e+14     7.0000000000e+13
    6.7244300000e+01     5.8000000000e+14     3.0000000000e+13
    7.0745600000e+01     4.0000000000e+14     3.0000000000e+13
    7.4429200000e+01     2.7900000000e+14     2.0000000000e+13
    7.8304700000e+01     1.8500000000e+14     1.0000000000e+13
    8.2381900000e+01     1.1800000000e+14     5.0000000001e+12
    8.6671400000e+01     7.9000000000e+13     3.0000000000e+12
    9.1184300000e+01     4.8000000000e+13     9.9999999997e+11
    9.5932100000e+01     2.9000000000e+13     1.0000000000e+12
    1.0092700000e+02     1.8000000000e+13     4.0000000000e+12
    1.0618200000e+02     1.1400000000e+13     5.0000000000e+12
    1.1171100000e+02     5.4000000000e+12     1.0000000000e+12
    1.1752800000e+02     2.1000000000e+12     1.5000000000e+12
    1.2364700000e+02     1.8000000000e+12     1.2000000000e+12
    1.3008500000e+02     1.1000000000e+12     1.2000000000e+12
    1.3685900000e+02     2.1000000000e+11     3.0000000000e+11
    1.4398500000e+02     1.0000000000e+11     1.0000000000e+11
    1.5148200000e+02     7.0000000000e+10     3.0000000000e+10
    1.5936900000e+02     8.0000000000e+10     1.1000000000e+11
    1.6766800000e+02     3.0000000000e+09     4.0000000000e+10
    1.7639800000e+02     1.0000000000e+09     1.1000000000e+10
    1.8558300000e+02     1.0000000000e+09     8.0000000000e+09
    1.9524600000e+02     8.0000000000e+08     4.0000000000e+09
    2.0541200000e+02     6.3623574649e+08     8.0000000000e+08
    2.1610700000e+02     5.0000000000e+08     9.0000000000e+08
    2.2736000000e+02     5.0000000000e+07     1.7000000000e+08
    2.3919800000e+02     1.0000000000e+07     4.2741532845e+07
    2.5165300000e+02     4.0000000000e+06     1.0000000000e+07
    2.6475600000e+02     1.0000000000e+06     1.0000000000e+06
    2.7854100000e+02     4.1000000000e+06     8.0000000000e+06
    2.9304500000e+02     1.0000000000e+05     4.0000000000e+05
    3.0830300000e+02     1.4000000000e+05     2.1000000000e+05
    3.2435600000e+02     2.0000000000e+04     3.0000000000e+04
    3.4124500000e+02     1.0000000000e+03     2.0000000000e+03
    3.5901300000e+02     7.0000000000e+02     7.0000000000e+02
    3.7770600000e+02     7.9000000000e+02     1.5000000000e+03
    3.9737300000e+02     2.0000000000e+01     2.0000000000e+01
    4.1806400000e+02     2.0000000000e+00     5.0000000000e+00
    4.3983200000e+02     2.0000000000e-01     6.0000000000e-01
    4.6273300000e+02     2.9000000000e-01     5.4000000000e-01
    4.8682700000e+02     1.8000000000e-02     3.6000000000e-02
    5.1217600000e+02     9.0000000000e-04     1.0000000000e-03
    5.3884400000e+02     2.0000000000e-05     4.9999999999e-05
    5.6690100000e+02     2.0000000000e-06     6.0000000000e-06
    5.9641800000e+02     5.5000000000e-06     1.0900000000e-05
    6.2747300000e+02     1.9000000000e-07     3.8000000000e-07
    6.6014500000e+02     1.9999999999e-10     1.0000000000e-09
    6.9451800000e+02     2.0000000000e-11     5.0000000000e-11
    7.3068000000e+02     4.3000000000e-11     8.4000000000e-11
    7.6872600000e+02     1.7740123453e-12     3.4638907264e-12
    8.0875200000e+02     6.2000000000e-14     1.2100000000e-13
    8.5086300000e+02     5.3000000000e-16     1.0200000000e-15
    8.9516600000e+02     3.9200000000e-17     7.7000000000e-17
    9.4177700000e+02     9.9999999999e-21     9.9999999997e-21
    9.9081400000e+02     1.0000000000e-22     2.0000000000e-22
    1.0424000000e+03     1.0880000000e-21     2.1310000000e-21
    1.0966800000e+03     1.6800000000e-24     3.2400000000e-24
    1.1537800000e+03     6.1100000000e-26     1.1820000000e-25
    1.2138600000e+03     4.0000000000e-31     7.0000000000e-31
    1.2770600000e+03     1.8130000000e-30     3.4600000000e-30
    1.3435600000e+03     8.0000000000e-36     1.6000000000e-35
    1.4135200000e+03     3.6000000000e-38     7.0000000000e-38
    1.4871200000e+03     6.0000000000e-41     1.2000000000e-40
    1.5645500000e+03     2.7000000000e-44     5.0000000000e-44
    1.6460100000e+03     1.6584000000e-44     3.1360000000e-44
    1.7317200000e+03     1.0000000000e-50     1.9000000000e-50
    1.8218900000e+03     6.0000000000e-54     1.1000000000e-53
    1.9167500000e+03     4.0000000000e-58     7.0000000000e-58
    2.0165500000e+03     2.5664000000e-58     4.8354000000e-58
    2.1215500000e+03     5.1440000000e-63     9.4200000000e-63
    2.2320200000e+03     5.0000000000e-70     9.0000000000e-70
    2.3482300000e+03     6.6451100000e-70     1.2302120000e-69
    2.4705000000e+03     1.6241460000e-74     2.9874700000e-74
    2.5991400000e+03     2.9008774344e-79     5.1776774750e-79
    2.7344700000e+03     2.9343110000e-84     5.0741000000e-84
    2.8768500000e+03     1.9303790000e-89     3.3296600000e-89
    3.0266500000e+03    5.0000000000e-101    7.0000000000e-101
    3.1842400000e+03    3.5989780000e-101    6.1949050000e-101
    3.3500400000e+03    1.4488630000e-107    2.4551420000e-107
    3.5244700000e+03    1.9346692000e-113    3.1943664000e-113
    3.7079900000e+03    2.0000000000e-127    3.0000000000e-127
    3.9010600000e+03    6.0000000000e-135    1.1000000000e-134
    4.1041800000e+03    1.3270174600e-135    2.3072913000e-135
    4.3178800000e+03    2.9310976919e-147    1.0000000001e-151
    4.5427100000e+03    1.6000000000e-159    3.0000000000e-159
    4.7792400000e+03    4.0000000000e-169    5.0000000001e-169
    5.0280900000e+03    3.0000000000e-178    2.0000000000e-178
    5.2898900000e+03    2.0584676148e-178    3.0837797592e-178
    5.5653300000e+03    3.5002333986e-189    5.7203581642e-189
    5.8551100000e+03    1.4308427087e-200    2.2502744931e-200
    6.1599800000e+03    7.0000000000e-222    3.0000000001e-222
    6.4807200000e+03    2.0000000000e-234    2.7037513994e-228
    6.8181600000e+03    7.9591898873e-235    1.1804799827e-234
    7.1731700000e+03    1.5699899975e-247    2.4104899968e-247
    7.5466700000e+03    1.7291399992e-261    2.2740799989e-261
    7.9396200000e+03    4.0000000001e-291    4.0000000000e-291
    8.3530200000e+03    4.7193999999e-291    5.9252399999e-291
    8.7879500000e+03    5.5389900000e-307    7.6161100000e-307
    9.2455300000e+03     0.0000000000e+00     0.0000000000e+00
    9.7269300000e+03     0.0000000000e+00     0.0000000000e+00
    1.0233400000e+04     0.0000000000e+00     0.0000000000e+00
    1.0766200000e+04     0.0000000000e+00     0.0000000000e+00
    1.1326800000e+04     0.0000000000e+00     0.0000000000e+00
    1.1916600000e+04     0.0000000000e+00     0.0000000000e+00
    1.2537100000e+04     0.0000000000e+00     0.0000000000e+00
    1.3189900000e+04     0.0000000000e+00     0.0000000000e+00
    1.3876600000e+04     0.0000000000e+00     0.0000000000e+00
    1.4599200000e+04     0.0000000000e+00     0.0000000000e+00
    1.5359300000e+04     0.0000000000e+00     0.0000000000e+00
    1.6159100000e+04     0.0000000000e+00     0.0000000000e+00
    1.7000500000e+04     0.0000000000e+00     0.0000000000e+00
    1.7885700000e+04     0.0000000000e+00     0.0000000000e+00
    1.8816900000e+04     0.0000000000e+00     0.0000000000e+00
    1.9796700000e+04     0.0000000000e+00     0.0000000000e+00
    2.0827500000e+04     0.0000000000e+00     0.0000000000e+00
    2.1912000000e+04     0.0000000000e+00     0.0000000000e+00
    2.3052900000e+04     0.0000000000e+00     0.0000000000e+00
    2.4253200000e+04     0.0000000000e+00     0.0000000000e+00
    2.5516100000e+04     0.0000000000e+00     0.0000000000e+00
    2.6844600000e+04     0.0000000000e+00     0.0000000000e+00
    2.8242400000e+04     0.0000000000e+00     0.0000000000e+00
    2.9713000000e+04     0.0000000000e+00     0.0000000000e+00
    3.1260100000e+04     0.0000000000e+00     0.0000000000e+00
    3.2887700000e+04     0.0000000000e+00     0.0000000000e+00
    3.4600200000e+04     0.0000000000e+00     0.0000000000e+00
    3.6401700000e+04     0.0000000000e+00     0.0000000000e+00
    3.8297100000e+04     0.0000000000e+00     0.0000000000e+00
    4.0291200000e+04     0.0000000000e+00     0.0000000000e+00
    4.2389100000e+04     0.0000000000e+00     0.0000000000e+00
    4.4596300000e+04     0.0000000000e+00     0.0000000000e+00
    4.6918300000e+04     0.0000000000e+00     0.0000000000e+00
    4.9361300000e+04     0.0000000000e+00     0.0000000000e+00
    5.1931500000e+04     0.0000000000e+00     0.0000000000e+00
    5.4635500000e+04     0.0000000000e+00     0.0000000000e+00
    5.7480300000e+04     0.0000000000e+00     0.0000000000e+00
    6.0473200000e+04     0.0000000000e+00     0.0000000000e+00
    6.3622000000e+04     0.0000000000e+00     0.0000000000e+00
    6.6934700000e+04     0.0000000000e+00     0.0000000000e+00
    7.0419900000e+04     0.0000000000e+00     0.0000000000e+00
    7.4086600000e+04     0.0000000000e+00     0.0000000000e+00
    7.7944200000e+04     0.0000000000e+00     0.0000000000e+00
    8.2002600000e+04     0.0000000000e+00     0.0000000000e+00
    8.6272400000e+04     0.0000000000e+00     0.0000000000e+00
    9.0764500000e+04     0.0000000000e+00     0.0000000000e+00
    9.5490400000e+04     0.0000000000e+00     0.0000000000e+00
    1.0046300000e+05     0.0000000000e+00     0.0000000000e+00
    1.0569300000e+05     0.0000000000e+00     0.0000000000e+00
    1.1119700000e+05     0.0000000000e+00     0.0000000000e+00
    1.1698700000e+05     0.0000000000e+00     0.0000000000e+00
    1.2307800000e+05     0.0000000000e+00     0.0000000000e+00
    1.2948600000e+05     0.0000000000e+00     0.0000000000e+00
    1.3622900000e+05     0.0000000000e+00     0.0000000000e+00
    1.4332200000e+05     0.0000000000e+00     0.0000000000e+00
    1.5078500000e+05     0.0000000000e+00     0.0000000000e+00
    1.5863600000e+05     0.0000000000e+00     0.0000000000e+00
    1.6689600000e+05     0.0000000000e+00     0.0000000000e+00
    1.7558600000e+05     0.0000000000e+00     0.0000000000e+00
    1.8472800000e+05     0.0000000000e+00     0.0000000000e+00
    1.9434700000e+05     0.0000000000e+00     0.0000000000e+00
    2.0446600000e+05     0.0000000000e+00     0.0000000000e+00
    2.1511200000e+05     0.0000000000e+00     0.0000000000e+00
    2.2631300000e+05     0.0000000000e+00     0.0000000000e+00
    2.3809700000e+05     0.0000000000e+00     0.0000000000e+00
    2.5049400000e+05     0.0000000000e+00     0.0000000000e+00
    2.6353700000e+05     0.0000000000e+00     0.0000000000e+00
    2.7725900000e+05     0.0000000000e+00     0.0000000000e+00
    2.9169600000e+05     0.0000000000e+00     0.0000000000e+00
    3.0688400000e+05     0.0000000000e+00     0.0000000000e+00
    3.2286300000e+05     0.0000000000e+00     0.0000000000e+00
    3.3967400000e+05     0.0000000000e+00     0.0000000000e+00
    3.5736000000e+05     0.0000000000e+00     0.0000000000e+00
    3.7596700000e+05     0.0000000000e+00     0.0000000000e+00
    3.9554400000e+05     0.0000000000e+00     0.0000000000e+00
    4.1613900000e+05     0.0000000000e+00     0.0000000000e+00
    4.3780700000e+05     0.0000000000e+00     0.0000000000e+00
    4.6060300000e+05     0.0000000000e+00     0.0000000000e+00
    4.8458600000e+05     0.0000000000e+00     0.0000000000e+00
    5.0981800000e+05     0.0000000000e+00     0.0000000000e+00
    5.3636300000e+05     0.0000000000e+00     0.0000000000e+00
    5.6429100000e+05     0.0000000000e+00     0.0000000000e+00
    5.9367300000e+05     0.0000000000e+00     0.0000000000e+00
    6.2458400000e+05     0.0000000000e+00     0.0000000000e+00
    6.5710600000e+05     0.0000000000e+00     0.0000000000e+00
    6.9132000000e+05     0.0000000000e+00     0.0000000000e+00
    7.2731700000e+05     0.0000000000e+00     0.0000000000e+00
    7.6518700000e+05     0.0000000000e+00     0.0000000000e+00
    8.0502900000e+05     0.0000000000e+00     0.0000000000e+00
    8.4694600000e+05     0.0000000000e+00     0.0000000000e+00
    8.9104500000e+05     0.0000000000e+00     0.0000000000e+00
    9.3744100000e+05     0.0000000000e+00     0.0000000000e+00
    9.8625200000e+05     0.0000000000e+00     0.0000000000e+00
    1.0376100000e+06     0.0000000000e+00     0.0000000000e+00
    1.0916300000e+06     0.0000000000e+00     0.0000000000e+00
    1.1484700000e+06     0.0000000000e+00     0.0000000000e+00
    1.2082700000e+06     0.0000000000e+00     0.0000000000e+00
    1.2711800000e+06     0.0000000000e+00     0.0000000000e+00
    1.3373700000e+06     0.0000000000e+00     0.0000000000e+00
    1.4070100000e+06     0.0000000000e+00     0.0000000000e+00
    1.4802700000e+06     0.0000000000e+00     0.0000000000e+00
    1.5573400000e+06     0.0000000000e+00     0.0000000000e+00
    1.6384300000e+06     0.0000000000e+00     0.0000000000e+00
    1.7237400000e+06     0.0000000000e+00     0.0000000000e+00
    1.8135000000e+06     0.0000000000e+00     0.0000000000e+00
    1.9079200000e+06     0.0000000000e+00     0.0000000000e+00
    2.0072700000e+06     0.0000000000e+00     0.0000000000e+00
    2.1117800000e+06     0.0000000000e+00     0.0000000000e+00
    2.2217400000e+06     0.0000000000e+00     0.0000000000e+00
    2.3374200000e+06     0.0000000000e+00     0.0000000000e+00
    2.4591300000e+06     0.0000000000e+00     0.0000000000e+00
    2.5871700000e+06     0.0000000000e+00     0.0000000000e+00
    2.7218800000e+06     0.0000000000e+00     0.0000000000e+00
    2.8636100000e+06     0.0000000000e+00     0.0000000000e+00
    3.0127100000e+06     0.0000000000e+00     0.0000000000e+00
    3.1695800000e+06     0.0000000000e+00     0.0000000000e+00
    3.3346200000e+06     0.0000000000e+00     0.0000000000e+00
    3.5082500000e+06     0.0000000000e+00     0.0000000000e+00
    3.6909200000e+06     0.0000000000e+00     0.0000000000e+00
    3.8831000000e+06     0.0000000000e+00     0.0000000000e+00
    4.0852900000e+06     0.0000000000e+00     0.0000000000e+00
    4.2980000000e+06     0.0000000000e+00     0.0000000000e+00
    4.5217900000e+06     0.0000000000e+00     0.0000000000e+00
    4.7572400000e+06     0.0000000000e+00     0.0000000000e+00
    5.0049400000e+06     0.0000000000e+00     0.0000000000e+00
    5.2655400000e+06     0.0000000000e+00     0.0000000000e+00
    5.5397100000e+06     0.0000000000e+00     0.0000000000e+00
    5.8281500000e+06     0.0000000000e+00     0.0000000000e+00
    6.1316200000e+06     0.0000000000e+00     0.0000000000e+00
    6.4508800000e+06     0.0000000000e+00     0.0000000000e+00
    6.7867700000e+06     0.0000000000e+00     0.0000000000e+00
    7.1401500000e+06     0.0000000000e+00     0.0000000000e+00
    7.5119300000e+06     0.0000000000e+00     0.0000000000e+00
    7.9030700000e+06     0.0000000000e+00     0.0000000000e+00
    8.3145700000e+06     0.0000000000e+00     0.0000000000e+00
    8.7475000000e+06     0.0000000000e+00     0.0000000000e+00
    9.2029700000e+06     0.0000000000e+00     0.0000000000e+00
    9.6821500000e+06     0.0000000000e+00     0.0000000000e+00
    1.0186300000e+07     0.0000000000e+00     0.0000000000e+00
    1.0716700000e+07     0.0000000000e+00     0.0000000000e+00
    1.1274700000e+07     0.0000000000e+00     0.0000000000e+00
    1.1861700000e+07     0.0000000000e+00     0.0000000000e+00
    1.2479400000e+07     0.0000000000e+00     0.0000000000e+00
    1.3129100000e+07     0.0000000000e+00     0.0000000000e+00
    1.3812800000e+07     0.0000000000e+00     0.0000000000e+00
    1.4532000000e+07     0.0000000000e+00     0.0000000000e+00
    1.5288600000e+07     0.0000000000e+00     0.0000000000e+00
    1.6084700000e+07     0.0000000000e+00     0.0000000000e+00
    1.6922200000e+07     0.0000000000e+00     0.0000000000e+00
    1.7803300000e+07     0.0000000000e+00     0.0000000000e+00
    1.8730300000e+07     0.0000000000e+00     0.0000000000e+00
    1.9705600000e+07     0.0000000000e+00     0.0000000000e+00
    2.0731600000e+07     0.0000000000e+00     0.0000000000e+00
    2.1811100000e+07     0.0000000000e+00     0.0000000000e+00
    2.2946800000e+07     0.0000000000e+00     0.0000000000e+00
    2.4141600000e+07     0.0000000000e+00     0.0000000000e+00
    2.5398600000e+07     0.0000000000e+00     0.0000000000e+00
    2.6721100000e+07     0.0000000000e+00     0.0000000000e+00
    2.8112400000e+07     0.0000000000e+00     0.0000000000e+00
    2.9576200000e+07     0.0000000000e+00     0.0000000000e+00
    3.1116200000e+07     0.0000000000e+00     0.0000000000e+00
    3.2736300000e+07     0.0000000000e+00     0.0000000000e+00
    3.4440900000e+07     0.0000000000e+00     0.0000000000e+00
    3.6234200000e+07     0.0000000000e+00     0.0000000000e+00
    3.8120800000e+07     0.0000000000e+00     0.0000000000e+00
    4.0105700000e+07     0.0000000000e+00     0.0000000000e+00
    4.2194000000e+07     0.0000000000e+00     0.0000000000e+00
    4.4391000000e+07     0.0000000000e+00     0.0000000000e+00
    4.6702300000e+07     0.0000000000e+00     0.0000000000e+00
    4.9134100000e+07     0.0000000000e+00     0.0000000000e+00
    5.1692400000e+07     0.0000000000e+00     0.0000000000e+00
    5.4384000000e+07     0.0000000000e+00     0.0000000000e+00
    5.7215700000e+07     0.0000000000e+00     0.0000000000e+00
    6.0194800000e+07     0.0000000000e+00     0.0000000000e+00
    6.3329100000e+07     0.0000000000e+00     0.0000000000e+00
    6.6626500000e+07     0.0000000000e+00     0.0000000000e+00
    7.0095700000e+07     0.0000000000e+00     0.0000000000e+00
    7.3745500000e+07     0.0000000000e+00     0.0000000000e+00
    7.7585300000e+07     0.0000000000e+00     0.0000000000e+00
    8.1625100000e+07     0.0000000000e+00     0.0000000000e+00
    8.5875200000e+07     0.0000000000e+00     0.0000000000e+00
    9.0346600000e+07     0.0000000000e+00     0.0000000000e+00
    9.5050800000e+07     0.0000000000e+00     0.0000000000e+00
    1.0000000000e+08     0.0000000000e+00     0.0000000000e+00
