# # E_gamma (MeV)  Final State Radiation (MeV^-1 s^-1)
5.145440e-01 5.492702e+16
5.413360e-01 5.028964e+16
5.695230e-01 4.636611e+16
5.991770e-01 4.220979e+16
6.303750e-01 3.878914e+16
6.631980e-01 3.507841e+16
6.977300e-01 3.211646e+16
7.340600e-01 2.882139e+16
7.722810e-01 2.566169e+16
8.124930e-01 2.337188e+16
8.547980e-01 2.059799e+16
8.993070e-01 1.866916e+16
9.461320e-01 1.626261e+16
9.953960e-01 1.399282e+16
1.047230e+00 1.260178e+16
1.101750e+00 1.068760e+16
1.159120e+00 8.926382e+15
1.219470e+00 7.984043e+15
1.282970e+00 6.560980e+15
1.349770e+00 5.301955e+15
1.420050e+00 4.213214e+15
1.493990e+00 3.743135e+15
1.571780e+00 2.929691e+15
1.653620e+00 2.259819e+15
1.739730e+00 1.719956e+15
1.830310e+00 1.518251e+15
1.925610e+00 1.144392e+15
2.025880e+00 8.545105e+14
2.131360e+00 6.319510e+14
2.242340e+00 4.629462e+14
2.359100e+00 4.053379e+14
2.481930e+00 2.931448e+14
2.611160e+00 2.077815e+14
2.747120e+00 1.433220e+14
2.890160e+00 9.528471e+13
3.040650e+00 6.083792e+13
3.198970e+00 5.223745e+13
3.365530e+00 3.218867e+13
3.540770e+00 1.920259e+13
3.725140e+00 1.123628e+13
3.919100e+00 6.479261e+12
4.123160e+00 3.673355e+12
4.337850e+00 2.037609e+12
4.563720e+00 1.069980e+12
4.801340e+00 8.942167e+11
5.051340e+00 4.413403e+11
5.314360e+00 2.080969e+11
5.591070e+00 9.414645e+10
5.882190e+00 4.217215e+10
6.188470e+00 1.824707e+10
6.510690e+00 7.299514e+09
6.849700e+00 2.754493e+09
7.206350e+00 9.700117e+08
7.581580e+00 3.338287e+08
7.976340e+00 1.113115e+08
8.391660e+00 3.236673e+07
8.828600e+00 9.070888e+06
9.288290e+00 2.438707e+06
9.771920e+00 5.771826e+05
1.028070e+01 4.547105e+05
1.081600e+01 1.059840e+05
1.137920e+01 2.190791e+04
1.197170e+01 4.113749e+03
1.259510e+01 7.513460e+02
1.325090e+01 1.156991e+02
1.394080e+01 1.712999e+01
1.466670e+01 2.237173e+00
1.543040e+01 2.306141e-01
1.623380e+01 2.791556e-02
1.707910e+01 2.402605e-03
1.796840e+01 1.808195e-04
1.890400e+01 1.485973e-05
1.988830e+01 7.702097e-07
2.092380e+01 4.655875e-08
2.201330e+01 2.175084e-09
2.315950e+01 9.046849e-11
2.436540e+01 2.809757e-12
2.563410e+01 7.858663e-14
2.696880e+01 2.105199e-15
2.837300e+01 4.127388e-17
2.985040e+01 5.887602e-19
3.140470e+01 8.286327e-21
3.303990e+01 8.940015e-23
3.476020e+01 6.343888e-25
3.657010e+01 4.493897e-27
3.847430e+01 2.104846e-29
4.047760e+01 7.292385e-32
4.258520e+01 2.235348e-34
4.480250e+01 3.888699e-37
4.713530e+01 6.572742e-40
4.958960e+01 5.813593e-43
5.217170e+01 4.861818e-46
5.488820e+01 2.107878e-49
5.774620e+01 7.555360e-53
6.075290e+01 1.677290e-56
6.391620e+01 2.104676e-60
6.724430e+01 2.091713e-64
7.074560e+01 1.162571e-68
7.442920e+01 3.409045e-73
7.830470e+01 6.300988e-78
8.238190e+01 7.173874e-83
8.667140e+01 4.500439e-88
9.118430e+01 1.464533e-93
9.593210e+01 2.413393e-99
1.009270e+02 1.956989e-105
1.061820e+02 7.451315e-112
1.117110e+02 1.274102e-118
1.175280e+02 1.002933e-125
1.236470e+02 3.855510e-133
1.300850e+02 5.618671e-141
1.368590e+02 2.733597e-149
1.439850e+02 6.554027e-158
1.514820e+02 4.078142e-167
1.593690e+02 1.102074e-176
1.676680e+02 8.609746e-187
1.763980e+02 1.787384e-197
1.855830e+02 1.088658e-208
1.952460e+02 1.794331e-220
2.054120e+02 7.449077e-233
2.161070e+02 7.421886e-246
2.273600e+02 1.363538e-259
2.391980e+02 4.651322e-274
2.516530e+02 3.221750e-289
2.647560e+02 3.381320e-305
2.785410e+02 0.000000e+00
