# # E_gamma (MeV)  Final State Radiation (MeV^-1 s^-1)
5.145440e-01 1.899631e+11
5.413360e-01 1.740228e+11
5.695230e-01 1.608285e+11
5.991770e-01 1.455037e+11
6.303750e-01 1.342657e+11
6.631980e-01 1.230646e+11
6.977300e-01 1.131334e+11
7.340600e-01 1.020448e+11
7.722810e-01 9.285447e+10
8.124930e-01 8.493986e+10
8.547980e-01 7.680767e+10
8.993070e-01 6.986676e+10
9.461320e-01 6.268507e+10
9.953960e-01 5.517668e+10
1.047230e+00 4.968994e+10
1.101750e+00 4.185425e+10
1.159120e+00 3.524271e+10
1.219470e+00 3.154268e+10
1.282970e+00 2.666652e+10
1.349770e+00 2.133379e+10
1.420050e+00 1.721185e+10
1.493990e+00 1.521317e+10
1.571780e+00 1.179628e+10
1.653620e+00 8.636174e+09
1.739730e+00 5.729304e+09
1.830310e+00 5.034639e+09
1.925610e+00 3.504763e+09
2.025880e+00 2.565260e+09
2.131360e+00 1.975303e+09
2.242340e+00 1.488253e+09
2.359100e+00 1.305051e+09
2.481930e+00 9.577086e+08
2.611160e+00 7.345567e+08
2.747120e+00 4.316004e+08
2.890160e+00 2.680988e+08
3.040650e+00 1.979640e+08
3.198970e+00 1.724281e+08
3.365530e+00 1.375673e+08
3.540770e+00 7.572450e+07
3.725140e+00 4.234133e+07
3.919100e+00 2.453641e+07
4.123160e+00 1.120202e+07
4.337850e+00 5.739801e+06
4.563720e+00 2.549996e+06
4.801340e+00 2.099139e+06
5.051340e+00 6.773258e+05
5.314360e+00 4.573106e+05
5.591070e+00 2.617370e+05
5.882190e+00 9.393735e+04
6.188470e+00 3.988358e+04
6.510690e+00 1.997097e+04
6.849700e+00 8.316370e+03
7.206350e+00 3.337297e+03
7.581580e+00 1.325241e+03
7.976340e+00 9.866092e+02
8.391660e+00 5.209436e+02
8.828600e+00 4.096411e+02
9.288290e+00 1.044971e+02
9.771920e+00 1.006723e+01
1.028070e+01 7.901950e+00
1.081600e+01 1.674823e+00
1.137920e+01 2.025223e-01
1.197170e+01 4.716639e-02
1.259510e+01 2.229949e-02
1.325090e+01 1.081985e-03
1.394080e+01 1.021481e-04
1.466670e+01 5.498748e-05
1.543040e+01 1.518882e-06
1.623380e+01 3.971105e-08
1.707910e+01 4.919921e-09
1.796840e+01 8.444771e-10
1.890400e+01 4.539364e-10
1.988830e+01 7.405316e-12
2.092380e+01 5.511878e-13
2.201330e+01 5.847640e-15
2.315950e+01 6.581198e-17
2.436540e+01 1.463755e-17
2.563410e+01 1.907644e-18
2.696880e+01 5.938302e-22
2.837300e+01 1.782966e-23
2.985040e+01 2.401101e-25
3.140470e+01 1.122929e-27
3.303990e+01 4.290014e-28
3.476020e+01 9.543364e-32
3.657010e+01 2.932034e-34
3.847430e+01 2.091827e-36
4.047760e+01 1.207579e-36
4.258520e+01 4.331292e-39
4.480250e+01 3.178167e-42
4.713530e+01 3.543610e-48
4.958960e+01 4.081094e-51
5.217170e+01 4.686703e-54
5.488820e+01 1.184445e-54
5.774620e+01 9.676262e-58
6.075290e+01 1.538788e-65
6.391620e+01 1.935127e-69
6.724430e+01 1.322918e-69
7.074560e+01 4.031087e-78
7.442920e+01 4.092768e-83
7.830470e+01 5.563926e-88
8.238190e+01 4.215742e-93
8.667140e+01 5.570927e-98
9.118430e+01 4.440846e-98
9.593210e+01 1.350681e-103
1.009270e+02 2.302558e-110
1.061820e+02 1.169779e-122
1.117110e+02 4.653449e-123
1.175280e+02 5.765537e-130
1.236470e+02 1.883162e-145
1.300850e+02 7.155112e-154
1.368590e+02 4.330870e-162
1.439850e+02 2.933540e-162
1.514820e+02 5.944619e-181
1.593690e+02 2.508156e-191
1.676680e+02 9.138780e-202
1.763980e+02 4.625031e-213
1.855830e+02 8.961799e-225
1.952460e+02 4.208898e-225
2.054120e+02 2.129251e-250
2.161070e+02 3.398572e-264
2.273600e+02 1.034803e-278
2.391980e+02 1.270846e-293
2.516530e+02 9.729754e-294
2.647560e+02 0.000000e+00
