# # E_gamma (MeV)  Final State Radiation (MeV^-1 s^-1)
5.145440e-01 4.400250e-145
5.413360e-01 2.206824e-153
5.695230e-01 1.863776e-153
5.991770e-01 2.675992e-162
6.303750e-01 2.254813e-162
6.631980e-01 1.374373e-171
6.977300e-01 1.152729e-171
7.340600e-01 2.083368e-181
7.722810e-01 1.009808e-191
8.124930e-01 8.536499e-192
8.547980e-01 1.326279e-202
8.993070e-01 1.110489e-202
9.461320e-01 4.783277e-214
9.953960e-01 4.992129e-226
1.047230e+00 4.181008e-226
1.101750e+00 1.026798e-238
1.159120e+00 6.092793e-252
1.219470e+00 5.081228e-252
1.282970e+00 5.742803e-266
1.349770e+00 1.060838e-280
1.420050e+00 3.802944e-296
1.493990e+00 3.174652e-296
1.571780e+00 0.000000e+00
1.653620e+00 0.000000e+00
1.739730e+00 0.000000e+00
1.830310e+00 0.000000e+00
1.925610e+00 0.000000e+00
2.025880e+00 0.000000e+00
