# # E_gamma (MeV)  Final State Radiation (MeV^-1 s^-1)
5.145440e-01 7.097623e-149
5.413360e-01 2.779586e-149
5.695230e-01 2.347503e-149
5.991770e-01 2.216418e-166
6.303750e-01 1.919320e-166
6.631980e-01 1.522318e-166
6.977300e-01 1.276815e-166
7.340600e-01 1.050771e-185
7.722810e-01 8.343006e-186
8.124930e-01 7.052830e-186
8.547980e-01 4.413634e-196
8.993070e-01 3.695523e-196
9.461320e-01 5.921307e-207
9.953960e-01 2.563752e-218
1.047230e+00 2.147194e-218
1.101750e+00 2.522660e-230
1.159120e+00 3.743472e-256
1.219470e+00 3.160075e-256
1.282970e+00 1.041651e-256
1.349770e+00 2.363200e-270
1.420050e+00 1.895135e-300
1.493990e+00 1.611713e-300
1.571780e+00 8.118298e-301
1.653620e+00 0.000000e+00
1.739730e+00 0.000000e+00
1.830310e+00 0.000000e+00
1.925610e+00 0.000000e+00
2.025880e+00 0.000000e+00
2.131360e+00 0.000000e+00
