# E_gamma(MeV)   IFA_secondary_masked(MeV^-1 s^-1)
5.145440e-01 2.929370e-71
5.413360e-01 2.982466e-71
5.695230e-01 2.993965e-71
5.991770e-01 9.305765e-72
6.303750e-01 1.943746e-72
6.631980e-01 6.878766e-73
6.977300e-01 1.574007e-73
7.340600e-01 4.246666e-74
7.722810e-01 1.202979e-74
8.124930e-01 1.951479e-75
8.547980e-01 5.664069e-76
8.993070e-01 7.992321e-77
9.461320e-01 3.087212e-77
9.953960e-01 2.072658e-77
1.047230e+00 1.051446e-77
1.101750e+00 4.244248e-78
1.159120e+00 1.965589e-78
1.219470e+00 6.646624e-79
1.282970e+00 2.865411e-79
1.349770e+00 9.998489e-80
1.420050e+00 3.679271e-80
1.493990e+00 1.410971e-80
1.571780e+00 4.344506e-81
1.653620e+00 1.760451e-81
1.739730e+00 4.687449e-82
1.830310e+00 1.585757e-82
1.925610e+00 1.704535e-83
2.025880e+00 0.000000e+00
2.131360e+00 0.000000e+00
