# # E_gamma (MeV)  Final State Radiation (MeV^-1 s^-1)
5.145440e-01 1.057527e-47
5.413360e-01 4.108228e-48
5.695230e-01 3.469609e-48
5.991770e-01 2.247214e-54
6.303750e-01 1.946045e-54
6.631980e-01 1.545177e-54
6.977300e-01 1.295988e-54
7.340600e-01 9.863121e-62
7.722810e-01 7.788233e-62
8.124930e-01 6.583883e-62
8.547980e-01 1.147084e-65
8.993070e-01 9.604536e-66
9.461320e-01 1.044887e-69
9.953960e-01 6.544728e-74
1.047230e+00 5.481348e-74
1.101750e+00 1.947073e-78
1.159120e+00 4.498039e-88
1.219470e+00 3.796079e-88
1.282970e+00 1.225151e-88
1.349770e+00 1.607433e-93
1.420050e+00 1.099450e-104
1.493990e+00 9.352040e-105
1.571780e+00 4.758828e-105
1.653620e+00 1.094504e-118
1.739730e+00 4.190513e-124
1.830310e+00 3.485045e-124
1.925610e+00 2.152173e-125
2.025880e+00 6.434422e-132
2.131360e+00 1.695286e-139
2.242340e+00 2.601292e-151
2.359100e+00 2.142919e-151
2.481930e+00 7.979565e-164
2.611160e+00 9.504596e-173
2.747120e+00 6.973391e-173
2.890160e+00 1.239524e-182
3.040650e+00 1.287581e-203
3.198970e+00 1.052141e-203
3.365530e+00 9.726715e-205
3.540770e+00 5.508241e-215
3.725140e+00 5.902184e-228
3.919100e+00 6.322586e-252
4.123160e+00 2.879443e-252
4.337850e+00 3.557173e-266
4.563720e+00 3.977642e-296
4.801340e+00 3.284387e-296
5.051340e+00 1.577303e-296
5.314360e+00 0.000000e+00
5.591070e+00 0.000000e+00
