# # E_gamma (MeV)  Final State Radiation (MeV^-1 s^-1)
5.145440e-01 6.515983e-44
5.413360e-01 6.299581e-47
5.695230e-01 5.320411e-47
5.991770e-01 2.718274e-50
6.303750e-01 2.290471e-50
6.631980e-01 8.969234e-54
6.977300e-01 7.522845e-54
7.340600e-01 1.944980e-57
7.722810e-01 2.624678e-61
8.124930e-01 2.218801e-61
8.547980e-01 2.340515e-65
8.993070e-01 1.959711e-65
9.461320e-01 1.221107e-69
9.953960e-01 3.853234e-74
1.047230e+00 3.227163e-74
1.101750e+00 6.153300e-79
1.159120e+00 7.166130e-84
1.219470e+00 5.976364e-84
1.282970e+00 3.906245e-89
1.349770e+00 1.320185e-94
1.420050e+00 2.229232e-100
1.493990e+00 1.860936e-100
1.571780e+00 1.534027e-106
1.653620e+00 5.869613e-113
1.739730e+00 1.019731e-119
1.830310e+00 8.459196e-120
1.925610e+00 7.027707e-127
2.025880e+00 2.730404e-134
2.131360e+00 3.635601e-142
2.242340e+00 1.855568e-150
2.359100e+00 1.528599e-150
2.481930e+00 3.452496e-159
2.611160e+00 2.200583e-168
2.747120e+00 5.254976e-178
2.890160e+00 4.250259e-188
3.040650e+00 8.785227e-199
3.198970e+00 7.139831e-199
3.365530e+00 4.107803e-210
3.540770e+00 6.415140e-222
3.725140e+00 2.541285e-234
3.919100e+00 2.233248e-247
4.123160e+00 3.444249e-261
4.337850e+00 1.263454e-275
4.563720e+00 6.752919e-291
4.801340e+00 5.352605e-291
5.051340e+00 1.031676e-306
5.314360e+00 0.000000e+00
5.591070e+00 0.000000e+00
