 1.0000E-01   8.972234024695365D+02   9.984588330498916D+02   8.390727604699043D+02   1.593860725799871D+02
 1.0500E-01   7.387532023321891D+02   8.384030579550559D+02   6.820974803047751D+02   1.563055776502813D+02
 1.2500E-01   4.199960132892533D+02   5.134507532642051D+02   3.696325367793897D+02   1.438182164848159D+02
 1.4000E-01   3.031746425696468D+02   3.938410573851860D+02   2.550387629630117D+02   1.388022944221743D+02
 1.5500E-01   1.959783038598512D+02   2.876793439410512D+02   1.471553560494344D+02   1.405239878916168D+02
 1.7500E-01   1.868415793936318D+02   2.666239667606909D+02   1.502268470654357D+02   1.163971196952553D+02
 2.0000E-01   1.950070015490652D+02   2.654013319207118D+02   1.632261997074115D+02   1.021751322133002D+02
 2.2000E-01   1.870914927497150D+02   2.535038506834783D+02   1.564440128852079D+02   9.705983779827031D+01
 2.5000E-01   1.628814924136115D+02   2.263891957465341D+02   1.318902771691313D+02   9.449891857740276D+01
 3.0000E-01   1.309421868462439D+02   1.905109300546847D+02   9.973940280244200D+01   9.077152725224268D+01
 3.1750E-01   1.232006343895719D+02   1.816063898448383D+02   9.173160966731652D+01   8.987478017752184D+01
 3.5000E-01   1.038103018455210D+02   1.618630645435420D+02   7.005906118194677D+01   9.180400336159528D+01
 4.0000E-01   8.405461221927116D+01   1.405295703739095D+02   4.879089826995772D+01   9.173867210395177D+01
 4.5000E-01   6.984866296494724D+01   1.250457704866979D+02   3.298104291276567D+01   9.206472757393223D+01
 5.3000E-01   5.862843562247647D+01   1.094889552599868D+02   2.378216928329167D+01   8.570678597669519D+01
 5.7000E-01   5.470715087175467D+01   1.036245292620640D+02   2.066625984348482D+01   8.295826941857911D+01
 6.5000E-01   4.837898760575576D+01   9.391555644131790D+01   1.569371255609426D+01   7.822184388522362D+01
 7.3000E-01   4.423333992234350D+01   8.630384358953259D+01   1.399494181687233D+01   7.230890177266028D+01
 8.5000E-01   4.020430518268928D+01   7.760570738027063D+01   1.309825302411231D+01   6.450745435615831D+01
 1.0000E+00   3.542083840577855D+01   6.870652819043381D+01   1.064116400070835D+01   5.806536418972546D+01
 1.1500E+00   3.188973353502847D+01   6.180796985737999D+01   9.399538945480842D+00   5.240843091189915D+01
 1.3000E+00   2.897751081092161D+01   5.620475775031359D+01   8.422666111284322D+00   4.778209163902929D+01
 1.3500E+00   2.862220875307286D+01   5.484158422161978D+01   9.064078525238886D+00   4.577750569638091D+01
 1.4000E+00   2.789794046520908D+01   5.338978623957028D+01   8.706136831698759D+00   4.468364940787153D+01
 1.5300E+00   2.616048704496155D+01   4.974746185383587D+01   8.343158011037671D+00   4.140430384279820D+01
 1.6500E+00   2.440582841946957D+01   4.656656691259093D+01   7.461902036980929D+00   3.910466487561001D+01
 1.8000E+00   2.242698628825798D+01   4.284629424384991D+01   6.654589726819955D+00   3.619170451702996D+01
 1.9000E+00   2.124973236488436D+01   4.061868513864507D+01   6.170288311243459D+00   3.444839682740160D+01
 2.0000E+00   2.010267228940830D+01   3.841405939973652D+01   5.791112620007621D+00   3.262294677972890D+01
 2.1500E+00   1.898572034265499D+01   3.563382813683768D+01   5.866787210095893D+00   2.976704092674179D+01
 2.2700E+00   1.823370495499319D+01   3.369209146108648D+01   5.925534948972152D+00   2.776655651211432D+01
 2.3500E+00   1.767332359198407D+01   3.243707290954563D+01   5.855957481104371D+00   2.658111542844126D+01
 2.5000E+00   1.666186678238434D+01   3.009956818886733D+01   5.751954472148926D+00   2.434761371671841D+01
 2.7500E+00   1.641161500467739D+01   2.760371560962098D+01   7.027770975656749D+00   2.057594463396424D+01
 2.9000E+00   1.661716235670792D+01   2.675329948845482D+01   7.751810934071999D+00   1.900148855438283D+01
 3.1000E+00   1.588573724419275D+01   2.494013645897305D+01   7.592047871327395D+00   1.734808858764566D+01
 3.3500E+00   1.585773316167909D+01   2.388446469436288D+01   8.403124623712861D+00   1.548134007065003D+01
 3.5000E+00   1.359791182545579D+01   2.160565168126706D+01   5.563831838470389D+00   1.604181984279668D+01
 3.7500E+00   1.147337657567700D+01   1.843463491365274D+01   4.328145004041693D+00   1.410648990961105D+01
 4.0000E+00   1.024505900197462D+01   1.633885300864304D+01   3.769775030663983D+00   1.256907797797905D+01
 4.5200E+00   8.149728515848672D+00   1.270678705719624D+01   3.081393022366579D+00   9.625394034829663D+00
 4.8000E+00   7.470866732253477D+00   1.138072078171212D+01   3.040237777227304D+00   8.340483004484817D+00
 5.0000E+00   7.486089284326518D+00   1.097767695799316D+01   3.235810276435027D+00   7.741866681558128D+00
 5.3000E+00   6.772598969132044D+00   9.715043567738967D+00   3.102297831286388D+00   6.612745736452579D+00
 5.6000E+00   6.939033677881993D+00   9.370301889289363D+00   3.878273217382183D+00   5.492028671907183D+00
 5.9000E+00   7.795739272291950D+00   9.852864699943527D+00   5.019846579972137D+00   4.833018119971394D+00
 6.7500E+00   6.503242716695273D+00   8.021002933685519D+00   4.208259042544919D+00   3.812743891140604D+00
 7.5500E+00   4.790045495045678D+00   5.866476395279292D+00   3.125628042823652D+00   2.740848352455641D+00
 8.2500E+00   5.013630566867630D+00   5.733810608189523D+00   3.771780225130267D+00   1.962030383059255D+00
 8.7000E+00   6.171886550643792D+00   6.748745462075064D+00   5.088868264737210D+00   1.659877197337854D+00
 9.0000E+00   7.375588233340064D+00   7.867764673599986D+00   6.388612621379689D+00   1.479152052220296D+00
 9.3000E+00   1.240157914762234D+01   1.288325179713629D+01   1.133773589536962D+01   1.545515901766672D+00
 9.7500E+00   1.324688680170419D+01   1.370485535850667D+01   1.217433127748173D+01   1.530524081024943D+00
 1.0000E+01   1.304789431232899D+01   1.348453415972505D+01   1.196388015578669D+01   1.520654003938364D+00
 1.0500E+01   1.130521729280794D+01   1.170362414929484D+01   1.028751706519691D+01   1.416107084097926D+00
 1.1000E+01   9.634124591575322D+00   9.991751397737751D+00   8.701688406625046D+00   1.290062991112702D+00
 1.1400E+01   8.425133385713625D+00   8.757988651152189D+00   7.558703301712354D+00   1.199285349439834D+00
 1.2000E+01   6.683930010215965D+00   6.987731845600223D+00   5.942360053999660D+00   1.045371791600559D+00
 1.2700E+01   5.957842051072411D+00   6.190493143968942D+00   5.366101539683712D+00   8.243916042852304D-01
 1.3500E+01   6.859774217319252D+00   7.021899546018515D+00   6.387926349015902D+00   6.339731970026157D-01
 1.5000E+01   7.670251295488110D+00   7.778262175659851D+00   7.303414494532117D+00   4.748476811277378D-01
 1.6500E+01   9.944559343876618D+00   1.004553124062731D+01   9.571029347778886D+00   4.745018928484238D-01
 1.8000E+01   8.781425183159874D+00   8.877119452963194D+00   8.404987017418458D+00   4.721324355447338D-01
 1.9000E+01   7.547619818866545D+00   7.630515057163604D+00   7.203179489643283D+00   4.273355675203228D-01
 2.0000E+01   6.318650392898785D+00   6.389604524296483D+00   6.010589986721055D+00   3.790145375754280D-01
 2.1000E+01   5.503969971577358D+00   5.561217289916158D+00   5.237841828721313D+00   3.233754611948424D-01
 2.3000E+01   4.628157550266590D+00   4.664482083605471D+00   4.424694263856805D+00   2.397878197486651D-01
 2.5000E+01   4.395793343894177D+00   4.419360551950647D+00   4.235604038885976D+00   1.837565130646704D-01
 2.6500E+01   4.456018692979644D+00   4.475630689281342D+00   4.313403165368500D+00   1.622275239128415D-01
 2.7500E+01   4.254970665731144D+00   4.272372701070609D+00   4.123342307083327D+00   1.490303939872812D-01
 2.9500E+01   3.873265115647590D+00   3.887623562620635D+00   3.760827156830451D+00   1.267964057901829D-01
 3.1500E+01   3.144509602602740D+00   3.156387983243881D+00   3.051742443476068D+00   1.046455397678123D-01
 3.3100E+01   2.715336911518513D+00   2.724765650637006D+00   2.637451548452747D+00   8.731410218426100D-02
 3.4500E+01   2.387474259777645D+00   2.395351969039014D+00   2.320505008111457D+00   7.484696092755597D-02
 3.6000E+01   2.144764148285966D+00   2.151353587760505D+00   2.087761222772565D+00   6.359236498794008D-02
 3.7000E+01   2.023469361326101D+00   2.029172562018707D+00   1.972475627126500D+00   5.669693489220773D-02
 3.8500E+01   1.867704425720830D+00   1.872162379715416D+00   1.823718153839517D+00   4.844422587589901D-02
 4.0000E+01   1.702159512557004D+00   1.705859308795069D+00   1.664205992157536D+00   4.165331663753324D-02
 4.2000E+01   1.501352948878266D+00   1.504198164725918D+00   1.470161807319888D+00   3.403635740603051D-02
 4.3350E+01   1.408008532366235D+00   1.410300757201803D+00   1.380611547695734D+00   2.968920950606940D-02
 4.5540E+01   1.288958673512770D+00   1.290687638196536D+00   1.266418357513905D+00   2.426928068263157D-02
 5.0000E+01   1.098137703799997D+00   1.099180064758496D+00   1.082513168727087D+00   1.666689603140808D-02
 6.0000E+01   7.629827139653976D-01   7.634196330505592D-01   7.551539665643214D-01   8.265666486237437D-03
 7.0000E+01   5.652967322701349D-01   5.655130131386484D-01   5.609527172124454D-01   4.560295926203286D-03
 8.5000E+01   3.797007782609820D-01   3.797993132533080D-01   3.777630543403755D-01   2.036258912932417D-03
 1.0000E+02   2.733993379456359D-01   2.734363253361652D-01   2.724585277967414D-01   9.777975394238143D-04
 1.0600E+02   2.439711298267635D-01   2.439951260333202D-01   2.432264329530549D-01   7.686930802652008D-04
 1.1000E+02   2.260174764021187D-01   2.260358954572023D-01   2.253751650481262D-01   6.607304090760378D-04
 1.1500E+02   2.065219786740276D-01   2.065355073893674D-01   2.059842886068972D-01   5.512187824702539D-04
 1.2000E+02   1.904845741094430D-01   1.904947148142583D-01   1.900309212229722D-01   4.637935912861321D-04
 1.2700E+02   1.705304930957651D-01   1.705374593219467D-01   1.701684899887130D-01   3.689693332336071D-04
 1.3300E+02   1.544073957956499D-01   1.544125521107536D-01   1.541062743776705D-01   3.062777330830952D-04
 1.4100E+02   1.365791744124789D-01   1.365827126068616D-01   1.363409023524291D-01   2.418102544325287D-04
 1.4500E+02   1.293759050550989D-01   1.293788636706484D-01   1.291629215861252D-01   2.159420845231835D-04
 1.5000E+02   1.214562954332563D-01   1.214586805449075D-01   1.212703518244573D-01   1.883287204503159D-04
 1.5500E+02   1.144387651020813D-01   1.144407038920399D-01   1.142756888932238D-01   1.650149988160785D-04
 2.0000E+02   7.188682270499386D-02   7.188722254794323D-02   7.182783648158531D-02   5.938606635790727D-05
 2.5000E+02   4.547673339970179D-02   4.547683587713156D-02   4.545252641207564D-02   2.430946505592032D-05
 3.5000E+02   2.466925497742432D-02   2.466926815041725D-02   2.466294086546322D-02   6.327284954017677D-06
 4.5000E+02   1.337885371976299D-02   1.337885658617350D-02   1.337653362749324D-02   2.322958680262017D-06
 5.0000E+02   9.633185201662477D-03   9.633186709379502D-03   9.631663754661072D-03   1.522954718428917D-06
 6.0000E+02   5.817582364235524D-03   5.817582857584843D-03   5.816850230607407D-03   7.326269774370688D-07
 8.0000E+02   2.823608083513649D-03   2.823608166443006D-03   2.823377055200038D-03   2.311112429690421D-07
 1.0000E+03   1.828276159268917D-03   1.828276179326507D-03   1.828181695122158D-03   9.448420434974860D-08
 1.3000E+03   1.178886618681890D-03   1.178886622063742D-03   1.178853578351531D-03   3.304371221168092D-08
 1.5000E+03   9.263179393854582D-04   9.263179405557911D-04   9.262993085722097D-04   1.863198358164295D-08
 2.0000E+03   5.597594986337742D-04   5.597594988401421D-04   5.597536199043521D-04   5.878935789922886D-09
 2.6000E+03   3.579631329925047D-04   3.579631330351030D-04   3.579610642556913D-04   2.068779411535028D-09
 3.0000E+03   2.818767747601716D-04   2.818767747779267D-04   2.818756104663962D-04   1.164311530522925D-09
 5.7000E+03   9.892427549321588D-05   9.892427549349366D-05   9.892418623853642D-05   8.925495726892718D-11
 9.6000E+03   4.548813003265943D-05   4.548813003266123D-05   4.548811894987666D-05   1.108278460088761D-11
 3.0000E+04   9.060238524363445D-06   9.060238524363445D-06   9.060238409017981D-06   1.153454663652584D-13
 1.0000E+05   2.504429553048917D-06   2.504429553048924D-06   2.504429552115015D-06   9.339090135336957D-16
