# # E_gamma (MeV)  Final State Radiation (MeV^-1 s^-1)
5.145440e-01 4.984990e+20
5.413360e-01 4.738090e+20
5.695230e-01 4.503409e+20
5.991770e-01 4.280348e+20
6.303750e-01 4.068326e+20
6.631980e-01 3.866795e+20
6.977300e-01 3.675238e+20
7.340600e-01 3.493162e+20
7.722810e-01 3.320100e+20
8.124930e-01 3.155599e+20
8.547980e-01 2.999243e+20
8.993070e-01 2.850621e+20
9.461320e-01 2.709359e+20
9.953960e-01 2.575086e+20
1.047230e+00 2.447447e+20
1.101750e+00 2.326154e+20
1.159120e+00 2.210840e+20
1.219470e+00 2.101247e+20
1.282970e+00 1.997065e+20
1.349770e+00 1.898049e+20
1.420050e+00 1.803931e+20
1.493990e+00 1.714470e+20
1.571780e+00 1.629436e+20
1.653620e+00 1.548612e+20
1.739730e+00 1.471780e+20
1.830310e+00 1.398762e+20
1.925610e+00 1.329354e+20
2.025880e+00 1.263377e+20
2.131360e+00 1.200672e+20
2.242340e+00 1.141066e+20
2.359100e+00 1.084409e+20
2.481930e+00 1.030561e+20
2.611160e+00 9.793758e+19
2.747120e+00 9.307235e+19
2.890160e+00 8.844790e+19
3.040650e+00 8.405227e+19
3.198970e+00 7.987435e+19
3.365530e+00 7.590328e+19
3.540770e+00 7.212858e+19
3.725140e+00 6.854061e+19
3.919100e+00 6.513040e+19
4.123160e+00 6.188895e+19
4.337850e+00 5.880787e+19
4.563720e+00 5.587927e+19
4.801340e+00 5.309574e+19
5.051340e+00 5.044990e+19
5.314360e+00 4.793500e+19
5.591070e+00 4.554461e+19
5.882190e+00 4.327252e+19
6.188470e+00 4.111288e+19
6.510690e+00 3.906018e+19
6.849700e+00 3.710902e+19
7.206350e+00 3.525449e+19
7.581580e+00 3.349172e+19
7.976340e+00 3.181623e+19
8.391660e+00 3.022366e+19
8.828600e+00 2.870995e+19
9.288290e+00 2.727116e+19
9.771920e+00 2.590359e+19
1.028070e+01 2.460380e+19
1.081600e+01 2.336828e+19
1.137920e+01 2.219388e+19
1.197170e+01 2.107767e+19
1.259510e+01 2.001664e+19
1.325090e+01 1.900824e+19
1.394080e+01 1.804984e+19
1.466670e+01 1.713879e+19
1.543040e+01 1.627285e+19
1.623380e+01 1.544987e+19
1.707910e+01 1.466757e+19
1.796840e+01 1.392404e+19
1.890400e+01 1.321735e+19
1.988830e+01 1.254567e+19
2.092380e+01 1.190730e+19
2.201330e+01 1.130051e+19
2.315950e+01 1.072381e+19
2.436540e+01 1.017567e+19
2.563410e+01 9.654709e+18
2.696880e+01 9.159593e+18
2.837300e+01 8.689024e+18
2.985040e+01 8.241767e+18
3.140470e+01 7.816705e+18
3.303990e+01 7.412739e+18
3.476020e+01 7.028831e+18
3.657010e+01 6.663975e+18
3.847430e+01 6.317225e+18
4.047760e+01 5.987709e+18
4.258520e+01 5.674568e+18
4.480250e+01 5.376999e+18
4.713530e+01 5.094223e+18
4.958960e+01 4.825514e+18
5.217170e+01 4.570183e+18
5.488820e+01 4.327575e+18
5.774620e+01 4.097056e+18
6.075290e+01 3.878044e+18
6.391620e+01 3.669961e+18
6.724430e+01 3.472270e+18
7.074560e+01 3.284469e+18
7.442920e+01 3.106069e+18
7.830470e+01 2.936604e+18
8.238190e+01 2.775645e+18
8.667140e+01 2.622771e+18
9.118430e+01 2.477585e+18
9.593210e+01 2.339716e+18
1.009270e+02 2.208806e+18
1.061820e+02 2.084512e+18
1.117110e+02 1.966505e+18
1.175280e+02 1.854484e+18
1.236470e+02 1.748175e+18
1.300850e+02 1.647278e+18
1.368590e+02 1.551527e+18
1.439850e+02 1.460691e+18
1.514820e+02 1.374523e+18
1.593690e+02 1.292799e+18
1.676680e+02 1.215287e+18
1.763980e+02 1.141807e+18
1.855830e+02 1.072148e+18
1.952460e+02 1.006130e+18
2.054120e+02 9.435762e+17
2.161070e+02 8.843175e+17
2.273600e+02 8.281863e+17
2.391980e+02 7.750394e+17
2.516530e+02 7.247235e+17
2.647560e+02 6.771030e+17
2.785410e+02 6.320432e+17
2.930450e+02 5.894116e+17
3.083030e+02 5.490926e+17
3.243560e+02 5.109638e+17
3.412450e+02 4.749132e+17
3.590130e+02 4.408332e+17
3.777060e+02 4.086184e+17
3.973730e+02 3.781663e+17
4.180640e+02 3.493804e+17
4.398320e+02 3.221667e+17
4.627330e+02 2.964337e+17
4.868270e+02 2.720919e+17
5.121760e+02 2.490565e+17
5.388440e+02 2.272468e+17
5.669010e+02 2.065841e+17
5.964180e+02 1.869973e+17
6.274730e+02 1.684195e+17
6.601450e+02 1.507945e+17
6.945180e+02 1.340794e+17
7.306800e+02 1.182442e+17
7.687260e+02 1.032818e+17
8.087520e+02 8.920863e+16
8.508630e+02 7.605925e+16
8.951660e+02 6.390972e+16
9.417770e+02 5.283343e+16
9.908140e+02 4.291397e+16
1.042400e+03 3.422268e+16
1.096680e+03 2.678424e+16
1.153780e+03 2.058563e+16
1.213860e+03 1.555360e+16
1.277060e+03 1.157965e+16
1.343560e+03 8.508427e+15
1.413520e+03 6.189640e+15
1.487120e+03 4.469846e+15
1.564550e+03 3.205694e+15
1.646010e+03 2.285234e+15
1.731720e+03 1.611400e+15
1.821890e+03 1.116177e+15
1.916750e+03 7.531780e+14
2.016550e+03 4.891612e+14
2.121550e+03 3.045757e+14
2.232020e+03 1.823266e+14
2.348230e+03 1.054789e+14
2.470500e+03 5.993664e+13
2.599140e+03 3.358300e+13
2.734470e+03 1.857288e+13
2.876850e+03 1.010319e+13
3.026650e+03 5.196166e+12
3.184240e+03 2.506361e+12
3.350040e+03 1.149303e+12
3.524470e+03 5.051367e+11
3.707990e+03 2.214374e+11
3.901060e+03 9.369208e+10
4.104180e+03 3.669617e+10
4.317880e+03 1.361539e+10
4.542710e+03 4.673243e+09
4.779240e+03 1.583128e+09
5.028090e+03 5.161535e+08
5.289890e+03 1.467503e+08
5.565330e+03 4.065237e+07
5.855110e+03 1.064051e+07
6.159980e+03 2.465026e+06
6.480720e+03 5.707100e+05
6.818160e+03 1.149494e+05
7.173170e+03 2.163555e+04
7.546670e+03 3.800691e+03
7.939620e+03 5.694930e+02
8.353020e+03 8.509507e+01
8.787950e+03 1.066571e+01
9.245530e+03 1.066055e+00
9.726930e+03 1.306690e-01
1.023340e+04 1.088186e-02
1.076620e+04 8.600828e-04
1.132680e+04 6.578670e-05
1.191660e+04 3.288319e-06
1.253710e+04 2.083534e-07
1.318990e+04 9.309623e-09
1.387660e+04 3.843965e-10
1.459920e+04 1.181582e-11
1.535930e+04 3.253446e-13
1.615910e+04 8.620226e-15
1.700050e+04 1.683980e-16
1.788570e+04 2.375312e-18
1.881690e+04 3.297877e-20
1.979670e+04 3.556114e-22
2.082750e+04 2.500876e-24
2.191200e+04 1.750561e-26
2.305290e+04 8.230155e-29
2.425320e+04 2.810016e-31
2.551610e+04 8.634364e-34
2.684460e+04 1.490712e-36
2.824240e+04 2.516316e-39
2.971300e+04 2.217510e-42
3.126010e+04 1.857187e-45
3.288770e+04 7.988953e-49
3.460020e+04 2.899153e-52
3.640170e+04 6.344275e-56
3.829710e+04 8.046759e-60
4.029120e+04 8.067261e-64
4.238910e+04 4.434234e-68
4.459630e+04 1.304104e-72
4.691830e+04 2.452332e-77
4.936130e+04 2.829363e-82
5.193150e+04 1.785979e-87
5.463550e+04 5.841005e-93
5.748030e+04 9.704041e-99
6.047320e+04 7.971469e-105
6.362200e+04 3.085966e-111
6.693470e+04 5.345627e-118
7.041990e+04 4.199369e-125
7.408660e+04 1.616324e-132
7.794420e+04 2.463941e-140
8.200260e+04 1.205069e-148
8.627240e+04 2.942985e-157
9.076450e+04 1.869055e-166
9.549040e+04 5.278526e-176
1.004630e+05 4.078357e-186
1.056930e+05 8.668013e-197
1.111970e+05 5.495317e-208
1.169870e+05 9.341857e-220
1.230780e+05 3.948876e-232
1.294860e+05 4.065049e-245
1.362290e+05 8.155326e-259
1.433220e+05 2.756505e-273
1.507850e+05 2.096335e-288
1.586360e+05 2.310857e-304
1.668960e+05 0.000000e+00
