# # E_gamma (MeV)  Final State Radiation (MeV^-1 s^-1)
5.145440e-01 1.496351e+21
5.413360e-01 1.420034e+21
5.695230e-01 1.347554e+21
5.991770e-01 1.278626e+21
6.303750e-01 1.213172e+21
6.631980e-01 1.150920e+21
6.977300e-01 1.091813e+21
7.340600e-01 1.035595e+21
7.722810e-01 9.821695e+20
8.124930e-01 9.314627e+20
8.547980e-01 8.832218e+20
8.993070e-01 8.374435e+20
9.461320e-01 7.938902e+20
9.953960e-01 7.525030e+20
1.047230e+00 7.132469e+20
1.101750e+00 6.758943e+20
1.159120e+00 6.403965e+20
1.219470e+00 6.067538e+20
1.282970e+00 5.747199e+20
1.349770e+00 5.442895e+20
1.420050e+00 5.153799e+20
1.493990e+00 4.880122e+20
1.571780e+00 4.619352e+20
1.653620e+00 4.371662e+20
1.739730e+00 4.136389e+20
1.830310e+00 3.914046e+20
1.925610e+00 3.701977e+20
2.025880e+00 3.500584e+20
2.131360e+00 3.309382e+20
2.242340e+00 3.127842e+20
2.359100e+00 2.956733e+20
2.481930e+00 2.793250e+20
2.611160e+00 2.638076e+20
2.747120e+00 2.490810e+20
2.890160e+00 2.351070e+20
3.040650e+00 2.218486e+20
3.198970e+00 2.094132e+20
3.365530e+00 1.974927e+20
3.540770e+00 1.861876e+20
3.725140e+00 1.754673e+20
3.919100e+00 1.653047e+20
4.123160e+00 1.556713e+20
4.337850e+00 1.465417e+20
4.563720e+00 1.378913e+20
4.801340e+00 1.298589e+20
5.051340e+00 1.221056e+20
5.314360e+00 1.147644e+20
5.591070e+00 1.078148e+20
5.882190e+00 1.012381e+20
6.188470e+00 9.501582e+19
6.510690e+00 8.913064e+19
6.849700e+00 8.356579e+19
7.206350e+00 7.830599e+19
7.581580e+00 7.333600e+19
7.976340e+00 6.864126e+19
8.391660e+00 6.420817e+19
8.828600e+00 6.002424e+19
9.288290e+00 5.607695e+19
9.771920e+00 5.235450e+19
1.028070e+01 4.902430e+19
1.081600e+01 4.572065e+19
1.137920e+01 4.260963e+19
1.197170e+01 3.968087e+19
1.259510e+01 3.692544e+19
1.325090e+01 3.433449e+19
1.394080e+01 3.189981e+19
1.466670e+01 2.961282e+19
1.543040e+01 2.746621e+19
1.623380e+01 2.545299e+19
1.707910e+01 2.356567e+19
1.796840e+01 2.179794e+19
1.890400e+01 2.014339e+19
1.988830e+01 1.859598e+19
2.092380e+01 1.714984e+19
2.201330e+01 1.579955e+19
2.315950e+01 1.453980e+19
2.436540e+01 1.336559e+19
2.563410e+01 1.227213e+19
2.696880e+01 1.125486e+19
2.837300e+01 1.030954e+19
2.985040e+01 9.431769e+18
3.140470e+01 8.617650e+18
3.303990e+01 7.863713e+18
3.476020e+01 7.165926e+18
3.657010e+01 6.521167e+18
3.847430e+01 5.925750e+18
4.047760e+01 5.376784e+18
4.258520e+01 4.871385e+18
4.480250e+01 4.406740e+18
4.713530e+01 3.980008e+18
4.958960e+01 3.588721e+18
5.217170e+01 3.230531e+18
5.488820e+01 2.903122e+18
5.774620e+01 2.604338e+18
6.075290e+01 2.332164e+18
6.391620e+01 2.084571e+18
6.724430e+01 1.859637e+18
7.074560e+01 1.655831e+18
7.442920e+01 1.471386e+18
7.830470e+01 1.304857e+18
8.238190e+01 1.154730e+18
8.667140e+01 1.019675e+18
9.118430e+01 8.984084e+17
9.593210e+01 7.896842e+17
1.009270e+02 6.925275e+17
1.061820e+02 6.058453e+17
1.117110e+02 5.286789e+17
1.175280e+02 4.601422e+17
1.236470e+02 3.994392e+17
1.300850e+02 3.458000e+17
1.368590e+02 2.984949e+17
1.439850e+02 2.569293e+17
1.514820e+02 2.205041e+17
1.593690e+02 1.886382e+17
1.676680e+02 1.608518e+17
1.763980e+02 1.367268e+17
1.855830e+02 1.158456e+17
1.952460e+02 9.781125e+16
2.054120e+02 8.225489e+16
2.161070e+02 6.892034e+16
2.273600e+02 5.751740e+16
2.391980e+02 4.783029e+16
2.516530e+02 3.959686e+16
2.647560e+02 3.264005e+16
2.785410e+02 2.679046e+16
2.930450e+02 2.189035e+16
3.083030e+02 1.778918e+16
3.243560e+02 1.437823e+16
3.412450e+02 1.157402e+16
3.590130e+02 9.267105e+15
3.777060e+02 7.371206e+15
3.973730e+02 5.827064e+15
4.180640e+02 4.584877e+15
4.398320e+02 3.580869e+15
4.627330e+02 2.781386e+15
4.868270e+02 2.141850e+15
5.121760e+02 1.639626e+15
5.388440e+02 1.245224e+15
5.669010e+02 9.386173e+14
5.964180e+02 7.007390e+14
6.274730e+02 5.178143e+14
6.601450e+02 3.816431e+14
6.945180e+02 2.779529e+14
7.306800e+02 2.007890e+14
7.687260e+02 1.437808e+14
8.087520e+02 1.016222e+14
8.508630e+02 7.126415e+13
8.951660e+02 4.935039e+13
9.417770e+02 3.393872e+13
9.908140e+02 2.302609e+13
1.042400e+03 1.534665e+13
1.096680e+03 1.018017e+13
1.153780e+03 6.528922e+12
1.213860e+03 4.161205e+12
1.277060e+03 2.580812e+12
1.343560e+03 1.583543e+12
1.413520e+03 9.791067e+11
1.487120e+03 5.780502e+11
1.564550e+03 3.366227e+11
1.646010e+03 1.889533e+11
1.731720e+03 1.043250e+11
1.821890e+03 6.051232e+10
1.916750e+03 3.480578e+10
2.016550e+03 1.856425e+10
2.121550e+03 1.031628e+10
2.232020e+03 7.157075e+09
2.348230e+03 3.293159e+09
2.470500e+03 1.268378e+09
2.599140e+03 7.737328e+08
2.734470e+03 3.206391e+08
2.876850e+03 7.686638e+07
3.026650e+03 6.233454e+07
3.184240e+03 3.327482e+07
3.350040e+03 1.446193e+07
3.524470e+03 2.069982e+06
3.707990e+03 1.080096e+06
3.901060e+03 1.778523e+05
4.104180e+03 0.000000e+00
