# E_gamma(MeV)   IFA_primary_masked(MeV^-1 s^-1)
5.145440e-01 1.886986e+21
5.413360e-01 2.467658e+21
5.695230e-01 3.024360e+21
5.991770e-01 2.904376e+21
6.303750e-01 2.785265e+21
6.631980e-01 2.667773e+21
6.977300e-01 2.552500e+21
7.340600e-01 2.439904e+21
7.722810e-01 2.330334e+21
8.124930e-01 2.224046e+21
8.547980e-01 2.121223e+21
8.993070e-01 2.021987e+21
9.461320e-01 1.926409e+21
9.953960e-01 1.834521e+21
1.047230e+00 1.746319e+21
1.101750e+00 1.661773e+21
1.159120e+00 1.580829e+21
1.219470e+00 1.503422e+21
1.282970e+00 1.429463e+21
1.349770e+00 1.358863e+21
1.420050e+00 1.291518e+21
1.493990e+00 1.227323e+21
1.571780e+00 1.166165e+21
1.653620e+00 1.107934e+21
1.739730e+00 1.052515e+21
1.830310e+00 9.997931e+20
1.925610e+00 9.496575e+20
2.025880e+00 9.019976e+20
2.131360e+00 8.567020e+20
2.242340e+00 8.136659e+20
2.359100e+00 7.727855e+20
2.481930e+00 7.339595e+20
2.611160e+00 6.970913e+20
2.747120e+00 6.620875e+20
2.890160e+00 6.288571e+20
3.040650e+00 5.973140e+20
3.198970e+00 5.673748e+20
3.365530e+00 5.389595e+20
3.540770e+00 5.119924e+20
3.725140e+00 4.864000e+20
3.919100e+00 4.621131e+20
4.123160e+00 4.390654e+20
4.337850e+00 4.171939e+20
4.563720e+00 3.964384e+20
4.801340e+00 3.767416e+20
5.051340e+00 3.580491e+20
5.314360e+00 3.403093e+20
5.591070e+00 3.234730e+20
5.882190e+00 3.074937e+20
6.188470e+00 2.923267e+20
6.510690e+00 2.779301e+20
6.849700e+00 2.642639e+20
7.206350e+00 2.512903e+20
7.581580e+00 2.389733e+20
7.976340e+00 2.272791e+20
8.391660e+00 2.161754e+20
8.828600e+00 2.056318e+20
9.288290e+00 1.956192e+20
9.771920e+00 1.861101e+20
1.028070e+01 1.770785e+20
1.081600e+01 1.684994e+20
1.137920e+01 1.603496e+20
1.197170e+01 1.526069e+20
1.259510e+01 1.452504e+20
1.325090e+01 1.382603e+20
1.394080e+01 1.316177e+20
1.466670e+01 1.253050e+20
1.543040e+01 1.193048e+20
1.623380e+01 1.136014e+20
1.707910e+01 1.081797e+20
1.796840e+01 1.030251e+20
1.890400e+01 9.812405e+19
1.988830e+01 9.346369e+19
2.092380e+01 8.903173e+19
2.201330e+01 8.481656e+19
2.315950e+01 8.080720e+19
2.436540e+01 7.699320e+19
2.563410e+01 7.336475e+19
2.696880e+01 6.991245e+19
2.837300e+01 6.662746e+19
2.985040e+01 6.350126e+19
3.140470e+01 6.052591e+19
3.303990e+01 5.769386e+19
3.476020e+01 5.499789e+19
3.657010e+01 5.243124e+19
3.847430e+01 4.998752e+19
4.047760e+01 4.766054e+19
4.258520e+01 4.544448e+19
4.480250e+01 4.333389e+19
4.713530e+01 4.132346e+19
4.958960e+01 3.940827e+19
5.217170e+01 3.758358e+19
5.488820e+01 3.584496e+19
5.774620e+01 3.418813e+19
6.075290e+01 3.260906e+19
6.391620e+01 3.110392e+19
6.724430e+01 2.966908e+19
7.074560e+01 2.830107e+19
7.442920e+01 2.699664e+19
7.830470e+01 2.575265e+19
8.238190e+01 2.456609e+19
8.667140e+01 2.343429e+19
9.118430e+01 2.235451e+19
9.593210e+01 2.132417e+19
1.009270e+02 2.034085e+19
1.061820e+02 1.940233e+19
1.117110e+02 1.850629e+19
1.175280e+02 1.765068e+19
1.236470e+02 1.683348e+19
1.300850e+02 1.605284e+19
1.368590e+02 1.530696e+19
1.439850e+02 1.459408e+19
1.514820e+02 1.391256e+19
1.593690e+02 1.326088e+19
1.676680e+02 1.263750e+19
1.763980e+02 1.204097e+19
1.855830e+02 1.146994e+19
1.952460e+02 1.092311e+19
2.054120e+02 1.039920e+19
2.161070e+02 9.897012e+18
2.273600e+02 9.415459e+18
2.391980e+02 8.953321e+18
2.516530e+02 8.509592e+18
2.647560e+02 8.083237e+18
2.785410e+02 7.673274e+18
2.930450e+02 7.278708e+18
3.083030e+02 6.898729e+18
3.243560e+02 6.532399e+18
3.412450e+02 6.178886e+18
3.590130e+02 5.837380e+18
3.777060e+02 5.507082e+18
3.973730e+02 5.187255e+18
4.180640e+02 4.877257e+18
4.398320e+02 4.576252e+18
4.627330e+02 4.283663e+18
4.868270e+02 3.998904e+18
5.121760e+02 3.721410e+18
5.388440e+02 3.450623e+18
5.669010e+02 3.186303e+18
5.964180e+02 2.928102e+18
6.274730e+02 2.675879e+18
6.601450e+02 2.429647e+18
6.945180e+02 2.189744e+18
7.306800e+02 1.956709e+18
7.687260e+02 1.731396e+18
8.087520e+02 1.515033e+18
8.508630e+02 1.309230e+18
8.951660e+02 1.115724e+18
9.417770e+02 9.364922e+17
9.908140e+02 7.733170e+17
1.042400e+03 6.278477e+17
1.096680e+03 5.009595e+17
1.153780e+03 3.928982e+17
1.213860e+03 3.030899e+17
1.277060e+03 2.303205e+17
1.343560e+03 1.726218e+17
1.413520e+03 1.278850e+17
1.487120e+03 9.381792e+16
1.564550e+03 6.829791e+16
1.646010e+03 4.931094e+16
1.731720e+03 3.528111e+16
1.821890e+03 2.494265e+16
1.916750e+03 1.735053e+16
2.016550e+03 1.179323e+16
2.121550e+03 7.860590e+15
2.232020e+03 5.141134e+15
2.348230e+03 3.372064e+15
2.470500e+03 2.422507e+15
2.599140e+03 2.001897e+15
2.734470e+03 1.861308e+15
2.876850e+03 1.820184e+15
3.026650e+03 1.761100e+15
3.184240e+03 1.537238e+15
3.350040e+03 1.184964e+15
3.524470e+03 0.000000e+00
3.707990e+03 0.000000e+00
3.901060e+03 0.000000e+00
4.104180e+03 0.000000e+00
4.317880e+03 0.000000e+00
4.542710e+03 0.000000e+00
4.779240e+03 0.000000e+00
5.028090e+03 0.000000e+00
5.289890e+03 0.000000e+00
5.565330e+03 0.000000e+00
5.855110e+03 0.000000e+00
6.159980e+03 0.000000e+00
6.480720e+03 0.000000e+00
6.818160e+03 0.000000e+00
7.173170e+03 0.000000e+00
7.546670e+03 0.000000e+00
7.939620e+03 0.000000e+00
8.353020e+03 0.000000e+00
8.787950e+03 0.000000e+00
9.245530e+03 0.000000e+00
9.726930e+03 0.000000e+00
1.023340e+04 0.000000e+00
1.076620e+04 0.000000e+00
1.132680e+04 0.000000e+00
1.191660e+04 0.000000e+00
1.253710e+04 0.000000e+00
1.318990e+04 0.000000e+00
1.387660e+04 0.000000e+00
1.459920e+04 0.000000e+00
1.535930e+04 0.000000e+00
1.615910e+04 0.000000e+00
1.700050e+04 0.000000e+00
1.788570e+04 0.000000e+00
1.881690e+04 0.000000e+00
1.979670e+04 0.000000e+00
2.082750e+04 0.000000e+00
2.191200e+04 0.000000e+00
2.305290e+04 0.000000e+00
2.425320e+04 0.000000e+00
2.551610e+04 0.000000e+00
2.684460e+04 0.000000e+00
2.824240e+04 0.000000e+00
2.971300e+04 0.000000e+00
3.126010e+04 0.000000e+00
3.288770e+04 0.000000e+00
3.460020e+04 0.000000e+00
3.640170e+04 0.000000e+00
3.829710e+04 0.000000e+00
4.029120e+04 0.000000e+00
4.238910e+04 0.000000e+00
4.459630e+04 0.000000e+00
4.691830e+04 0.000000e+00
4.936130e+04 0.000000e+00
5.193150e+04 0.000000e+00
5.463550e+04 0.000000e+00
5.748030e+04 0.000000e+00
6.047320e+04 0.000000e+00
6.362200e+04 0.000000e+00
6.693470e+04 0.000000e+00
7.041990e+04 0.000000e+00
7.408660e+04 0.000000e+00
7.794420e+04 0.000000e+00
8.200260e+04 0.000000e+00
8.627240e+04 0.000000e+00
9.076450e+04 0.000000e+00
9.549040e+04 0.000000e+00
1.004630e+05 0.000000e+00
1.056930e+05 0.000000e+00
1.111970e+05 0.000000e+00
1.169870e+05 0.000000e+00
1.230780e+05 0.000000e+00
1.294860e+05 0.000000e+00
1.362290e+05 0.000000e+00
1.433220e+05 0.000000e+00
1.507850e+05 0.000000e+00
1.586360e+05 0.000000e+00
1.668960e+05 0.000000e+00
