# E_gamma(MeV)   IFA_secondary_masked(MeV^-1 s^-1)
5.145440e-01 2.524123e+21
5.413360e-01 3.719924e+21
5.695230e-01 5.003563e+21
5.991770e-01 5.731104e+21
6.303750e-01 6.224796e+21
6.631980e-01 6.520464e+21
6.977300e-01 6.662566e+21
7.340600e-01 6.689966e+21
7.722810e-01 6.632850e+21
8.124930e-01 6.514324e+21
8.547980e-01 6.351865e+21
8.993070e-01 6.158815e+21
9.461320e-01 5.944891e+21
9.953960e-01 5.717886e+21
1.047230e+00 5.483690e+21
1.101750e+00 5.246583e+21
1.159120e+00 5.009844e+21
1.219470e+00 4.776016e+21
1.282970e+00 4.546853e+21
1.349770e+00 4.323561e+21
1.420050e+00 4.107164e+21
1.493990e+00 3.898305e+21
1.571780e+00 3.697375e+21
1.653620e+00 3.504608e+21
1.739730e+00 3.320094e+21
1.830310e+00 3.143813e+21
1.925610e+00 2.975671e+21
2.025880e+00 2.815510e+21
2.131360e+00 2.663118e+21
2.242340e+00 2.518262e+21
2.359100e+00 2.380682e+21
2.481930e+00 2.250100e+21
2.611160e+00 2.126235e+21
2.747120e+00 2.008797e+21
2.890160e+00 1.897504e+21
3.040650e+00 1.792060e+21
3.198970e+00 1.692191e+21
3.365530e+00 1.597623e+21
3.540770e+00 1.508095e+21
3.725140e+00 1.423342e+21
3.919100e+00 1.343134e+21
4.123160e+00 1.267229e+21
4.337850e+00 1.195403e+21
4.563720e+00 1.127440e+21
4.801340e+00 1.063135e+21
5.051340e+00 1.002292e+21
5.314360e+00 9.447270e+20
5.591070e+00 8.902623e+20
5.882190e+00 8.387325e+20
6.188470e+00 7.899800e+20
6.510690e+00 7.438559e+20
6.849700e+00 7.002186e+20
7.206350e+00 6.589352e+20
7.581580e+00 6.198793e+20
7.976340e+00 5.829321e+20
8.391660e+00 5.479821e+20
8.828600e+00 5.149230e+20
9.288290e+00 4.836551e+20
9.771920e+00 4.540841e+20
1.028070e+01 4.261209e+20
1.081600e+01 3.996801e+20
1.137920e+01 3.746834e+20
1.197170e+01 3.510560e+20
1.259510e+01 3.287281e+20
1.325090e+01 3.076326e+20
1.394080e+01 2.877073e+20
1.466670e+01 2.688930e+20
1.543040e+01 2.511331e+20
1.623380e+01 2.343745e+20
1.707910e+01 2.185675e+20
1.796840e+01 2.036644e+20
1.890400e+01 1.896200e+20
1.988830e+01 1.763916e+20
2.092380e+01 1.639387e+20
2.201330e+01 1.522226e+20
2.315950e+01 1.412067e+20
2.436540e+01 1.308560e+20
2.563410e+01 1.211377e+20
2.696880e+01 1.120198e+20
2.837300e+01 1.034725e+20
2.985040e+01 9.546685e+19
3.140470e+01 8.797525e+19
3.303990e+01 8.097131e+19
3.476020e+01 7.442962e+19
3.657010e+01 6.832596e+19
3.847430e+01 6.263713e+19
4.047760e+01 5.734110e+19
4.258520e+01 5.241646e+19
4.480250e+01 4.784313e+19
4.713530e+01 4.360171e+19
4.958960e+01 3.967345e+19
5.217170e+01 3.604028e+19
5.488820e+01 3.268525e+19
5.774620e+01 2.959173e+19
6.075290e+01 2.674369e+19
6.391620e+01 2.412587e+19
6.724430e+01 2.172374e+19
7.074560e+01 1.952322e+19
7.442920e+01 1.751101e+19
7.830470e+01 1.567447e+19
8.238190e+01 1.400132e+19
8.667140e+01 1.247980e+19
9.118430e+01 1.109897e+19
9.593210e+01 9.848393e+18
1.009270e+02 8.718129e+18
1.061820e+02 7.698826e+18
1.117110e+02 6.781864e+18
1.175280e+02 5.958790e+18
1.236470e+02 5.221726e+18
1.300850e+02 4.563385e+18
1.368590e+02 3.976896e+18
1.439850e+02 3.455750e+18
1.514820e+02 2.993920e+18
1.593690e+02 2.585886e+18
1.676680e+02 2.226445e+18
1.763980e+02 1.910745e+18
1.855830e+02 1.634292e+18
1.952460e+02 1.392993e+18
2.054120e+02 1.183050e+18
2.161070e+02 1.001002e+18
2.273600e+02 8.436817e+17
2.391980e+02 7.082878e+17
2.516530e+02 5.922155e+17
2.647560e+02 4.930859e+17
2.785410e+02 4.087266e+17
2.930450e+02 3.372330e+17
3.083030e+02 2.769264e+17
3.243560e+02 2.262992e+17
3.412450e+02 1.839634e+17
3.590130e+02 1.487483e+17
3.777060e+02 1.196376e+17
3.973730e+02 9.567433e+16
4.180640e+02 7.603929e+16
4.398320e+02 6.006874e+16
4.627330e+02 4.715599e+16
4.868270e+02 3.676709e+16
5.121760e+02 2.846890e+16
5.388440e+02 2.188033e+16
5.669010e+02 1.668753e+16
5.964180e+02 1.262747e+16
6.274730e+02 9.481319e+15
6.601450e+02 7.058524e+15
6.945180e+02 5.210757e+15
7.306800e+02 3.817393e+15
7.687260e+02 2.772689e+15
8.087520e+02 1.992337e+15
8.508630e+02 1.417514e+15
8.951660e+02 9.991353e+14
9.417770e+02 6.954411e+14
9.908140e+02 4.788247e+14
1.042400e+03 3.265814e+14
1.096680e+03 2.198019e+14
1.153780e+03 1.454522e+14
1.213860e+03 9.496622e+13
1.277060e+03 6.082656e+13
1.343560e+03 3.829752e+13
1.413520e+03 2.377547e+13
1.487120e+03 1.450883e+13
1.564550e+03 8.757233e+12
1.646010e+03 5.163155e+12
1.731720e+03 2.980902e+12
1.821890e+03 1.698290e+12
1.916750e+03 9.609685e+11
2.016550e+03 5.529107e+11
2.121550e+03 3.189257e+11
2.232020e+03 1.799931e+11
2.348230e+03 1.033812e+11
2.470500e+03 6.370620e+10
2.599140e+03 3.949102e+10
2.734470e+03 2.705603e+10
2.876850e+03 2.384350e+10
3.026650e+03 2.174734e+10
3.184240e+03 1.778233e+10
3.350040e+03 1.369905e+10
3.524470e+03 9.872680e+09
3.707990e+03 5.555925e+09
3.901060e+03 2.694050e+09
4.104180e+03 1.197793e+09
