0 1 2 3 18 19 20 21
0 1 4 5 18 19 22 23
0 6 13 15 18 24 31 33
0 7 10 17 18 25 28 35
0 8 12 16 18 26 30 34
0 9 11 14 18 27 29 32
1 6 11 16 19 24 29 34
1 7 12 14 19 25 30 32
1 8 10 15 19 26 28 33
1 9 13 17 19 27 31 35
2 3 8 9 20 21 26 27
2 4 10 11 20 22 28 29
2 5 14 15 20 23 32 33
2 6 12 17 20 24 30 35
2 7 13 16 20 25 31 34
3 4 16 17 21 22 34 35
3 5 12 13 21 23 30 31
3 6 10 14 21 24 28 32
3 7 11 15 21 25 29 33
4 5 6 7 22 23 24 25
4 8 13 14 22 26 31 32
4 9 12 15 22 27 30 33
5 8 11 17 23 26 29 35
5 9 10 16 23 27 28 34
6 7 8 9 24 25 26 27
10 11 12 13 28 29 30 31
14 15 16 17 32 33 34 35
