0 1 23 25 31 37 39 41
0 2 14 15 19 20 26 36
0 3 4 5 7 17 27 35
0 6 8 21 24 29 34 38
0 9 10 11 12 18 30 40
0 13 16 22 28 32 33 42
1 2 3 8 12 25 30 32
1 2 7 9 23 24 26 42
1 3 5 6 10 14 23 28
1 4 8 11 16 20 21 23
1 5 22 23 27 32 38 40
1 13 19 34 35 36 38 40
1 15 17 18 23 29 32 33
2 3 5 8 22 25 33 40
2 3 21 25 26 32 37 40
2 4 6 13 18 22 26 31
2 10 16 17 26 34 38 39
2 11 26 27 28 29 35 41
3 5 9 13 20 22 29 39
3 5 11 15 31 34 38 42
3 5 16 18 19 24 36 41
4 9 14 32 33 34 38 41
4 10 19 25 29 36 37 42
4 12 15 24 28 30 39 40
5 8 12 21 26 30 33 37
6 7 11 19 32 33 36 39
6 9 15 16 25 27 35 37
6 12 17 20 30 40 41 42
7 8 10 13 15 21 22 41
7 12 14 16 29 30 31 40
7 18 20 25 28 34 37 38
8 9 17 19 21 28 31 36
8 14 18 21 27 35 39 42
10 20 24 27 31 32 33 35
11 13 14 17 22 24 25 37
12 13 19 22 23 27 30 38
12 22 23 27 30 34 35 36
