0 1 2 3 4 5 15 34 46
0 5 10 20 25 30 35 40 45
0 6 12 18 24 26 32 38 44
0 7 14 16 23 27 34 36 43
0 8 11 19 22 28 31 39 42
0 9 13 17 21 29 33 37 41
1 5 14 18 22 25 34 38 41
1 6 11 16 21 26 31 36 40
1 7 13 19 20 27 33 39 44
1 8 10 17 24 28 30 37 43
1 9 12 23 29 32 35 42 45
2 5 13 16 24 25 33 36 42
2 6 10 19 23 26 30 39 41
2 7 12 17 22 27 32 37 40
2 8 14 21 28 34 35 44 45
2 9 11 18 20 29 31 38 43
3 5 12 19 21 25 32 39 43
3 6 14 17 20 26 34 37 42
3 7 11 24 27 31 35 41 45
3 8 13 18 23 28 33 38 40
3 9 10 16 22 29 30 36 44
4 5 11 17 23 25 31 37 44
4 6 13 22 26 33 35 43 45
4 7 10 18 21 27 30 38 42
4 8 12 16 20 28 32 36 41
4 9 14 19 24 29 34 39 40
5 6 7 8 9 26 27 28 29
6 9 12 14 15 25 32 45 46
7 8 15 25 26 27 28 29 46
10 11 12 13 30 31 32 33 34
10 11 13 14 15 30 31 33 46
15 16 17 18 35 36 38 39 46
15 19 35 40 41 42 43 44 46
15 20 21 22 23 24 35 37 46
16 17 18 19 36 37 38 39 45
