0 1 3 8
0 2 7 48
0 4 18 29
0 5 46 47
0 6 21 33
0 9 19 32
0 10 23 40
0 11 31 35
0 12 28 34
0 13 30 39
0 14 25 45
0 15 27 43
0 16 22 37
0 17 26 36
0 20 24 38
0 41 42 44
1 2 4 9
1 5 19 30
1 6 47 48
1 7 22 34
1 10 20 33
1 11 24 41
1 12 32 36
1 13 29 35
1 14 31 40
1 15 26 46
1 16 28 44
1 17 23 38
1 18 27 37
1 21 25 39
1 42 43 45
2 3 5 10
2 6 20 31
2 8 23 35
2 11 21 34
2 12 25 42
2 13 33 37
2 14 30 36
2 15 32 41
2 16 27 47
2 17 29 45
2 18 24 39
2 19 28 38
2 22 26 40
2 43 44 46
3 4 6 11
3 7 21 32
3 9 24 36
3 12 22 35
3 13 26 43
3 14 34 38
3 15 31 37
3 16 33 42
3 17 28 48
3 18 30 46
3 19 25 40
3 20 29 39
3 23 27 41
3 44 45 47
4 5 7 12
4 8 22 33
4 10 25 37
4 13 23 36
4 14 27 44
4 15 35 39
4 16 32 38
4 17 34 43
4 19 31 47
4 20 26 41
4 21 30 40
4 24 28 42
4 45 46 48
5 6 8 13
5 9 23 34
5 11 26 38
5 14 24 37
5 15 28 45
5 16 36 40
5 17 33 39
5 18 35 44
5 20 32 48
5 21 27 42
5 22 31 41
5 25 29 43
6 7 9 14
6 10 24 35
6 12 27 39
6 15 25 38
6 16 29 46
6 17 37 41
6 18 34 40
6 19 36 45
6 22 28 43
6 23 32 42
6 26 30 44
7 8 10 15
7 11 25 36
7 13 28 40
7 16 26 39
7 17 30 47
7 18 38 42
7 19 35 41
7 20 37 46
7 23 29 44
7 24 33 43
7 27 31 45
8 9 11 16
8 12 26 37
8 14 29 41
8 17 27 40
8 18 31 48
8 19 39 43
8 20 36 42
8 21 38 47
8 24 30 45
8 25 34 44
8 28 32 46
9 10 12 17
9 13 27 38
9 15 30 42
9 18 28 41
9 20 40 44
9 21 37 43
9 22 39 48
9 25 31 46
9 26 35 45
9 29 33 47
10 11 13 18
10 14 28 39
10 16 31 43
10 19 29 42
10 21 41 45
10 22 38 44
10 26 32 47
10 27 36 46
10 30 34 48
11 12 14 19
11 15 29 40
11 17 32 44
11 20 30 43
11 22 42 46
11 23 39 45
11 27 33 48
11 28 37 47
12 13 15 20
12 16 30 41
12 18 33 45
12 21 31 44
12 23 43 47
12 24 40 46
12 29 38 48
13 14 16 21
13 17 31 42
13 19 34 46
13 22 32 45
13 24 44 48
13 25 41 47
14 15 17 22
14 18 32 43
14 20 35 47
14 23 33 46
14 26 42 48
15 16 18 23
15 19 33 44
15 21 36 48
15 24 34 47
16 17 19 24
16 20 34 45
16 25 35 48
17 18 20 25
17 21 35 46
18 19 21 26
18 22 36 47
19 20 22 27
19 23 37 48
20 21 23 28
21 22 24 29
22 23 25 30
23 24 26 31
24 25 27 32
25 26 28 33
26 27 29 34
27 28 30 35
28 29 31 36
29 30 32 37
30 31 33 38
31 32 34 39
32 33 35 40
33 34 36 41
34 35 37 42
35 36 38 43
36 37 39 44
37 38 40 45
38 39 41 46
39 40 42 47
40 41 43 48
