0 1 2 10
0 2 5 7
0 3 6 50
0 4 8 48
0 9 11 49
0 12 24 36
0 13 25 37
0 14 26 38
0 15 27 39
0 16 28 40
0 17 29 41
0 18 30 42
0 19 31 43
0 20 32 44
0 21 33 45
0 22 34 46
0 23 35 47
1 3 4 11
1 5 6 49
1 7 9 48
1 8 10 50
1 12 25 38
1 13 26 39
1 14 27 40
1 15 28 41
1 16 29 36
1 17 24 37
1 18 31 44
1 19 32 45
1 20 33 46
1 21 34 47
1 22 35 42
1 23 30 43
2 3 6 48
2 4 8 49
2 9 11 50
2 12 26 37
2 13 27 38
2 14 28 39
2 15 29 40
2 16 24 41
2 17 25 36
2 18 32 43
2 19 33 44
2 20 34 45
2 21 35 46
2 22 30 47
2 23 31 42
3 5 8 9
3 7 10 49
3 12 27 46
3 13 28 47
3 14 29 42
3 15 24 43
3 16 25 44
3 17 26 45
3 18 33 40
3 19 34 41
3 20 35 36
3 21 30 37
3 22 31 38
3 23 32 39
4 5 7 50
4 6 9 10
4 12 28 45
4 13 29 46
4 14 24 47
4 15 25 42
4 16 26 43
4 17 27 44
4 18 34 39
4 19 35 40
4 20 30 41
4 21 31 36
4 22 32 37
4 23 33 38
5 10 11 48
5 12 29 47
5 13 24 42
5 14 25 43
5 15 26 44
5 16 27 45
5 17 28 46
5 18 35 41
5 19 30 36
5 20 31 37
5 21 32 38
5 22 33 39
5 23 34 40
6 7 8 11
6 12 30 39
6 13 31 40
6 14 32 41
6 15 33 36
6 16 34 37
6 17 35 38
6 18 24 45
6 19 25 46
6 20 26 47
6 21 27 42
6 22 28 43
6 23 29 44
7 12 31 41
7 13 32 36
7 14 33 37
7 15 34 38
7 16 35 39
7 17 30 40
7 18 25 47
7 19 26 42
7 20 27 43
7 21 28 44
7 22 29 45
7 23 24 46
8 12 32 40
8 13 33 41
8 14 34 36
8 15 35 37
8 16 30 38
8 17 31 39
8 18 26 46
8 19 27 47
8 20 28 42
8 21 29 43
8 22 24 44
8 23 25 45
9 12 33 43
9 13 34 44
9 14 35 45
9 15 30 46
9 16 31 47
9 17 32 42
9 18 27 37
9 19 28 38
9 20 29 39
9 21 24 40
9 22 25 41
9 23 26 36
10 12 34 42
10 13 35 43
10 14 30 44
10 15 31 45
10 16 32 46
10 17 33 47
10 18 28 36
10 19 29 37
10 20 24 38
10 21 25 39
10 22 26 40
10 23 27 41
11 12 35 44
11 13 30 45
11 14 31 46
11 15 32 47
11 16 33 42
11 17 34 43
11 18 29 38
11 19 24 39
11 20 25 40
11 21 26 41
11 22 27 36
11 23 28 37
12 13 14 22
12 14 17 19
12 15 18 50
12 16 20 48
12 21 23 49
13 15 16 23
13 17 18 49
13 19 21 48
13 20 22 50
14 15 18 48
14 16 20 49
14 21 23 50
15 17 20 21
15 19 22 49
16 17 19 50
16 18 21 22
17 22 23 48
18 19 20 23
24 25 26 34
24 26 29 31
24 27 30 50
24 28 32 48
24 33 35 49
25 27 28 35
25 29 30 49
25 31 33 48
25 32 34 50
25 48 49 50
26 27 30 48
26 28 32 49
26 33 35 50
27 29 32 33
27 31 34 49
28 29 31 50
28 30 33 34
29 34 35 48
30 31 32 35
36 37 38 46
36 38 41 43
36 39 42 50
36 40 44 48
36 45 47 49
37 39 40 47
37 41 42 49
37 43 45 48
37 44 46 50
38 39 42 48
38 40 44 49
38 45 47 50
39 41 44 45
39 43 46 49
40 41 43 50
40 42 45 46
41 46 47 48
42 43 44 47
