0 1 2 10 14 15 17 44 51
0 2 15 16 17 19 27 30 36
0 3 4 15 18 19 35 37 43
0 5 6 15 20 21 39 41 48
0 7 8 15 22 23 31 33 46
0 9 10 15 24 25 42 45 50
0 11 12 15 26 27 38 40 47
0 13 14 15 28 29 32 34 49
1 3 5 16 18 20 33 38 45
1 4 6 16 19 21 31 40 49
1 7 9 16 22 24 34 39 47
1 8 10 16 23 25 32 41 43
1 11 13 16 26 28 35 42 46
1 12 14 16 27 29 37 48 50
1 30 31 34 36 38 42 43 48
2 3 6 17 18 21 34 46 50
2 4 5 17 19 20 32 42 47
2 7 10 17 22 25 37 38 49
2 8 9 17 23 24 35 40 48
2 11 14 17 26 29 33 39 43
2 12 13 17 27 28 31 41 45
3 7 11 18 22 26 32 41 48
3 8 12 18 23 27 39 42 49
3 9 13 18 24 30 36 44 51
3 9 18 24 28 30 36 44 51
3 10 14 18 25 29 31 40 47
4 6 10 11 21 25 26 30 36
4 7 12 16 19 22 27 44 51
4 8 11 19 23 26 34 45 50
4 9 14 19 24 29 38 41 46
4 10 13 19 25 28 33 39 48
5 6 11 20 21 25 29 44 51
5 7 13 20 22 28 40 43 50
5 8 14 20 22 23 29 30 36
5 9 11 20 24 26 31 37 49
5 10 12 20 25 27 34 35 46
6 7 14 21 22 29 35 42 45
6 8 13 21 23 28 37 38 47
6 9 12 21 24 27 32 33 43
7 30 32 36 37 39 40 45 46
8 43 44 45 46 47 48 49 51
12 30 33 35 36 41 47 49 50
23 33 34 37 40 41 42 44 51
26 31 32 35 38 39 44 50 51
