0 1 29 37 51
0 2 19 22 45
0 3 33 35 52
0 4 18 25 46
0 5 15 16 40
0 6 27 31 47
0 7 34 38 41
0 8 23 24 48
0 9 14 21 42
0 10 30 32 49
0 11 17 20 43
0 12 28 36 50
0 13 26 39 44
0 47 48 51 52
1 2 30 38 52
1 3 20 23 46
1 4 34 36 40
1 5 13 19 47
1 6 16 17 41
1 7 28 32 48
1 8 26 35 42
1 9 24 25 49
1 10 15 22 43
1 11 31 33 50
1 12 18 21 44
1 14 27 39 45
2 3 26 31 40
2 4 21 24 47
2 5 35 37 41
2 6 14 20 48
2 7 17 18 42
2 8 29 33 49
2 9 27 36 43
2 10 13 25 50
2 11 16 23 44
2 12 32 34 51
2 15 28 39 46
3 4 27 32 41
3 5 22 25 48
3 6 36 38 42
3 7 15 21 49
3 8 18 19 43
3 9 30 34 50
3 10 28 37 44
3 11 13 14 51
3 12 17 24 45
3 16 29 39 47
4 5 28 33 42
4 6 13 23 49
4 7 26 37 43
4 8 16 22 50
4 9 19 20 44
4 10 31 35 51
4 11 29 38 45
4 12 14 15 52
4 17 30 39 48
5 6 29 34 43
5 7 14 24 50
5 8 27 38 44
5 9 17 23 51
5 10 20 21 45
5 11 32 36 52
5 12 26 30 46
5 18 31 39 49
6 7 30 35 44
6 8 15 25 51
6 9 26 28 45
6 10 18 24 52
6 11 21 22 46
6 12 33 37 40
6 19 32 39 50
7 8 31 36 45
7 9 13 16 52
7 10 27 29 46
7 11 19 25 40
7 12 22 23 47
7 20 33 39 51
8 9 32 37 46
8 10 14 17 40
8 11 28 30 47
8 12 13 20 41
8 21 34 39 52
9 10 33 38 47
9 11 15 18 41
9 12 29 31 48
9 22 35 39 40
10 11 26 34 48
10 12 16 19 42
10 23 36 39 41
11 12 27 35 49
11 24 37 39 42
12 25 38 39 43
13 15 32 35 45
13 17 31 38 46
13 18 28 29 40
13 21 36 37 48
13 22 27 34 42
13 24 30 33 43
14 16 33 36 46
14 18 26 32 47
14 19 29 30 41
14 22 37 38 49
14 23 28 35 43
14 25 31 34 44
15 17 34 37 47
15 19 27 33 48
15 20 30 31 42
15 23 26 38 50
15 24 29 36 44
16 18 35 38 48
16 20 28 34 49
16 21 31 32 43
16 24 26 27 51
16 25 30 37 45
17 19 26 36 49
17 21 29 35 50
17 22 32 33 44
17 25 27 28 52
18 20 27 37 50
18 22 30 36 51
18 23 33 34 45
19 21 28 38 51
19 23 31 37 52
19 24 34 35 46
20 22 26 29 52
20 24 32 38 40
20 25 35 36 47
21 23 27 30 40
21 25 26 33 41
22 24 28 31 41
23 25 29 32 42
40 41 42 43 44
40 45 46 47 48
40 49 50 51 52
41 42 43 51 52
41 42 45 46 49
41 42 47 48 50
43 44 45 46 50
43 44 47 48 49
44 45 46 51 52
