0 1 20 25 30 31 33 37 41 44
0 2 4 15 21 30 46 52 53 54
0 3 5 14 17 29 30 36 48 51
0 6 12 15 18 21 23 32 46 54
0 7 9 10 13 22 24 30 40 45
0 8 11 28 30 34 38 39 42 47
0 16 19 26 27 30 35 43 49 50
1 2 11 12 17 26 39 44 45 48
1 3 7 14 15 27 35 44 46 47
1 4 5 9 18 29 44 49 52 54
1 5 16 18 28 34 40 44 49 53
1 6 13 21 22 38 42 44 50 51
1 8 10 19 23 24 32 36 43 44
2 3 8 9 12 14 37 40 41 50
2 4 6 12 18 23 30 32 52 53
2 5 7 12 19 20 29 38 42 43
2 10 12 16 24 25 33 47 49 51
2 12 13 22 27 28 31 34 35 36
3 4 14 18 19 39 43 52 53 54
3 6 10 14 20 21 24 26 28 34
3 11 13 18 22 25 33 43 53 54
3 14 16 23 31 32 38 42 45 49
4 7 8 18 26 31 51 52 53 54
4 9 16 28 29 34 40 52 53 54
4 10 17 18 24 27 35 37 38 48
4 11 13 14 19 22 25 33 39 52
4 17 18 24 41 42 48 52 53 54
4 18 20 36 45 47 50 52 53 54
5 6 8 21 25 27 29 33 35 45
5 10 11 15 24 29 31 39 46 50
5 13 22 23 26 29 32 37 41 47
6 7 11 16 21 36 37 39 41 49
6 9 17 19 21 31 40 43 47 48
7 17 23 25 28 32 33 34 48 50
8 13 15 16 17 20 22 46 48 49
9 11 20 23 27 32 35 39 40 51
9 15 25 26 33 36 38 40 42 46
10 27 35 37 38 41 42 52 53 54
15 19 28 34 37 41 43 45 46 51
