0 1 2 5 25 28 29 30 33 53
0 2 11 16 24 28 30 39 44 52
0 3 6 12 27 28 31 34 40 55
0 4 7 8 23 28 32 35 36 51
0 9 15 17 26 28 37 43 45 54
0 10 13 14 19 28 38 41 42 47
0 18 20 21 22 28 46 48 49 50
1 2 5 15 25 29 30 33 43 53
1 3 5 23 25 29 31 33 51 53
1 4 14 17 20 29 32 42 45 48
1 6 10 11 18 29 34 38 39 46
1 7 24 26 27 29 35 52 54 55
1 8 16 19 22 29 36 44 47 50
1 9 12 13 21 29 37 40 41 49
2 3 17 18 19 30 31 45 46 47
2 4 7 10 21 30 32 35 38 49
2 6 8 13 26 30 34 36 41 54
2 8 9 20 27 30 36 37 48 55
2 12 14 22 23 30 40 42 50 51
3 4 11 22 26 31 32 39 50 54
3 7 9 11 14 31 35 37 39 42
3 8 10 15 21 31 36 38 43 49
3 13 16 20 24 31 41 44 48 52
4 5 6 9 16 32 33 34 37 44
4 12 15 19 24 32 40 43 47 52
4 13 18 25 27 32 41 46 53 55
5 7 13 17 22 33 35 41 45 50
5 8 14 18 24 33 36 42 46 52
5 10 12 20 26 33 38 40 48 54
5 11 19 21 27 33 39 47 49 55
6 7 19 20 25 34 35 47 48 53
6 14 15 22 27 34 42 43 50 55
6 17 21 23 24 34 45 49 51 52
7 12 15 16 18 35 40 43 44 46
8 11 12 17 25 36 39 40 45 53
9 10 22 24 25 37 38 50 52 53
9 18 19 23 26 37 46 47 51 54
10 16 17 23 27 38 44 45 51 55
11 13 15 20 23 39 41 43 48 51
14 16 21 25 26 42 44 49 53 54
