0 1 2 61
0 1 3 7
0 2 6 60
0 4 58 59
0 5 13 34
0 8 29 56
0 9 26 42
0 10 24 46
0 11 23 41
0 12 30 50
0 14 36 51
0 15 25 39
0 16 35 44
0 17 33 52
0 18 38 49
0 19 28 45
0 20 31 43
0 21 48 53
0 22 37 47
0 27 32 40
0 54 55 57
1 2 4 8
1 5 59 60
1 6 14 35
1 9 30 57
1 10 27 43
1 11 25 47
1 12 24 42
1 13 31 51
1 15 37 52
1 16 26 40
1 17 36 45
1 18 34 53
1 19 39 50
1 20 29 46
1 21 32 44
1 22 49 54
1 23 38 48
1 28 33 41
1 55 56 58
2 3 5 9
2 7 15 36
2 10 31 58
2 11 28 44
2 12 26 48
2 13 25 43
2 14 32 52
2 16 38 53
2 17 27 41
2 18 37 46
2 19 35 54
2 20 40 51
2 21 30 47
2 22 33 45
2 23 50 55
2 24 39 49
2 29 34 42
2 56 57 59
3 4 5 61
3 4 6 10
3 8 16 37
3 11 32 59
3 12 29 45
3 13 27 49
3 14 26 44
3 15 33 53
3 17 39 54
3 18 28 42
3 19 38 47
3 20 36 55
3 21 41 52
3 22 31 48
3 23 34 46
3 24 51 56
3 25 40 50
3 30 35 43
3 57 58 60
4 5 7 11
4 9 17 38
4 12 33 60
4 13 30 46
4 14 28 50
4 15 27 45
4 16 34 54
4 18 40 55
4 19 29 43
4 20 39 48
4 21 37 56
4 22 42 53
4 23 32 49
4 24 35 47
4 25 52 57
4 26 41 51
4 31 36 44
5 6 8 12
5 10 18 39
5 14 31 47
5 15 29 51
5 16 28 46
5 17 35 55
5 19 41 56
5 20 30 44
5 21 40 49
5 22 38 57
5 23 43 54
5 24 33 50
5 25 36 48
5 26 53 58
5 27 42 52
5 32 37 45
6 7 8 61
6 7 9 13
6 11 19 40
6 15 32 48
6 16 30 52
6 17 29 47
6 18 36 56
6 20 42 57
6 21 31 45
6 22 41 50
6 23 39 58
6 24 44 55
6 25 34 51
6 26 37 49
6 27 54 59
6 28 43 53
6 33 38 46
7 8 10 14
7 12 20 41
7 16 33 49
7 17 31 53
7 18 30 48
7 19 37 57
7 21 43 58
7 22 32 46
7 23 42 51
7 24 40 59
7 25 45 56
7 26 35 52
7 27 38 50
7 28 55 60
7 29 44 54
7 34 39 47
8 9 11 15
8 13 21 42
8 17 34 50
8 18 32 54
8 19 31 49
8 20 38 58
8 22 44 59
8 23 33 47
8 24 43 52
8 25 41 60
8 26 46 57
8 27 36 53
8 28 39 51
8 30 45 55
8 35 40 48
9 10 11 61
9 10 12 16
9 14 22 43
9 18 35 51
9 19 33 55
9 20 32 50
9 21 39 59
9 23 45 60
9 24 34 48
9 25 44 53
9 27 47 58
9 28 37 54
9 29 40 52
9 31 46 56
9 36 41 49
10 11 13 17
10 15 23 44
10 19 36 52
10 20 34 56
10 21 33 51
10 22 40 60
10 25 35 49
10 26 45 54
10 28 48 59
10 29 38 55
10 30 41 53
10 32 47 57
10 37 42 50
11 12 14 18
11 16 24 45
11 20 37 53
11 21 35 57
11 22 34 52
11 26 36 50
11 27 46 55
11 29 49 60
11 30 39 56
11 31 42 54
11 33 48 58
11 38 43 51
12 13 14 61
12 13 15 19
12 17 25 46
12 21 38 54
12 22 36 58
12 23 35 53
12 27 37 51
12 28 47 56
12 31 40 57
12 32 43 55
12 34 49 59
12 39 44 52
13 14 16 20
13 18 26 47
13 22 39 55
13 23 37 59
13 24 36 54
13 28 38 52
13 29 48 57
13 32 41 58
13 33 44 56
13 35 50 60
13 40 45 53
14 15 17 21
14 19 27 48
14 23 40 56
14 24 38 60
14 25 37 55
14 29 39 53
14 30 49 58
14 33 42 59
14 34 45 57
14 41 46 54
15 16 17 61
15 16 18 22
15 20 28 49
15 24 41 57
15 26 38 56
15 30 40 54
15 31 50 59
15 34 43 60
15 35 46 58
15 42 47 55
16 17 19 23
16 21 29 50
16 25 42 58
16 27 39 57
16 31 41 55
16 32 51 60
16 36 47 59
16 43 48 56
17 18 20 24
17 22 30 51
17 26 43 59
17 28 40 58
17 32 42 56
17 37 48 60
17 44 49 57
18 19 20 61
18 19 21 25
18 23 31 52
18 27 44 60
18 29 41 59
18 33 43 57
18 45 50 58
19 20 22 26
19 24 32 53
19 30 42 60
19 34 44 58
19 46 51 59
20 21 23 27
20 25 33 54
20 35 45 59
20 47 52 60
21 22 23 61
21 22 24 28
21 26 34 55
21 36 46 60
22 23 25 29
22 27 35 56
23 24 26 30
23 28 36 57
24 25 26 61
24 25 27 31
24 29 37 58
25 26 28 32
25 30 38 59
26 27 29 33
26 31 39 60
27 28 29 61
27 28 30 34
28 29 31 35
29 30 32 36
30 31 32 61
30 31 33 37
31 32 34 38
32 33 35 39
33 34 35 61
33 34 36 40
34 35 37 41
35 36 38 42
36 37 38 61
36 37 39 43
37 38 40 44
38 39 41 45
39 40 41 61
39 40 42 46
40 41 43 47
41 42 44 48
42 43 44 61
42 43 45 49
43 44 46 50
44 45 47 51
45 46 47 61
45 46 48 52
46 47 49 53
47 48 50 54
48 49 50 61
48 49 51 55
49 50 52 56
50 51 53 57
51 52 53 61
51 52 54 58
52 53 55 59
53 54 56 60
54 55 56 61
57 58 59 61
58 59 60 61
