0 1 2 3 61
0 1 3 13 34
0 2 12 33 60
0 4 9 23 45
0 5 19 41 57
0 6 17 24 32
0 7 15 44 50
0 8 37 43 54
0 10 31 58 59
0 11 18 26 55
0 14 36 52 56
0 16 20 25 39
0 21 48 49 51
0 22 38 42 47
0 27 28 30 40
0 29 35 46 53
1 2 4 14 35
1 5 10 24 46
1 6 20 42 58
1 7 18 25 33
1 8 16 45 51
1 9 38 44 55
1 11 32 59 60
1 12 19 27 56
1 15 37 53 57
1 17 21 26 40
1 22 49 50 52
1 23 39 43 48
1 28 29 31 41
1 30 36 47 54
2 3 5 15 36
2 6 11 25 47
2 7 21 43 59
2 8 19 26 34
2 9 17 46 52
2 10 39 45 56
2 13 20 28 57
2 16 38 54 58
2 18 22 27 41
2 23 50 51 53
2 24 40 44 49
2 29 30 32 42
2 31 37 48 55
3 4 6 16 37
3 7 12 26 48
3 8 22 44 60
3 9 20 27 35
3 10 18 47 53
3 11 40 46 57
3 14 21 29 58
3 17 39 55 59
3 19 23 28 42
3 24 51 52 54
3 25 41 45 50
3 30 31 33 43
3 32 38 49 56
4 5 6 7 61
4 5 7 17 38
4 8 13 27 49
4 10 21 28 36
4 11 19 48 54
4 12 41 47 58
4 15 22 30 59
4 18 40 56 60
4 20 24 29 43
4 25 52 53 55
4 26 42 46 51
4 31 32 34 44
4 33 39 50 57
5 6 8 18 39
5 9 14 28 50
5 11 22 29 37
5 12 20 49 55
5 13 42 48 59
5 16 23 31 60
5 21 25 30 44
5 26 53 54 56
5 27 43 47 52
5 32 33 35 45
5 34 40 51 58
6 7 9 19 40
6 10 15 29 51
6 12 23 30 38
6 13 21 50 56
6 14 43 49 60
6 22 26 31 45
6 27 54 55 57
6 28 44 48 53
6 33 34 36 46
6 35 41 52 59
7 8 10 20 41
7 11 16 30 52
7 13 24 31 39
7 14 22 51 57
7 23 27 32 46
7 28 55 56 58
7 29 45 49 54
7 34 35 37 47
7 36 42 53 60
8 9 10 11 61
8 9 11 21 42
8 12 17 31 53
8 14 25 32 40
8 15 23 52 58
8 24 28 33 47
8 29 56 57 59
8 30 46 50 55
8 35 36 38 48
9 10 12 22 43
9 13 18 32 54
9 15 26 33 41
9 16 24 53 59
9 25 29 34 48
9 30 57 58 60
9 31 47 51 56
9 36 37 39 49
10 11 13 23 44
10 14 19 33 55
10 16 27 34 42
10 17 25 54 60
10 26 30 35 49
10 32 48 52 57
10 37 38 40 50
11 12 14 24 45
11 15 20 34 56
11 17 28 35 43
11 27 31 36 50
11 33 49 53 58
11 38 39 41 51
12 13 14 15 61
12 13 15 25 46
12 16 21 35 57
12 18 29 36 44
12 28 32 37 51
12 34 50 54 59
12 39 40 42 52
13 14 16 26 47
13 17 22 36 58
13 19 30 37 45
13 29 33 38 52
13 35 51 55 60
13 40 41 43 53
14 15 17 27 48
14 18 23 37 59
14 20 31 38 46
14 30 34 39 53
14 41 42 44 54
15 16 18 28 49
15 19 24 38 60
15 21 32 39 47
15 31 35 40 54
15 42 43 45 55
16 17 18 19 61
16 17 19 29 50
16 22 33 40 48
16 32 36 41 55
16 43 44 46 56
17 18 20 30 51
17 23 34 41 49
17 33 37 42 56
17 44 45 47 57
18 19 21 31 52
18 24 35 42 50
18 34 38 43 57
18 45 46 48 58
19 20 22 32 53
19 25 36 43 51
19 35 39 44 58
19 46 47 49 59
20 21 22 23 61
20 21 23 33 54
20 26 37 44 52
20 36 40 45 59
20 47 48 50 60
21 22 24 34 55
21 27 38 45 53
21 37 41 46 60
22 23 25 35 56
22 28 39 46 54
23 24 26 36 57
23 29 40 47 55
24 25 26 27 61
24 25 27 37 58
24 30 41 48 56
25 26 28 38 59
25 31 42 49 57
26 27 29 39 60
26 32 43 50 58
27 33 44 51 59
28 29 30 31 61
28 34 45 52 60
32 33 34 35 61
36 37 38 39 61
40 41 42 43 61
44 45 46 47 61
48 49 50 51 61
52 53 54 55 61
56 57 58 59 61
57 58 59 60 61
