0 1 7 12
0 2 14 15
0 3 4 68
0 5 9 16
0 6 11 13
0 8 10 11
0 17 34 51
0 18 35 52
0 19 36 53
0 20 37 54
0 21 38 55
0 22 39 56
0 23 40 57
0 24 41 58
0 25 42 59
0 26 43 60
0 27 44 61
0 28 45 62
0 29 46 63
0 30 47 64
0 31 48 65
0 32 49 66
0 33 50 67
1 2 4 13
1 3 9 10
1 5 11 14
1 5 15 68
1 6 8 16
1 17 50 66
1 18 34 67
1 19 35 51
1 20 36 52
1 21 37 53
1 22 38 54
1 23 39 55
1 24 40 56
1 25 41 57
1 26 42 58
1 27 43 59
1 28 44 60
1 29 45 61
1 30 46 62
1 31 47 63
1 32 48 64
1 33 49 65
2 3 5 6
2 7 10 16
2 8 9 13
2 11 12 68
2 17 49 64
2 18 50 65
2 19 34 66
2 20 35 67
2 21 36 51
2 22 37 52
2 23 38 53
2 24 39 54
2 25 40 55
2 26 41 56
2 27 42 57
2 28 43 58
2 29 44 59
2 30 45 60
2 31 46 61
2 32 47 62
2 33 48 63
3 4 11 16
3 7 13 14
3 8 12 15
3 17 48 62
3 18 49 63
3 19 50 64
3 20 34 65
3 21 35 66
3 22 36 67
3 23 37 51
3 24 38 52
3 25 39 53
3 26 40 54
3 27 41 55
3 28 42 56
3 29 43 57
3 30 44 58
3 31 45 59
3 32 46 60
3 33 47 61
4 5 7 8
4 6 10 15
4 9 12 14
4 17 47 60
4 18 48 61
4 19 49 62
4 20 50 63
4 21 34 64
4 22 35 65
4 23 36 66
4 24 37 67
4 25 38 51
4 26 39 52
4 27 40 53
4 28 41 54
4 29 42 55
4 30 43 56
4 31 44 57
4 32 45 58
4 33 46 59
5 10 12 13
5 17 46 58
5 18 47 59
5 19 48 60
5 20 49 61
5 21 50 62
5 22 34 63
5 23 35 64
5 24 36 65
5 25 37 66
5 26 38 67
5 27 39 51
5 28 40 52
5 29 41 53
5 30 42 54
5 31 43 55
5 32 44 56
5 33 45 57
6 7 9 68
6 12 14 16
6 17 45 56
6 18 46 57
6 19 47 58
6 20 48 59
6 21 49 60
6 22 50 61
6 23 34 62
6 24 35 63
6 25 36 64
6 26 37 65
6 27 38 66
6 28 39 67
6 29 40 51
6 30 41 52
6 31 42 53
6 32 43 54
6 33 44 55
7 9 11 15
7 17 44 54
7 18 45 55
7 19 46 56
7 20 47 57
7 21 48 58
7 22 49 59
7 23 50 60
7 24 34 61
7 25 35 62
7 26 36 63
7 27 37 64
7 28 38 65
7 29 39 66
7 30 40 67
7 31 41 51
7 32 42 52
7 33 43 53
8 10 14 68
8 17 43 52
8 18 44 53
8 19 45 54
8 20 46 55
8 21 47 56
8 22 48 57
8 23 49 58
8 24 50 59
8 25 34 60
8 26 35 61
8 27 36 62
8 28 37 63
8 29 38 64
8 30 39 65
8 31 40 66
8 32 41 67
8 33 42 51
9 17 42 67
9 18 43 51
9 19 44 52
9 20 45 53
9 21 46 54
9 22 47 55
9 23 48 56
9 24 49 57
9 25 50 58
9 26 34 59
9 27 35 60
9 28 36 61
9 29 37 62
9 30 38 63
9 31 39 64
9 32 40 65
9 33 41 66
10 17 41 65
10 18 42 66
10 19 43 67
10 20 44 51
10 21 45 52
10 22 46 53
10 23 47 54
10 24 48 55
10 25 49 56
10 26 50 57
10 27 34 58
10 28 35 59
10 29 36 60
10 30 37 61
10 31 38 62
10 32 39 63
10 33 40 64
11 17 40 63
11 18 41 64
11 19 42 65
11 20 43 66
11 21 44 67
11 22 45 51
11 23 46 52
11 24 47 53
11 25 48 54
11 26 49 55
11 27 50 56
11 28 34 57
11 29 35 58
11 30 36 59
11 31 37 60
11 32 38 61
11 33 39 62
12 17 39 61
12 18 40 62
12 19 41 63
12 20 42 64
12 21 43 65
12 22 44 66
12 23 45 67
12 24 46 51
12 25 47 52
12 26 48 53
12 27 49 54
12 28 50 55
12 29 34 56
12 30 35 57
12 31 36 58
12 32 37 59
12 33 38 60
13 15 16 68
13 17 38 59
13 18 39 60
13 19 40 61
13 20 41 62
13 21 42 63
13 22 43 64
13 23 44 65
13 24 45 66
13 25 46 67
13 26 47 51
13 27 48 52
13 28 49 53
13 29 50 54
13 30 34 55
13 31 35 56
13 32 36 57
13 33 37 58
14 17 37 57
14 18 38 58
14 19 39 59
14 20 40 60
14 21 41 61
14 22 42 62
14 23 43 63
14 24 44 64
14 25 45 65
14 26 46 66
14 27 47 67
14 28 48 51
14 29 49 52
14 30 50 53
14 31 34 54
14 32 35 55
14 33 36 56
15 17 36 55
15 18 37 56
15 19 38 57
15 20 39 58
15 21 40 59
15 22 41 60
15 23 42 61
15 24 43 62
15 25 44 63
15 26 45 64
15 27 46 65
15 28 47 66
15 29 48 67
15 30 49 51
15 31 50 52
15 32 34 53
15 33 35 54
16 17 35 53
16 18 36 54
16 19 37 55
16 20 38 56
16 21 39 57
16 22 40 58
16 23 41 59
16 24 42 60
16 25 43 61
16 26 44 62
16 27 45 63
16 28 46 64
16 29 47 65
16 30 48 66
16 31 49 67
16 32 50 51
16 33 34 52
17 18 24 29
17 19 31 32
17 20 21 68
17 22 26 33
17 23 28 30
17 25 27 28
18 19 21 30
18 20 26 27
18 22 28 31
18 22 32 68
18 23 25 33
19 20 22 23
19 24 27 33
19 25 26 30
19 28 29 68
20 21 28 33
20 24 30 31
20 25 29 32
21 22 24 25
21 23 27 32
21 26 29 31
22 27 29 30
23 24 26 68
23 29 31 33
24 26 28 32
25 27 31 68
30 32 33 68
34 35 41 46
34 36 48 49
34 37 38 68
34 39 43 50
34 40 45 47
34 42 44 45
35 36 38 47
35 37 43 44
35 39 45 48
35 39 49 68
35 40 42 50
36 37 39 40
36 41 44 50
36 42 43 47
36 45 46 68
37 38 45 50
37 41 47 48
37 42 46 49
38 39 41 42
38 40 44 49
38 43 46 48
39 44 46 47
40 41 43 68
40 46 48 50
41 43 45 49
42 44 48 68
47 49 50 68
51 52 58 63
51 53 65 66
51 54 55 68
51 56 60 67
51 57 62 64
51 59 61 62
52 53 55 64
52 54 60 61
52 56 62 65
52 56 66 68
52 57 59 67
53 54 56 57
53 58 61 67
53 59 60 64
53 62 63 68
54 55 62 67
54 58 64 65
54 59 63 66
55 56 58 59
55 57 61 66
55 60 63 65
56 61 63 64
57 58 60 68
57 63 65 67
58 60 62 66
59 61 65 68
64 66 67 68
