0 1 6 13 21
0 2 11 30 54
0 3 17 40 50
0 4 22 38 48
0 5 12 20 78
0 7 15 73 74
0 8 66 67 72
0 9 28 52 77
0 10 39 42 56
0 10 41 45 63
0 14 37 47 76
0 16 26 57 61
0 18 34 44 75
0 19 43 68 70
0 23 33 62 65
0 24 49 51 60
0 25 27 36 55
0 29 32 46 69
0 31 35 53 69
0 58 59 64 71
1 2 7 14 22
1 3 12 31 55
1 4 18 41 51
1 5 23 39 49
1 8 16 74 75
1 9 67 68 73
1 10 29 53 78
1 11 40 43 57
1 11 42 46 64
1 15 38 48 77
1 17 27 58 62
1 19 35 45 76
1 20 44 69 71
1 24 34 63 66
1 25 50 52 61
1 26 28 37 56
1 30 33 47 70
1 32 36 54 70
1 59 60 65 72
2 3 8 15 23
2 4 13 32 56
2 5 19 42 52
2 6 24 40 50
2 9 17 75 76
2 10 68 69 74
2 12 41 44 58
2 12 43 47 65
2 16 39 49 78
2 18 28 59 63
2 20 36 46 77
2 21 45 70 72
2 25 35 64 67
2 26 51 53 62
2 27 29 38 57
2 31 34 48 71
2 33 37 55 71
2 60 61 66 73
3 4 9 16 24
3 5 14 33 57
3 6 20 43 53
3 7 25 41 51
3 10 18 76 77
3 11 69 70 75
3 13 42 45 59
3 13 44 48 66
3 19 29 60 64
3 21 37 47 78
3 22 46 71 73
3 26 36 65 68
3 27 52 54 63
3 28 30 39 58
3 32 35 49 72
3 34 38 56 72
3 61 62 67 74
4 5 10 17 25
4 6 15 34 58
4 7 21 44 54
4 8 26 42 52
4 11 19 77 78
4 12 70 71 76
4 14 43 46 60
4 14 45 49 67
4 20 30 61 65
4 23 47 72 74
4 27 37 66 69
4 28 53 55 64
4 29 31 40 59
4 33 36 50 73
4 35 39 57 73
4 62 63 68 75
5 6 11 18 26
5 7 16 35 59
5 8 22 45 55
5 9 27 43 53
5 13 71 72 77
5 15 44 47 61
5 15 46 50 68
5 21 31 62 66
5 24 48 73 75
5 28 38 67 70
5 29 54 56 65
5 30 32 41 60
5 34 37 51 74
5 36 40 58 74
5 63 64 69 76
6 7 12 19 27
6 8 17 36 60
6 9 23 46 56
6 10 28 44 54
6 14 72 73 78
6 16 45 48 62
6 16 47 51 69
6 22 32 63 67
6 25 49 74 76
6 29 39 68 71
6 30 55 57 66
6 31 33 42 61
6 35 38 52 75
6 37 41 59 75
6 64 65 70 77
7 8 13 20 28
7 9 18 37 61
7 10 24 47 57
7 11 29 45 55
7 17 46 49 63
7 17 48 52 70
7 23 33 64 68
7 26 50 75 77
7 30 40 69 72
7 31 56 58 67
7 32 34 43 62
7 36 39 53 76
7 38 42 60 76
7 65 66 71 78
8 9 14 21 29
8 10 19 38 62
8 11 25 48 58
8 12 30 46 56
8 18 47 50 64
8 18 49 53 71
8 24 34 65 69
8 27 51 76 78
8 31 41 70 73
8 32 57 59 68
8 33 35 44 63
8 37 40 54 77
8 39 43 61 77
9 10 15 22 30
9 11 20 39 63
9 12 26 49 59
9 13 31 47 57
9 19 48 51 65
9 19 50 54 72
9 25 35 66 70
9 32 42 71 74
9 33 58 60 69
9 34 36 45 64
9 38 41 55 78
9 40 44 62 78
10 11 16 23 31
10 12 21 40 64
10 13 27 50 60
10 14 32 48 58
10 20 49 52 66
10 20 51 55 73
10 26 36 67 71
10 33 43 72 75
10 34 59 61 70
10 35 37 46 65
11 12 17 24 32
11 13 22 41 65
11 14 28 51 61
11 15 33 49 59
11 21 50 53 67
11 21 52 56 74
11 27 37 68 72
11 34 44 73 76
11 35 60 62 71
11 36 38 47 66
12 13 18 25 33
12 14 23 42 66
12 15 29 52 62
12 16 34 50 60
12 22 51 54 68
12 22 53 57 75
12 28 38 69 73
12 35 45 74 77
12 36 61 63 72
12 37 39 48 67
13 14 19 26 34
13 15 24 43 67
13 16 30 53 63
13 17 35 51 61
13 23 52 55 69
13 23 54 58 76
13 29 39 70 74
13 36 46 75 78
13 37 62 64 73
13 38 40 49 68
14 15 20 27 35
14 16 25 44 68
14 17 31 54 64
14 18 36 52 62
14 24 53 56 70
14 24 55 59 77
14 30 40 71 75
14 38 63 65 74
14 39 41 50 69
15 16 21 28 36
15 17 26 45 69
15 18 32 55 65
15 19 37 53 63
15 25 54 57 71
15 25 56 60 78
15 31 41 72 76
15 39 64 66 75
15 40 42 51 70
16 17 22 29 37
16 18 27 46 70
16 19 33 56 66
16 20 38 54 64
16 26 55 58 72
16 32 42 73 77
16 40 65 67 76
16 41 43 52 71
17 18 23 30 38
17 19 28 47 71
17 20 34 57 67
17 21 39 55 65
17 27 56 59 73
17 33 43 74 78
17 41 66 68 77
17 42 44 53 72
18 19 24 31 39
18 20 29 48 72
18 21 35 58 68
18 22 40 56 66
18 28 57 60 74
18 42 67 69 78
18 43 45 54 73
19 20 25 32 40
19 21 30 49 73
19 22 36 59 69
19 23 41 57 67
19 29 58 61 75
19 44 46 55 74
20 21 26 33 41
20 22 31 50 74
20 23 37 60 70
20 24 42 58 68
20 30 59 62 76
20 45 47 56 75
21 22 27 34 42
21 23 32 51 75
21 24 38 61 71
21 25 43 59 69
21 31 60 63 77
21 46 48 57 76
22 23 28 35 43
22 24 33 52 76
22 25 39 62 72
22 26 44 60 70
22 32 61 64 78
22 47 49 58 77
23 24 29 36 44
23 25 34 53 77
23 26 40 63 73
23 27 45 61 71
23 48 50 59 78
24 25 30 37 45
24 26 35 54 78
24 27 41 64 74
24 28 46 62 72
25 26 31 38 46
25 28 42 65 75
25 29 47 63 73
26 27 32 39 47
26 29 43 66 76
26 30 48 64 74
27 28 33 40 48
27 30 44 67 77
27 31 49 65 75
28 29 34 41 49
28 31 45 68 78
28 32 50 66 76
29 30 35 42 50
29 33 51 67 77
30 31 36 43 51
30 34 52 68 78
31 32 37 44 52
32 33 38 45 53
33 34 39 46 54
34 35 40 47 55
35 36 41 48 56
36 37 42 49 57
37 38 43 50 58
38 39 44 51 59
39 40 45 52 60
40 41 46 53 61
41 42 47 54 62
42 43 48 55 63
43 44 49 56 64
44 45 50 57 65
45 46 51 58 66
46 47 52 59 67
47 48 53 60 68
48 49 54 61 69
49 50 55 62 70
50 51 56 63 71
51 52 57 64 72
52 53 58 65 73
53 54 59 66 74
54 55 60 67 75
55 56 61 68 76
56 57 62 69 77
57 58 63 70 78
