0 1 3 4 6 7 78
0 2 3 5 6 8 79
0 3 6 9 10 77 80
0 11 22 33 44 55 66
0 12 23 34 45 56 67
0 13 24 35 46 57 68
0 14 25 36 47 58 69
0 15 26 37 48 59 70
0 16 27 38 49 60 71
0 17 28 39 50 61 72
0 18 29 40 51 62 73
0 19 30 41 52 63 74
0 20 31 42 53 64 75
0 21 32 43 54 65 76
1 2 4 5 7 8 80
1 4 7 9 10 77 79
1 11 32 42 52 62 72
1 12 22 43 53 63 73
1 13 23 33 54 64 74
1 14 24 34 44 65 75
1 15 25 35 45 55 76
1 16 26 36 46 56 66
1 17 27 37 47 57 67
1 18 28 38 48 58 68
1 19 29 39 49 59 69
1 20 30 40 50 60 70
1 21 31 41 51 61 71
2 5 8 9 10 77 78
2 11 31 40 49 58 67
2 12 32 41 50 59 68
2 13 22 42 51 60 69
2 14 23 43 52 61 70
2 15 24 33 53 62 71
2 16 25 34 54 63 72
2 17 26 35 44 64 73
2 18 27 36 45 65 74
2 19 28 37 46 55 75
2 20 29 38 47 56 76
2 21 30 39 48 57 66
3 11 30 38 46 65 73
3 12 31 39 47 55 74
3 13 32 40 48 56 75
3 14 22 41 49 57 76
3 15 23 42 50 58 66
3 16 24 43 51 59 67
3 17 25 33 52 60 68
3 18 26 34 53 61 69
3 19 27 35 54 62 70
3 20 28 36 44 63 71
3 21 29 37 45 64 72
4 11 29 36 54 61 68
4 12 30 37 44 62 69
4 13 31 38 45 63 70
4 14 32 39 46 64 71
4 15 22 40 47 65 72
4 16 23 41 48 55 73
4 17 24 42 49 56 74
4 18 25 43 50 57 75
4 19 26 33 51 58 76
4 20 27 34 52 59 66
4 21 28 35 53 60 67
5 11 28 34 51 57 74
5 12 29 35 52 58 75
5 13 30 36 53 59 76
5 14 31 37 54 60 66
5 15 32 38 44 61 67
5 16 22 39 45 62 68
5 17 23 40 46 63 69
5 18 24 41 47 64 70
5 19 25 42 48 65 71
5 20 26 43 49 55 72
5 21 27 33 50 56 73
6 11 27 43 48 64 69
6 12 28 33 49 65 70
6 13 29 34 50 55 71
6 14 30 35 51 56 72
6 15 31 36 52 57 73
6 16 32 37 53 58 74
6 17 22 38 54 59 75
6 18 23 39 44 60 76
6 19 24 40 45 61 66
6 20 25 41 46 62 67
6 21 26 42 47 63 68
7 11 26 41 45 60 75
7 12 27 42 46 61 76
7 13 28 43 47 62 66
7 14 29 33 48 63 67
7 15 30 34 49 64 68
7 16 31 35 50 65 69
7 17 32 36 51 55 70
7 18 22 37 52 56 71
7 19 23 38 53 57 72
7 20 24 39 54 58 73
7 21 25 40 44 59 74
8 11 25 39 53 56 70
8 12 26 40 54 57 71
8 13 27 41 44 58 72
8 14 28 42 45 59 73
8 15 29 43 46 60 74
8 16 30 33 47 61 75
8 17 31 34 48 62 76
8 18 32 35 49 63 66
8 19 22 36 50 64 67
8 20 23 37 51 65 68
8 21 24 38 52 55 69
9 11 24 37 50 63 76
9 12 25 38 51 64 66
9 13 26 39 52 65 67
9 14 27 40 53 55 68
9 15 28 41 54 56 69
9 16 29 42 44 57 70
9 17 30 43 45 58 71
9 18 31 33 46 59 72
9 19 32 34 47 60 73
9 20 22 35 48 61 74
9 21 23 36 49 62 75
10 11 23 35 47 59 71
10 12 24 36 48 60 72
10 13 25 37 49 61 73
10 14 26 38 50 62 74
10 15 27 39 51 63 75
10 16 28 40 52 64 76
10 17 29 41 53 65 66
10 18 30 42 54 55 67
10 19 31 43 44 56 68
10 20 32 33 45 57 69
10 21 22 34 46 58 70
11 12 14 15 17 18 79
11 13 14 16 17 19 80
11 14 17 20 21 77 78
12 13 15 16 18 19 77
12 15 18 20 21 78 80
13 16 19 20 21 78 79
22 23 25 26 28 29 80
22 24 25 27 28 30 77
22 25 28 31 32 78 79
23 24 26 27 29 30 78
23 26 29 31 32 77 79
24 27 30 31 32 79 80
33 34 36 37 39 40 77
33 35 36 38 39 41 78
33 36 39 42 43 79 80
34 35 37 38 40 41 79
34 37 40 42 43 78 80
35 38 41 42 43 77 80
44 45 47 48 50 51 78
44 46 47 49 50 52 79
44 47 50 53 54 77 80
45 46 48 49 51 52 80
45 48 51 53 54 77 79
46 49 52 53 54 77 78
55 56 58 59 61 62 79
55 57 58 60 61 63 80
55 58 61 64 65 77 78
56 57 59 60 62 63 77
56 59 62 64 65 78 80
57 60 63 64 65 78 79
66 67 69 70 72 73 80
66 68 69 71 72 74 77
66 69 72 75 76 78 79
67 68 70 71 73 74 78
67 70 73 75 76 77 79
68 71 74 75 76 79 80
