0 1 2 3 81
0 1 3 7 33
0 2 6 32 80
0 4 30 78 79
0 5 20 28 39
0 8 19 61 66
0 9 21 52 65
0 10 24 46 64
0 11 53 58 73
0 12 43 56 72
0 13 29 38 50
0 14 36 54 71
0 15 23 34 76
0 16 25 37 68
0 17 27 41 63
0 18 35 45 59
0 22 40 57 67
0 26 74 75 77
0 31 44 60 69
0 42 47 62 70
0 48 49 51 55
1 2 4 8 34
1 5 31 79 80
1 6 21 29 40
1 9 20 62 67
1 10 22 53 66
1 11 25 47 65
1 12 54 59 74
1 13 44 57 73
1 14 30 39 51
1 15 37 55 72
1 16 24 35 77
1 17 26 38 69
1 18 28 42 64
1 19 36 46 60
1 23 41 58 68
1 27 75 76 78
1 32 45 61 70
1 43 48 63 71
1 49 50 52 56
2 3 5 9 35
2 7 22 30 41
2 10 21 63 68
2 11 23 54 67
2 12 26 48 66
2 13 55 60 75
2 14 45 58 74
2 15 31 40 52
2 16 38 56 73
2 17 25 36 78
2 18 27 39 70
2 19 29 43 65
2 20 37 47 61
2 24 42 59 69
2 28 76 77 79
2 33 46 62 71
2 44 49 64 72
2 50 51 53 57
3 4 6 10 36
3 8 23 31 42
3 11 22 64 69
3 12 24 55 68
3 13 27 49 67
3 14 56 61 76
3 15 46 59 75
3 16 32 41 53
3 17 39 57 74
3 18 26 37 79
3 19 28 40 71
3 20 30 44 66
3 21 38 48 62
3 25 43 60 70
3 29 77 78 80
3 34 47 63 72
3 45 50 65 73
3 51 52 54 58
4 5 6 7 81
4 5 7 11 37
4 9 24 32 43
4 12 23 65 70
4 13 25 56 69
4 14 28 50 68
4 15 57 62 77
4 16 47 60 76
4 17 33 42 54
4 18 40 58 75
4 19 27 38 80
4 20 29 41 72
4 21 31 45 67
4 22 39 49 63
4 26 44 61 71
4 35 48 64 73
4 46 51 66 74
4 52 53 55 59
5 6 8 12 38
5 10 25 33 44
5 13 24 66 71
5 14 26 57 70
5 15 29 51 69
5 16 58 63 78
5 17 48 61 77
5 18 34 43 55
5 19 41 59 76
5 21 30 42 73
5 22 32 46 68
5 23 40 50 64
5 27 45 62 72
5 36 49 65 74
5 47 52 67 75
5 53 54 56 60
6 7 9 13 39
6 11 26 34 45
6 14 25 67 72
6 15 27 58 71
6 16 30 52 70
6 17 59 64 79
6 18 49 62 78
6 19 35 44 56
6 20 42 60 77
6 22 31 43 74
6 23 33 47 69
6 24 41 51 65
6 28 46 63 73
6 37 50 66 75
6 48 53 68 76
6 54 55 57 61
7 8 10 14 40
7 12 27 35 46
7 15 26 68 73
7 16 28 59 72
7 17 31 53 71
7 18 60 65 80
7 19 50 63 79
7 20 36 45 57
7 21 43 61 78
7 23 32 44 75
7 24 34 48 70
7 25 42 52 66
7 29 47 64 74
7 38 51 67 76
7 49 54 69 77
7 55 56 58 62
8 9 10 11 81
8 9 11 15 41
8 13 28 36 47
8 16 27 69 74
8 17 29 60 73
8 18 32 54 72
8 20 51 64 80
8 21 37 46 58
8 22 44 62 79
8 24 33 45 76
8 25 35 49 71
8 26 43 53 67
8 30 48 65 75
8 39 52 68 77
8 50 55 70 78
8 56 57 59 63
9 10 12 16 42
9 14 29 37 48
9 17 28 70 75
9 18 30 61 74
9 19 33 55 73
9 22 38 47 59
9 23 45 63 80
9 25 34 46 77
9 26 36 50 72
9 27 44 54 68
9 31 49 66 76
9 40 53 69 78
9 51 56 71 79
9 57 58 60 64
10 11 13 17 43
10 15 30 38 49
10 18 29 71 76
10 19 31 62 75
10 20 34 56 74
10 23 39 48 60
10 26 35 47 78
10 27 37 51 73
10 28 45 55 69
10 32 50 67 77
10 41 54 70 79
10 52 57 72 80
10 58 59 61 65
11 12 14 18 44
11 16 31 39 50
11 19 30 72 77
11 20 32 63 76
11 21 35 57 75
11 24 40 49 61
11 27 36 48 79
11 28 38 52 74
11 29 46 56 70
11 33 51 68 78
11 42 55 71 80
11 59 60 62 66
12 13 14 15 81
12 13 15 19 45
12 17 32 40 51
12 20 31 73 78
12 21 33 64 77
12 22 36 58 76
12 25 41 50 62
12 28 37 49 80
12 29 39 53 75
12 30 47 57 71
12 34 52 69 79
12 60 61 63 67
13 14 16 20 46
13 18 33 41 52
13 21 32 74 79
13 22 34 65 78
13 23 37 59 77
13 26 42 51 63
13 30 40 54 76
13 31 48 58 72
13 35 53 70 80
13 61 62 64 68
14 15 17 21 47
14 19 34 42 53
14 22 33 75 80
14 23 35 66 79
14 24 38 60 78
14 27 43 52 64
14 31 41 55 77
14 32 49 59 73
14 62 63 65 69
15 16 18 22 48
15 20 35 43 54
15 24 36 67 80
15 25 39 61 79
15 28 44 53 65
15 32 42 56 78
15 33 50 60 74
15 63 64 66 70
16 17 18 19 81
16 17 19 23 49
16 21 36 44 55
16 26 40 62 80
16 29 45 54 66
16 33 43 57 79
16 34 51 61 75
16 64 65 67 71
17 18 20 24 50
17 22 37 45 56
17 30 46 55 67
17 34 44 58 80
17 35 52 62 76
17 65 66 68 72
18 19 21 25 51
18 23 38 46 57
18 31 47 56 68
18 36 53 63 77
18 66 67 69 73
19 20 22 26 52
19 24 39 47 58
19 32 48 57 69
19 37 54 64 78
19 67 68 70 74
20 21 22 23 81
20 21 23 27 53
20 25 40 48 59
20 33 49 58 70
20 38 55 65 79
20 68 69 71 75
21 22 24 28 54
21 26 41 49 60
21 34 50 59 71
21 39 56 66 80
21 69 70 72 76
22 23 25 29 55
22 27 42 50 61
22 35 51 60 72
22 70 71 73 77
23 24 26 30 56
23 28 43 51 62
23 36 52 61 73
23 71 72 74 78
24 25 26 27 81
24 25 27 31 57
24 29 44 52 63
24 37 53 62 74
24 72 73 75 79
25 26 28 32 58
25 30 45 53 64
25 38 54 63 75
25 73 74 76 80
26 27 29 33 59
26 31 46 54 65
26 39 55 64 76
27 28 30 34 60
27 32 47 55 66
27 40 56 65 77
28 29 30 31 81
28 29 31 35 61
28 33 48 56 67
28 41 57 66 78
29 30 32 36 62
29 34 49 57 68
29 42 58 67 79
30 31 33 37 63
30 35 50 58 69
30 43 59 68 80
31 32 34 38 64
31 36 51 59 70
32 33 34 35 81
32 33 35 39 65
32 37 52 60 71
33 34 36 40 66
33 38 53 61 72
34 35 37 41 67
34 39 54 62 73
35 36 38 42 68
35 40 55 63 74
36 37 38 39 81
36 37 39 43 69
36 41 56 64 75
37 38 40 44 70
37 42 57 65 76
38 39 41 45 71
38 43 58 66 77
39 40 42 46 72
39 44 59 67 78
40 41 42 43 81
40 41 43 47 73
40 45 60 68 79
41 42 44 48 74
41 46 61 69 80
42 43 45 49 75
43 44 46 50 76
44 45 46 47 81
44 45 47 51 77
45 46 48 52 78
46 47 49 53 79
47 48 50 54 80
48 49 50 51 81
52 53 54 55 81
56 57 58 59 81
60 61 62 63 81
64 65 66 67 81
68 69 70 71 81
72 73 74 75 81
76 77 78 79 81
77 78 79 80 81
