0 1 4 9 14 76
0 2 3 5 6 71
0 7 8 10 11 72
0 12 13 15 16 74
0 17 18 19 22 68
0 20 21 23 27 80
0 20 21 23 27 81
0 24 25 26 28 66
0 29 30 31 32 78
0 33 34 35 36 75
0 37 45 46 48 65
0 38 39 40 41 73
0 42 43 44 47 67
0 49 54 59 64 79
0 50 51 52 53 69
0 55 56 57 58 70
0 60 61 62 63 77
1 2 7 18 39 67
1 3 20 30 56 68
1 5 13 33 54 70
1 6 44 51 62 74
1 8 23 34 60 71
1 10 16 28 47 79
1 11 32 48 64 80
1 11 32 48 64 81
1 12 17 29 50 66
1 15 46 58 63 78
1 19 21 37 43 69
1 22 25 35 57 73
1 24 31 40 61 72
1 26 27 52 59 75
1 36 41 45 53 77
1 38 42 49 55 65
2 4 16 34 64 70
2 8 25 49 62 69
2 9 21 29 57 68
2 10 36 44 58 66
2 11 27 37 51 73
2 12 28 52 55 80
2 12 28 52 55 81
2 13 38 43 46 75
2 14 42 53 61 74
2 15 17 20 60 65
2 19 24 30 47 77
2 22 45 56 59 72
2 23 26 33 40 78
2 31 35 48 63 79
2 32 41 50 54 76
3 4 43 52 60 74
3 7 23 46 50 73
3 8 33 47 55 66
3 9 11 17 40 67
3 10 26 63 64 69
3 12 37 41 42 75
3 13 24 53 58 80
3 13 24 53 58 81
3 14 15 35 49 70
3 16 18 21 61 65
3 19 48 54 57 72
3 22 28 29 44 77
3 25 27 36 39 78
3 31 38 51 59 76
3 32 34 45 62 79
4 5 8 22 41 67
4 6 23 31 58 68
4 7 20 33 62 71
4 10 29 46 54 80
4 10 29 46 54 81
4 11 13 26 42 79
4 12 48 56 61 78
4 15 19 32 53 66
4 17 27 44 45 69
4 18 24 36 55 73
4 21 28 49 51 75
4 25 30 38 63 72
4 35 37 39 50 77
4 40 47 57 59 65
5 7 24 59 60 69
5 9 47 50 63 74
5 10 21 45 52 73
5 11 35 43 56 66
5 12 19 23 62 65
5 14 27 32 55 68
5 15 26 51 57 80
5 15 26 51 57 81
5 16 40 44 48 75
5 17 25 31 42 77
5 18 37 49 58 72
5 20 28 34 38 78
5 29 39 53 64 76
5 30 36 46 61 79
6 7 34 42 57 66
6 8 20 48 53 73
6 9 12 36 59 70
6 10 14 19 38 67
6 11 28 54 61 69
6 13 22 27 63 65
6 15 39 45 47 75
6 16 25 50 56 80
6 16 25 50 56 81
6 17 46 55 64 72
6 18 26 32 43 77
6 21 24 35 41 78
6 29 33 37 60 79
6 30 40 49 52 76
7 9 31 45 49 80
7 9 31 45 49 81
7 12 14 25 43 79
7 13 17 36 48 76
7 15 21 54 55 77
7 16 41 51 63 68
7 19 44 52 64 78
7 22 32 58 61 75
7 26 30 35 53 65
7 27 29 38 47 70
7 28 37 40 56 74
8 9 15 24 44 79
8 12 27 57 64 77
8 13 39 52 61 68
8 14 30 37 59 80
8 14 30 37 59 81
8 16 19 35 46 76
8 17 43 51 54 78
8 18 29 56 63 75
8 21 32 40 42 70
8 26 38 45 58 74
8 28 31 36 50 65
9 10 27 35 61 71
9 13 18 30 51 66
9 16 37 55 62 78
9 19 26 34 56 73
9 20 22 42 46 69
9 23 25 53 54 75
9 28 32 39 60 72
9 33 38 48 52 77
9 41 43 58 64 65
10 12 40 53 60 68
10 13 23 49 56 77
10 15 22 34 37 76
10 17 30 57 62 75
10 18 42 50 59 78
10 20 31 39 43 70
10 24 32 33 51 65
10 25 41 48 55 74
11 12 18 33 45 76
11 14 21 36 63 71
11 15 38 50 62 68
11 16 20 58 59 77
11 19 31 55 60 75
11 22 47 49 53 78
11 23 30 41 44 70
11 24 39 46 57 74
11 25 29 34 52 65
12 20 35 47 51 72
12 21 26 31 46 67
12 22 24 38 54 71
12 30 34 39 58 69
12 32 44 49 63 73
13 14 45 57 60 78
13 19 28 41 59 71
13 20 25 32 37 67
13 21 34 44 50 72
13 29 35 40 55 69
13 31 47 62 64 73
14 16 22 31 52 66
14 17 28 33 58 73
14 18 23 47 48 69
14 20 24 50 64 75
14 26 29 41 62 72
14 34 40 46 51 77
14 39 44 54 56 65
15 18 25 40 64 71
15 23 36 42 52 72
15 27 28 30 48 67
15 29 43 59 61 73
15 31 33 41 56 69
16 17 26 39 49 71
16 23 24 29 45 67
16 27 33 43 53 72
16 30 42 54 60 73
16 32 36 38 57 69
17 21 38 53 56 79
17 23 32 35 59 74
17 24 37 52 63 70
17 34 41 47 61 80
17 34 41 47 61 81
18 20 41 52 57 79
18 27 31 34 54 74
18 28 46 53 62 70
18 35 38 44 60 80
18 35 38 44 60 81
19 20 29 36 49 74
19 25 45 51 61 70
19 27 40 50 58 79
19 33 39 42 63 80
19 33 39 42 63 81
20 26 44 55 61 76
20 40 45 54 63 66
21 22 30 33 64 74
21 25 47 58 60 76
21 39 48 59 62 66
22 23 39 51 55 79
22 26 48 50 60 70
22 36 40 43 62 80
22 36 40 43 62 81
23 28 43 57 63 76
23 37 38 61 64 66
24 27 42 56 62 76
24 34 43 48 49 68
25 33 44 46 59 68
26 36 37 47 54 68
27 41 46 49 60 66
28 35 42 45 64 68
29 42 48 51 58 71
30 43 45 50 55 71
31 37 44 53 57 71
32 46 47 52 56 71
33 49 50 57 61 67
34 53 55 59 63 67
35 52 54 58 62 67
36 51 56 60 64 67
65 66 67 68 69 70
65 68 69 75 76 81
65 70 71 72 77 80
65 71 72 73 74 75
65 76 77 78 79 80
66 67 68 75 77 80
66 67 71 72 76 81
66 67 73 74 78 79
68 69 71 72 78 79
68 69 73 74 77 81
69 70 73 74 76 80
70 75 78 79 80 81
