0 1 2 3 4 5 6 7 64 73
0 8 16 24 32 40 48 56 65 74
0 9 22 29 39 43 52 58 67 76
0 10 23 27 33 46 53 60 70 79
0 11 17 23 37 40 46 55 82 83
0 11 20 25 37 42 55 62 71 80
0 12 17 30 34 47 51 61 68 77
0 13 18 31 36 41 54 59 69 78
0 14 21 26 35 44 49 63 72 81
0 15 19 28 38 45 50 57 66 75
1 8 18 28 35 47 53 62 67 76
1 9 17 25 33 41 49 57 65 74
1 10 20 30 39 45 48 59 72 81
1 11 23 29 34 44 54 56 66 75
1 12 21 22 31 33 34 60 82 83
1 12 22 27 37 40 50 63 69 78
1 13 16 26 38 43 55 60 68 77
1 14 19 31 32 42 52 61 70 79
1 15 21 24 36 46 51 58 71 80
2 8 20 29 38 41 51 63 70 79
2 9 19 24 37 47 54 60 72 81
2 10 18 26 34 42 50 58 65 74
2 11 16 28 39 46 49 61 69 78
2 12 21 31 33 43 48 62 66 75
2 13 14 19 49 51 61 63 82 83
2 13 23 30 35 40 52 57 71 80
2 14 17 27 36 45 55 56 67 76
2 15 22 25 32 44 53 59 68 77
3 8 10 15 39 41 44 62 82 83
3 8 22 31 34 45 49 60 71 80
3 9 16 30 36 42 53 63 66 75
3 10 21 25 38 47 52 56 69 78
3 11 19 27 35 43 51 59 65 74
3 12 18 29 32 46 55 57 72 81
3 13 17 24 39 44 50 62 70 79
3 14 23 28 37 41 48 58 68 77
3 15 20 26 33 40 54 61 67 76
4 8 21 27 39 42 54 57 68 77
4 9 23 26 32 45 51 62 69 78
4 9 24 38 43 48 54 58 82 83
4 10 22 24 35 41 55 61 66 75
4 11 17 31 38 40 53 58 72 81
4 12 20 28 36 44 52 60 65 74
4 13 19 25 34 46 48 63 67 76
4 14 16 29 33 47 50 59 71 80
4 15 18 30 37 43 49 56 70 79
5 8 19 30 33 44 55 58 69 78
5 9 20 31 35 46 50 56 68 77
5 10 17 28 32 43 54 63 71 80
5 11 22 26 36 47 48 57 70 79
5 12 23 24 38 42 49 59 67 76
5 13 21 29 37 45 53 61 65 74
5 14 18 25 39 40 51 60 66 75
5 15 16 27 34 41 52 62 72 81
5 26 28 64 70 73 75 76 82 83
6 8 23 25 36 43 50 61 72 81
6 9 21 28 34 40 55 59 70 79
6 10 16 31 37 44 51 57 67 76
6 11 18 24 33 45 52 63 68 77
6 12 19 26 39 41 53 56 71 80
6 13 20 27 32 47 49 58 66 75
6 14 22 30 38 46 54 62 65 74
6 15 17 29 35 42 48 60 69 78
6 20 29 50 52 56 57 59 82 83
7 8 17 26 37 46 52 59 66 75
7 9 18 27 38 44 48 61 71 80
7 10 19 29 36 40 49 62 68 77
7 11 21 30 32 41 50 60 67 76
7 12 16 25 35 45 54 58 70 79
7 13 22 28 33 42 51 56 72 81
7 14 20 24 34 43 53 57 69 78
7 15 23 31 39 47 55 63 65 74
7 18 30 32 35 36 45 53 82 83
8 9 10 11 12 13 14 15 64 73
16 17 18 19 20 21 22 23 64 73
16 25 27 42 47 64 68 79 82 83
24 25 26 27 28 29 30 31 64 73
32 33 34 35 36 37 38 39 64 73
40 41 42 43 44 45 46 47 64 73
48 49 50 51 52 53 54 55 64 73
56 57 58 59 60 61 62 63 64 73
64 65 66 67 70 71 74 77 82 83
64 66 69 72 74 78 80 81 82 83
65 66 67 68 71 73 74 75 76 79
65 67 68 69 70 71 72 78 80 81
69 72 73 75 76 77 78 79 80 81
