0 1 44
0 2 45
0 3 46
0 4 47
0 5 48
0 6 49
0 7 50
0 8 51
0 9 52
0 10 53
0 11 54
0 12 55
0 13 56
0 14 57
0 15 58
0 16 59
0 17 60
0 18 61
0 19 62
0 20 63
0 21 64
0 22 65
0 23 66
0 24 67
0 25 68
0 26 69
0 27 70
0 28 71
0 29 72
0 30 73
0 31 74
0 32 75
0 33 76
0 34 77
0 35 78
0 36 79
0 37 80
0 38 81
0 39 82
0 39 83
0 40 42
0 41 43
1 2 46
1 3 47
1 4 48
1 5 49
1 6 50
1 7 51
1 8 52
1 9 53
1 10 54
1 11 55
1 12 56
1 13 57
1 14 58
1 15 59
1 16 60
1 17 61
1 18 62
1 19 63
1 20 64
1 21 65
1 22 66
1 23 67
1 24 68
1 25 69
1 26 70
1 27 71
1 28 72
1 29 73
1 30 74
1 31 75
1 32 76
1 33 77
1 34 78
1 35 79
1 36 80
1 37 81
1 38 82
1 38 83
1 39 42
1 40 43
1 41 45
2 3 48
2 4 49
2 5 50
2 6 51
2 7 52
2 8 53
2 9 54
2 10 55
2 11 56
2 12 57
2 13 58
2 14 59
2 15 60
2 16 61
2 17 62
2 18 63
2 19 64
2 20 65
2 21 66
2 22 67
2 23 68
2 24 69
2 25 70
2 26 71
2 27 72
2 28 73
2 29 74
2 30 75
2 31 76
2 32 77
2 33 78
2 34 79
2 35 80
2 36 81
2 37 82
2 37 83
2 38 42
2 39 43
2 40 44
2 41 47
3 4 50
3 5 51
3 6 52
3 7 53
3 8 54
3 9 55
3 10 56
3 11 57
3 12 58
3 13 59
3 14 60
3 15 61
3 16 62
3 17 63
3 18 64
3 19 65
3 20 66
3 21 67
3 22 68
3 23 69
3 24 70
3 25 71
3 26 72
3 27 73
3 28 74
3 29 75
3 30 76
3 31 77
3 32 78
3 33 79
3 34 80
3 35 81
3 36 82
3 36 83
3 37 42
3 38 43
3 39 44
3 40 45
3 41 49
4 5 52
4 6 53
4 7 54
4 8 55
4 9 56
4 10 57
4 11 58
4 12 59
4 13 60
4 14 61
4 15 62
4 16 63
4 17 64
4 18 65
4 19 66
4 20 67
4 21 68
4 22 69
4 23 70
4 24 71
4 25 72
4 26 73
4 27 74
4 28 75
4 29 76
4 30 77
4 31 78
4 32 79
4 33 80
4 34 81
4 35 82
4 35 83
4 36 42
4 37 43
4 38 44
4 39 45
4 40 46
4 41 51
5 6 54
5 7 55
5 8 56
5 9 57
5 10 58
5 11 59
5 12 60
5 13 61
5 14 62
5 15 63
5 16 64
5 17 65
5 18 66
5 19 67
5 20 68
5 21 69
5 22 70
5 23 71
5 24 72
5 25 73
5 26 74
5 27 75
5 28 76
5 29 77
5 30 78
5 31 79
5 32 80
5 33 81
5 34 82
5 34 83
5 35 42
5 36 43
5 37 44
5 38 45
5 39 46
5 40 47
5 41 53
6 7 56
6 8 57
6 9 58
6 10 59
6 11 60
6 12 61
6 13 62
6 14 63
6 15 64
6 16 65
6 17 66
6 18 67
6 19 68
6 20 69
6 21 70
6 22 71
6 23 72
6 24 73
6 25 74
6 26 75
6 27 76
6 28 77
6 29 78
6 30 79
6 31 80
6 32 81
6 33 82
6 33 83
6 34 42
6 35 43
6 36 44
6 37 45
6 38 46
6 39 47
6 40 48
6 41 55
7 8 58
7 9 59
7 10 60
7 11 61
7 12 62
7 13 63
7 14 64
7 15 65
7 16 66
7 17 67
7 18 68
7 19 69
7 20 70
7 21 71
7 22 72
7 23 73
7 24 74
7 25 75
7 26 76
7 27 77
7 28 78
7 29 79
7 30 80
7 31 81
7 32 82
7 32 83
7 33 42
7 34 43
7 35 44
7 36 45
7 37 46
7 38 47
7 39 48
7 40 49
7 41 57
8 9 60
8 10 61
8 11 62
8 12 63
8 13 64
8 14 65
8 15 66
8 16 67
8 17 68
8 18 69
8 19 70
8 20 71
8 21 72
8 22 73
8 23 74
8 24 75
8 25 76
8 26 77
8 27 78
8 28 79
8 29 80
8 30 81
8 31 82
8 31 83
8 32 42
8 33 43
8 34 44
8 35 45
8 36 46
8 37 47
8 38 48
8 39 49
8 40 50
8 41 59
9 10 62
9 11 63
9 12 64
9 13 65
9 14 66
9 15 67
9 16 68
9 17 69
9 18 70
9 19 71
9 20 72
9 21 73
9 22 74
9 23 75
9 24 76
9 25 77
9 26 78
9 27 79
9 28 80
9 29 81
9 30 82
9 30 83
9 31 42
9 32 43
9 33 44
9 34 45
9 35 46
9 36 47
9 37 48
9 38 49
9 39 50
9 40 51
9 41 61
10 11 64
10 12 65
10 13 66
10 14 67
10 15 68
10 16 69
10 17 70
10 18 71
10 19 72
10 20 73
10 21 74
10 22 75
10 23 76
10 24 77
10 25 78
10 26 79
10 27 80
10 28 81
10 29 82
10 29 83
10 30 42
10 31 43
10 32 44
10 33 45
10 34 46
10 35 47
10 36 48
10 37 49
10 38 50
10 39 51
10 40 52
10 41 63
11 12 66
11 13 67
11 14 68
11 15 69
11 16 70
11 17 71
11 18 72
11 19 73
11 20 74
11 21 75
11 22 76
11 23 77
11 24 78
11 25 79
11 26 80
11 27 81
11 28 82
11 28 83
11 29 42
11 30 43
11 31 44
11 32 45
11 33 46
11 34 47
11 35 48
11 36 49
11 37 50
11 38 51
11 39 52
11 40 53
11 41 65
12 13 68
12 14 69
12 15 70
12 16 71
12 17 72
12 18 73
12 19 74
12 20 75
12 21 76
12 22 77
12 23 78
12 24 79
12 25 80
12 26 81
12 27 82
12 27 83
12 28 42
12 29 43
12 30 44
12 31 45
12 32 46
12 33 47
12 34 48
12 35 49
12 36 50
12 37 51
12 38 52
12 39 53
12 40 54
12 41 67
13 14 70
13 15 71
13 16 72
13 17 73
13 18 74
13 19 75
13 20 76
13 21 77
13 22 78
13 23 79
13 24 80
13 25 81
13 26 82
13 26 83
13 27 42
13 28 43
13 29 44
13 30 45
13 31 46
13 32 47
13 33 48
13 34 49
13 35 50
13 36 51
13 37 52
13 38 53
13 39 54
13 40 55
13 41 69
14 15 72
14 16 73
14 17 74
14 18 75
14 19 76
14 20 77
14 21 78
14 22 79
14 23 80
14 24 81
14 25 82
14 25 83
14 26 42
14 27 43
14 28 44
14 29 45
14 30 46
14 31 47
14 32 48
14 33 49
14 34 50
14 35 51
14 36 52
14 37 53
14 38 54
14 39 55
14 40 56
14 41 71
15 16 74
15 17 75
15 18 76
15 19 77
15 20 78
15 21 79
15 22 80
15 23 81
15 24 82
15 24 83
15 25 42
15 26 43
15 27 44
15 28 45
15 29 46
15 30 47
15 31 48
15 32 49
15 33 50
15 34 51
15 35 52
15 36 53
15 37 54
15 38 55
15 39 56
15 40 57
15 41 73
16 17 76
16 18 77
16 19 78
16 20 79
16 21 80
16 22 81
16 23 82
16 23 83
16 24 42
16 25 43
16 26 44
16 27 45
16 28 46
16 29 47
16 30 48
16 31 49
16 32 50
16 33 51
16 34 52
16 35 53
16 36 54
16 37 55
16 38 56
16 39 57
16 40 58
16 41 75
17 18 78
17 19 79
17 20 80
17 21 81
17 22 82
17 22 83
17 23 42
17 24 43
17 25 44
17 26 45
17 27 46
17 28 47
17 29 48
17 30 49
17 31 50
17 32 51
17 33 52
17 34 53
17 35 54
17 36 55
17 37 56
17 38 57
17 39 58
17 40 59
17 41 77
18 19 80
18 20 81
18 21 82
18 21 83
18 22 42
18 23 43
18 24 44
18 25 45
18 26 46
18 27 47
18 28 48
18 29 49
18 30 50
18 31 51
18 32 52
18 33 53
18 34 54
18 35 55
18 36 56
18 37 57
18 38 58
18 39 59
18 40 60
18 41 79
19 20 82
19 20 83
19 21 42
19 22 43
19 23 44
19 24 45
19 25 46
19 26 47
19 27 48
19 28 49
19 29 50
19 30 51
19 31 52
19 32 53
19 33 54
19 34 55
19 35 56
19 36 57
19 37 58
19 38 59
19 39 60
19 40 61
19 41 81
20 21 43
20 22 44
20 23 45
20 24 46
20 25 47
20 26 48
20 27 49
20 28 50
20 29 51
20 30 52
20 31 53
20 32 54
20 33 55
20 34 56
20 35 57
20 36 58
20 37 59
20 38 60
20 39 61
20 40 62
20 41 42
21 22 45
21 23 46
21 24 47
21 25 48
21 26 49
21 27 50
21 28 51
21 29 52
21 30 53
21 31 54
21 32 55
21 33 56
21 34 57
21 35 58
21 36 59
21 37 60
21 38 61
21 39 62
21 40 63
21 41 44
22 23 47
22 24 48
22 25 49
22 26 50
22 27 51
22 28 52
22 29 53
22 30 54
22 31 55
22 32 56
22 33 57
22 34 58
22 35 59
22 36 60
22 37 61
22 38 62
22 39 63
22 40 64
22 41 46
23 24 49
23 25 50
23 26 51
23 27 52
23 28 53
23 29 54
23 30 55
23 31 56
23 32 57
23 33 58
23 34 59
23 35 60
23 36 61
23 37 62
23 38 63
23 39 64
23 40 65
23 41 48
24 25 51
24 26 52
24 27 53
24 28 54
24 29 55
24 30 56
24 31 57
24 32 58
24 33 59
24 34 60
24 35 61
24 36 62
24 37 63
24 38 64
24 39 65
24 40 66
24 41 50
25 26 53
25 27 54
25 28 55
25 29 56
25 30 57
25 31 58
25 32 59
25 33 60
25 34 61
25 35 62
25 36 63
25 37 64
25 38 65
25 39 66
25 40 67
25 41 52
26 27 55
26 28 56
26 29 57
26 30 58
26 31 59
26 32 60
26 33 61
26 34 62
26 35 63
26 36 64
26 37 65
26 38 66
26 39 67
26 40 68
26 41 54
27 28 57
27 29 58
27 30 59
27 31 60
27 32 61
27 33 62
27 34 63
27 35 64
27 36 65
27 37 66
27 38 67
27 39 68
27 40 69
27 41 56
28 29 59
28 30 60
28 31 61
28 32 62
28 33 63
28 34 64
28 35 65
28 36 66
28 37 67
28 38 68
28 39 69
28 40 70
28 41 58
29 30 61
29 31 62
29 32 63
29 33 64
29 34 65
29 35 66
29 36 67
29 37 68
29 38 69
29 39 70
29 40 71
29 41 60
30 31 63
30 32 64
30 33 65
30 34 66
30 35 67
30 36 68
30 37 69
30 38 70
30 39 71
30 40 72
30 41 62
31 32 65
31 33 66
31 34 67
31 35 68
31 36 69
31 37 70
31 38 71
31 39 72
31 40 73
31 41 64
32 33 67
32 34 68
32 35 69
32 36 70
32 37 71
32 38 72
32 39 73
32 40 74
32 41 66
33 34 69
33 35 70
33 36 71
33 37 72
33 38 73
33 39 74
33 40 75
33 41 68
34 35 71
34 36 72
34 37 73
34 38 74
34 39 75
34 40 76
34 41 70
35 36 73
35 37 74
35 38 75
35 39 76
35 40 77
35 41 72
36 37 75
36 38 76
36 39 77
36 40 78
36 41 74
37 38 77
37 39 78
37 40 79
37 41 76
38 39 79
38 40 80
38 41 78
39 40 81
39 41 80
40 41 82
40 41 83
42 43 44
42 45 46
42 47 48
42 49 50
42 49 63
42 51 68
42 52 76
42 53 61
42 54 82
42 55 58
42 56 57
42 59 69
42 60 78
42 62 72
42 64 67
42 65 73
42 66 71
42 70 79
42 74 77
42 75 83
42 80 81
43 45 81
43 46 48
43 47 52
43 49 64
43 50 59
43 51 61
43 53 75
43 54 58
43 55 74
43 56 72
43 57 82
43 60 62
43 63 65
43 64 80
43 66 83
43 67 79
43 68 71
43 69 70
43 73 76
43 77 78
44 45 74
44 46 59
44 47 70
44 48 72
44 49 81
44 50 64
44 51 83
44 52 55
44 53 79
44 54 80
44 55 63
44 56 60
44 57 58
44 61 78
44 62 67
44 65 66
44 68 82
44 69 75
44 71 76
44 73 77
45 47 82
45 48 75
45 49 53
45 50 79
45 51 54
45 52 67
45 55 78
45 56 64
45 57 70
45 58 77
45 59 73
45 60 69
45 61 63
45 62 80
45 65 80
45 66 72
45 68 76
45 71 83
46 47 68
46 49 65
46 50 62
46 51 70
46 52 80
46 53 60
46 54 63
46 55 72
46 56 76
46 57 64
46 58 61
46 66 77
46 67 71
46 69 74
46 71 78
46 73 75
46 79 83
46 81 82
47 49 77
47 50 60
47 51 53
47 54 55
47 56 73
47 57 66
47 58 65
47 59 63
47 59 67
47 61 81
47 62 74
47 64 79
47 69 80
47 71 75
47 72 76
47 78 83
48 49 74
48 50 57
48 51 79
48 52 56
48 53 82
48 54 78
48 55 80
48 58 83
48 59 62
48 60 70
48 61 73
48 63 69
48 64 71
48 65 66
48 67 77
48 68 81
48 76 83
49 51 67
49 52 75
49 54 83
49 55 71
49 56 80
49 57 79
49 58 59
49 60 66
49 61 82
49 62 73
49 68 72
49 69 76
49 70 78
50 51 63
50 52 77
50 53 69
50 54 81
50 55 67
50 56 83
50 58 82
50 61 67
50 65 75
50 66 68
50 70 73
50 71 80
50 72 78
50 74 76
51 52 60
51 55 73
51 56 62
51 57 80
51 58 72
51 59 71
51 64 65
51 66 74
51 69 77
51 75 82
51 76 81
51 78 82
52 53 58
52 54 73
52 57 65
52 57 83
52 59 79
52 61 66
52 62 70
52 63 81
52 64 72
52 68 78
52 69 71
52 74 82
53 54 72
53 55 66
53 56 77
53 57 76
53 59 76
53 62 71
53 63 78
53 64 68
53 65 74
53 67 70
53 73 80
53 81 83
54 56 69
54 57 59
54 60 77
54 61 74
54 62 76
54 64 66
54 65 71
54 67 75
54 68 79
54 70 81
55 56 70
55 57 75
55 59 81
55 60 68
55 61 79
55 62 65
55 64 69
55 76 77
55 82 83
56 58 67
56 59 82
56 61 65
56 63 68
56 66 75
56 69 78
56 71 81
56 74 79
57 60 81
57 61 68
57 62 78
57 63 77
57 67 69
57 71 72
57 73 74
58 60 64
58 60 75
58 62 81
58 63 66
58 68 80
58 69 73
58 70 76
58 71 74
58 78 79
59 60 65
59 61 64
59 66 70
59 68 74
59 72 77
59 75 78
59 80 83
60 61 72
60 63 71
60 67 82
60 73 83
60 74 80
60 76 79
61 62 77
61 63 80
61 69 83
61 70 71
61 75 76
62 63 75
62 64 82
62 66 79
62 68 69
62 68 83
63 64 83
63 67 76
63 70 82
63 72 74
63 73 79
64 70 74
64 73 81
64 75 77
64 76 78
65 67 83
65 68 77
65 69 79
65 70 72
65 76 82
65 78 81
66 67 81
66 69 82
66 73 78
66 76 80
67 68 73
67 72 80
67 74 78
68 70 75
69 72 81
70 77 83
70 78 80
71 73 82
71 77 79
72 73 75
72 74 83
72 79 82
74 75 81
75 79 80
77 79 81
77 80 82
