0 1 52 65
0 2 25 80
0 3 12 46
0 4 6 29
0 5 47 58
0 7 15 63
0 8 56 77
0 9 43 81
0 10 54 70
0 11 37 42
0 13 32 33
0 14 24 68
0 16 30 40
0 17 39 66
0 18 35 57
0 19 20 71
0 21 28 36
0 22 49 67
0 23 78 82
0 26 31 73
0 27 45 62
0 34 72 75
0 38 41 50
0 42 53 79
0 44 60 74
0 48 69 76
0 51 64 83
0 55 59 61
1 2 53 66
1 3 26 81
1 4 13 47
1 5 7 30
1 6 48 59
1 8 16 64
1 9 57 78
1 10 44 82
1 11 55 71
1 12 38 43
1 14 33 34
1 15 25 69
1 17 31 41
1 18 40 67
1 19 36 58
1 20 21 72
1 22 29 37
1 23 50 68
1 24 79 83
1 27 32 74
1 28 46 63
1 35 73 76
1 39 42 51
1 43 54 80
1 45 61 75
1 49 70 77
1 56 60 62
2 3 54 67
2 4 27 82
2 5 14 48
2 6 8 31
2 7 49 60
2 9 17 65
2 10 58 79
2 11 45 83
2 12 56 72
2 13 39 44
2 15 34 35
2 16 26 70
2 18 32 42
2 19 41 68
2 20 37 59
2 21 22 73
2 23 30 38
2 24 51 69
2 28 33 75
2 29 47 64
2 36 74 77
2 40 43 52
2 44 55 81
2 46 62 76
2 50 71 78
2 57 61 63
3 4 55 68
3 5 28 83
3 6 15 49
3 7 9 32
3 8 50 61
3 10 18 66
3 11 59 80
3 13 57 73
3 14 40 45
3 16 35 36
3 17 27 71
3 19 33 43
3 20 42 69
3 21 38 60
3 22 23 74
3 24 31 39
3 25 52 70
3 29 34 76
3 30 48 65
3 37 75 78
3 41 44 53
3 45 56 82
3 47 63 77
3 51 72 79
3 58 62 64
4 5 56 69
4 7 16 50
4 8 10 33
4 9 51 62
4 11 19 67
4 12 60 81
4 14 58 74
4 15 41 46
4 17 36 37
4 18 28 72
4 20 34 44
4 21 43 70
4 22 39 61
4 23 24 75
4 25 32 40
4 26 53 71
4 30 35 77
4 31 49 66
4 38 76 79
4 42 45 54
4 46 57 83
4 48 64 78
4 52 73 80
4 59 63 65
5 6 57 70
5 8 17 51
5 9 11 34
5 10 52 63
5 12 20 68
5 13 61 82
5 15 59 75
5 16 42 47
5 18 37 38
5 19 29 73
5 21 35 45
5 22 44 71
5 23 40 62
5 24 25 76
5 26 33 41
5 27 54 72
5 31 36 78
5 32 50 67
5 39 77 80
5 43 46 55
5 49 65 79
5 53 74 81
5 60 64 66
6 7 58 71
6 9 18 52
6 10 12 35
6 11 53 64
6 13 21 69
6 14 62 83
6 16 60 76
6 17 43 48
6 19 38 39
6 20 30 74
6 22 36 46
6 23 45 72
6 24 41 63
6 25 26 77
6 27 34 42
6 28 55 73
6 32 37 79
6 33 51 68
6 40 78 81
6 44 47 56
6 50 66 80
6 54 75 82
6 61 65 67
7 8 59 72
7 10 19 53
7 11 13 36
7 12 54 65
7 14 22 70
7 17 61 77
7 18 44 49
7 20 39 40
7 21 31 75
7 23 37 47
7 24 46 73
7 25 42 64
7 26 27 78
7 28 35 43
7 29 56 74
7 33 38 80
7 34 52 69
7 41 79 82
7 45 48 57
7 51 67 81
7 55 76 83
7 62 66 68
8 9 60 73
8 11 20 54
8 12 14 37
8 13 55 66
8 15 23 71
8 18 62 78
8 19 45 50
8 21 40 41
8 22 32 76
8 24 38 48
8 25 47 74
8 26 43 65
8 27 28 79
8 29 36 44
8 30 57 75
8 34 39 81
8 35 53 70
8 42 80 83
8 46 49 58
8 52 68 82
8 63 67 69
9 10 61 74
9 12 21 55
9 13 15 38
9 14 56 67
9 16 24 72
9 19 63 79
9 20 46 51
9 22 41 42
9 23 33 77
9 25 39 49
9 26 48 75
9 27 44 66
9 28 29 80
9 30 37 45
9 31 58 76
9 35 40 82
9 36 54 71
9 47 50 59
9 53 69 83
9 64 68 70
10 11 62 75
10 13 22 56
10 14 16 39
10 15 57 68
10 17 25 73
10 20 64 80
10 21 47 52
10 23 42 43
10 24 34 78
10 26 40 50
10 27 49 76
10 28 45 67
10 29 30 81
10 31 38 46
10 32 59 77
10 36 41 83
10 37 55 72
10 48 51 60
10 65 69 71
11 12 63 76
11 14 23 57
11 15 17 40
11 16 58 69
11 18 26 74
11 21 65 81
11 22 48 53
11 24 43 44
11 25 35 79
11 27 41 51
11 28 50 77
11 29 46 68
11 30 31 82
11 32 39 47
11 33 60 78
11 38 56 73
11 49 52 61
11 66 70 72
12 13 64 77
12 15 24 58
12 16 18 41
12 17 59 70
12 19 27 75
12 22 66 82
12 23 49 54
12 25 44 45
12 26 36 80
12 28 42 52
12 29 51 78
12 30 47 69
12 31 32 83
12 33 40 48
12 34 61 79
12 39 57 74
12 50 53 62
12 67 71 73
13 14 65 78
13 16 25 59
13 17 19 42
13 18 60 71
13 20 28 76
13 23 67 83
13 24 50 55
13 26 45 46
13 27 37 81
13 29 43 53
13 30 52 79
13 31 48 70
13 34 41 49
13 35 62 80
13 40 58 75
13 51 54 63
13 68 72 74
14 15 66 79
14 17 26 60
14 18 20 43
14 19 61 72
14 21 29 77
14 25 51 56
14 27 46 47
14 28 38 82
14 30 44 54
14 31 53 80
14 32 49 71
14 35 42 50
14 36 63 81
14 41 59 76
14 52 55 64
14 69 73 75
15 16 67 80
15 18 27 61
15 19 21 44
15 20 62 73
15 22 30 78
15 26 52 57
15 28 47 48
15 29 39 83
15 31 45 55
15 32 54 81
15 33 50 72
15 36 43 51
15 37 64 82
15 42 60 77
15 53 56 65
15 70 74 76
16 17 68 81
16 19 28 62
16 20 22 45
16 21 63 74
16 23 31 79
16 27 53 58
16 29 48 49
16 32 46 56
16 33 55 82
16 34 51 73
16 37 44 52
16 38 65 83
16 43 61 78
16 54 57 66
16 71 75 77
17 18 69 82
17 20 29 63
17 21 23 46
17 22 64 75
17 24 32 80
17 28 54 59
17 30 49 50
17 33 47 57
17 34 56 83
17 35 52 74
17 38 45 53
17 44 62 79
17 55 58 67
17 72 76 78
18 19 70 83
18 21 30 64
18 22 24 47
18 23 65 76
18 25 33 81
18 29 55 60
18 31 50 51
18 34 48 58
18 36 53 75
18 39 46 54
18 45 63 80
18 56 59 68
18 73 77 79
19 22 31 65
19 23 25 48
19 24 66 77
19 26 34 82
19 30 56 61
19 32 51 52
19 35 49 59
19 37 54 76
19 40 47 55
19 46 64 81
19 57 60 69
19 74 78 80
20 23 32 66
20 24 26 49
20 25 67 78
20 27 35 83
20 31 57 62
20 33 52 53
20 36 50 60
20 38 55 77
20 41 48 56
20 47 65 82
20 58 61 70
20 75 79 81
21 24 33 67
21 25 27 50
21 26 68 79
21 32 58 63
21 34 53 54
21 37 51 61
21 39 56 78
21 42 49 57
21 48 66 83
21 59 62 71
21 76 80 82
22 25 34 68
22 26 28 51
22 27 69 80
22 33 59 64
22 35 54 55
22 38 52 62
22 40 57 79
22 43 50 58
22 60 63 72
22 77 81 83
23 26 35 69
23 27 29 52
23 28 70 81
23 34 60 65
23 36 55 56
23 39 53 63
23 41 58 80
23 44 51 59
23 61 64 73
24 27 36 70
24 28 30 53
24 29 71 82
24 35 61 66
24 37 56 57
24 40 54 64
24 42 59 81
24 45 52 60
24 62 65 74
25 28 37 71
25 29 31 54
25 30 72 83
25 36 62 67
25 38 57 58
25 41 55 65
25 43 60 82
25 46 53 61
25 63 66 75
26 29 38 72
26 30 32 55
26 37 63 68
26 39 58 59
26 42 56 66
26 44 61 83
26 47 54 62
26 64 67 76
27 30 39 73
27 31 33 56
27 38 64 69
27 40 59 60
27 43 57 67
27 48 55 63
27 65 68 77
28 31 40 74
28 32 34 57
28 39 65 70
28 41 60 61
28 44 58 68
28 49 56 64
28 66 69 78
29 32 41 75
29 33 35 58
29 40 66 71
29 42 61 62
29 45 59 69
29 50 57 65
29 67 70 79
30 33 42 76
30 34 36 59
30 41 67 72
30 43 62 63
30 46 60 70
30 51 58 66
30 68 71 80
31 34 43 77
31 35 37 60
31 42 68 73
31 44 63 64
31 47 61 71
31 52 59 67
31 69 72 81
32 35 44 78
32 36 38 61
32 43 69 74
32 45 64 65
32 48 62 72
32 53 60 68
32 70 73 82
33 36 45 79
33 37 39 62
33 44 70 75
33 46 65 66
33 49 63 73
33 54 61 69
33 71 74 83
34 37 46 80
34 38 40 63
34 45 71 76
34 47 66 67
34 50 64 74
34 55 62 70
35 38 47 81
35 39 41 64
35 46 72 77
35 48 67 68
35 51 65 75
35 56 63 71
36 39 48 82
36 40 42 65
36 47 73 78
36 49 68 69
36 52 66 76
36 57 64 72
37 40 49 83
37 41 43 66
37 48 74 79
37 50 69 70
37 53 67 77
37 58 65 73
38 42 44 67
38 49 75 80
38 51 70 71
38 54 68 78
38 59 66 74
39 43 45 68
39 50 76 81
39 52 71 72
39 55 69 79
39 60 67 75
40 44 46 69
40 51 77 82
40 53 72 73
40 56 70 80
40 61 68 76
41 45 47 70
41 52 78 83
41 54 73 74
41 57 71 81
41 62 69 77
42 46 48 71
42 55 74 75
42 58 72 82
42 63 70 78
43 47 49 72
43 56 75 76
43 59 73 83
43 64 71 79
44 48 50 73
44 57 76 77
44 65 72 80
45 49 51 74
45 58 77 78
45 66 73 81
46 50 52 75
46 59 78 79
46 67 74 82
47 51 53 76
47 60 79 80
47 68 75 83
48 52 54 77
48 61 80 81
49 53 55 78
49 62 81 82
50 54 56 79
50 63 82 83
51 55 57 80
52 56 58 81
53 57 59 82
54 58 60 83
