0 1 2 4 6 8 9 10
0 2 3 5 6 7 51 52
0 11 22 33 44 55 66 77
0 12 23 34 45 56 67 78
0 13 24 35 46 57 68 79
0 14 21 32 43 54 65 76
0 14 25 36 47 58 69 80
0 15 26 37 48 59 70 81
0 16 27 38 49 60 71 82
0 17 28 39 50 61 72 83
0 18 20 31 42 53 64 75
0 18 29 40 51 62 73 84
0 19 23 30 41 52 63 74
1 3 4 5 7 8 9 10
1 11 32 42 52 62 72 82
1 12 22 43 53 63 73 83
1 13 23 33 54 64 74 84
1 14 19 24 34 44 65 75
1 15 25 35 45 51 55 76
1 16 26 36 45 46 56 66
1 17 27 37 47 57 67 77
1 18 28 38 48 58 68 78
1 19 29 39 49 59 69 79
1 20 30 40 50 60 70 80
1 21 31 41 51 61 71 81
2 11 31 40 45 49 58 67
2 12 32 41 50 59 68 77
2 13 22 42 51 60 69 78
2 14 23 43 52 61 70 79
2 15 24 33 53 62 71 80
2 16 25 34 54 63 72 81
2 17 26 35 44 64 73 82
2 18 27 36 45 65 74 83
2 19 28 37 46 55 75 84
2 20 29 38 47 56 64 76
2 21 30 39 48 56 57 66
3 11 30 38 46 65 73 81
3 12 31 39 47 55 74 82
3 13 32 40 48 56 75 83
3 14 22 41 49 57 76 84
3 15 23 32 42 50 58 66
3 16 24 31 43 51 59 67
3 17 25 33 49 52 60 68
3 18 26 34 53 61 69 77
3 19 27 35 54 62 70 78
3 20 28 36 44 63 71 79
3 21 29 37 45 64 72 80
4 11 29 36 54 61 64 68
4 12 26 30 37 44 62 69
4 13 31 38 45 63 70 77
4 14 32 39 46 64 71 78
4 15 22 40 47 65 72 79
4 16 23 41 48 55 73 80
4 17 24 42 49 56 74 81
4 18 21 28 35 53 60 67
4 18 25 43 50 57 75 82
4 19 26 33 51 58 76 83
4 20 27 34 52 59 66 84
5 11 28 34 51 57 74 80
5 12 29 35 52 58 75 81
5 13 30 36 53 59 76 82
5 14 31 37 54 60 66 83
5 15 32 38 44 61 67 84
5 16 20 22 39 45 62 68
5 17 23 40 46 52 63 69
5 18 23 24 41 47 64 70
5 19 25 42 48 65 71 77
5 20 26 43 49 55 72 78
5 21 27 33 50 56 73 79
6 11 27 43 48 58 64 69
6 12 28 33 48 49 65 70
6 13 29 34 50 55 56 71
6 14 30 35 51 56 72 77
6 15 31 36 52 57 73 78
6 16 32 37 53 58 74 79
6 17 22 38 54 59 75 80
6 18 23 39 44 60 76 81
6 19 24 40 45 61 66 82
6 20 25 41 46 62 67 83
6 21 26 42 47 63 68 84
7 11 26 41 45 60 75 79
7 12 27 42 46 61 76 80
7 13 28 43 47 62 66 81
7 14 29 33 48 63 67 82
7 15 30 34 49 64 68 83
7 16 31 35 50 65 69 84
7 17 31 32 36 51 55 70
7 18 19 22 37 52 56 71
7 19 23 38 53 57 58 72
7 20 24 39 54 58 73 77
7 21 25 40 44 59 74 78
8 11 25 39 53 56 70 84
8 12 26 32 40 54 57 71
8 13 27 41 44 55 58 72
8 14 20 28 42 45 59 73
8 15 29 43 46 60 74 77
8 16 30 33 47 61 75 78
8 17 31 34 48 62 76 79
8 18 32 35 49 63 66 80
8 19 22 36 50 64 67 81
8 20 23 37 51 65 68 82
8 21 24 38 52 55 69 83
9 11 24 37 50 63 76 78
9 12 25 38 51 64 66 79
9 13 26 39 52 65 67 80
9 14 27 40 53 55 68 81
9 15 28 41 54 56 69 82
9 16 19 32 34 47 60 73
9 16 29 42 44 57 70 83
9 17 30 43 45 58 71 84
9 18 30 31 33 46 59 72
9 20 22 35 46 48 61 74
9 21 23 36 49 62 75 77
10 11 23 35 47 59 71 83
10 12 24 36 48 60 72 84
10 13 25 37 49 57 61 73
10 14 24 26 38 50 62 74
10 15 27 39 48 51 63 75
10 16 28 40 52 64 76 77
10 17 29 41 53 65 66 78
10 18 30 42 54 55 67 79
10 19 31 43 44 56 68 80
10 20 32 33 45 57 69 81
10 21 22 34 46 58 70 82
11 12 13 14 15 16 17 18
11 12 13 15 17 19 20 21
16 21 33 35 36 38 39 42
22 23 25 26 27 28 29 31
22 24 25 27 28 29 30 32
33 34 36 37 38 40 41 43
34 35 37 39 40 41 42 43
44 45 47 48 50 52 53 54
44 46 47 49 50 51 53 54
55 57 59 60 62 63 64 65
55 61 66 70 71 72 74 76
56 58 59 60 61 62 63 65
66 67 68 69 71 73 74 75
67 68 69 70 72 73 75 76
77 78 79 80 81 82 83 84
