0 1 2 3 6 7 8 9
0 3 4 5 6 7 8 10
0 11 21 32 43 53 63 73
0 12 23 35 46 57 68 80
0 13 25 38 50 62 64 76
0 14 27 41 56 69 83 86
0 15 29 33 47 61 79 85
0 16 31 36 51 55 70 75
0 17 22 39 44 60 65 82
0 18 24 42 48 54 71 78
0 19 26 34 52 59 66 74
0 20 28 37 45 72 81 83
0 30 40 49 58 67 77 84
1 2 4 5 9 10 73 80
1 11 31 41 50 59 68 78
1 12 22 33 64 74 78 86
1 13 24 36 47 58 69 81
1 14 26 39 51 53 77 85
1 15 28 42 44 57 70 73
1 16 30 34 48 62 65 80
1 17 21 37 52 56 71 76
1 18 23 40 45 61 66 83
1 19 25 32 49 55 72 79
1 20 27 35 43 60 67 75
1 29 38 46 54 63 82 84
2 11 30 39 47 55 64 83
2 12 21 42 51 60 69 79
2 13 23 34 44 54 75 85
2 14 25 37 48 59 70 82
2 15 27 40 52 65 73 78
2 16 29 32 45 58 71 74
2 17 31 35 49 53 66 81
2 18 22 38 43 57 72 77
2 19 24 41 46 62 67 73
2 20 26 33 50 56 63 80
2 28 36 61 68 76 84 86
3 11 29 37 44 62 69 77
3 12 31 40 48 56 73 85
3 13 22 32 52 61 70 80
3 14 24 35 45 55 65 76
3 15 26 38 49 60 71 83
3 16 28 41 43 54 66 79
3 17 30 33 46 59 72 75
3 18 21 35 36 50 67 82
3 19 23 39 58 63 78 86
3 20 25 42 47 53 68 74
3 27 34 51 57 64 81 84
4 11 28 35 52 58 82 85
4 12 30 38 45 53 70 78
4 13 21 41 49 57 65 74
4 14 23 33 43 62 71 81
4 15 25 36 46 56 66 77
4 16 27 39 50 61 72 73
4 17 29 42 55 67 80 86
4 18 31 34 47 60 63 76
4 19 22 37 51 54 68 83
4 20 24 40 44 59 64 79
4 26 32 48 69 75 76 84
5 11 27 33 49 54 70 76
5 12 29 36 43 59 65 83
5 13 31 39 46 66 71 79
5 14 22 42 50 58 66 75
5 15 24 34 53 72 82 86
5 16 26 37 47 57 67 78
5 17 28 40 51 62 63 74
5 18 30 32 44 56 68 81
5 19 21 35 48 61 64 77
5 20 23 38 52 55 69 73
5 25 41 45 60 80 84 85
6 11 26 42 46 61 65 81
6 12 28 34 50 55 71 77
6 13 30 37 60 66 73 86
6 14 21 40 47 54 72 80
6 15 23 32 51 59 67 76
6 16 25 35 44 63 74 83
6 17 27 38 48 58 68 79
6 18 29 41 52 53 64 75
6 19 31 33 45 57 69 82
6 20 22 36 49 62 78 85
6 24 39 43 56 70 74 84
7 11 25 40 57 71 75 86
7 12 27 32 47 62 66 82
7 13 29 35 51 56 72 78
7 14 31 38 44 61 67 74
7 15 22 41 48 55 63 81
7 16 24 33 52 60 68 77
7 17 26 36 45 54 64 73
7 18 28 39 49 59 69 80
7 19 30 42 43 66 76 85
7 20 21 34 46 58 70 83
7 23 37 50 53 65 79 84
8 11 24 38 51 66 74 80
8 12 26 41 44 58 72 76
8 13 28 33 48 53 67 83
8 14 30 36 52 57 63 79
8 15 21 39 45 62 68 75
8 16 23 42 49 56 64 82
8 17 25 34 43 61 69 78
8 18 27 37 46 55 74 85
8 19 29 40 50 60 70 81
8 20 31 32 54 65 77 86
8 22 35 47 59 71 73 84
9 11 23 36 48 60 72 74
9 12 25 39 52 54 67 81
9 13 27 42 45 59 63 77
9 14 29 34 49 68 73 83
9 15 31 37 43 58 64 80
9 16 22 40 46 53 69 76
9 17 24 32 50 57 83 85
9 18 26 35 62 70 79 86
9 19 28 38 47 56 65 75
9 20 30 41 51 61 71 82
9 21 33 44 55 66 78 84
10 11 22 34 45 56 67 79
10 12 24 37 49 61 63 75
10 13 26 40 43 55 68 82
10 14 28 32 46 60 64 78
10 15 30 35 50 54 69 74
10 16 21 38 59 81 85 86
10 17 23 41 47 68 70 77
10 18 25 33 51 58 65 73
10 19 27 36 44 53 71 80
10 20 29 39 48 57 66 76
10 31 42 52 62 72 83 84
11 12 14 15 16 64 70 84
11 13 16 17 18 19 20 84
12 13 14 15 17 18 19 20
21 22 23 25 26 27 28 30
21 22 24 25 28 29 30 31
23 24 26 27 29 31 66 70
32 33 35 36 38 40 41 42
32 34 35 36 37 38 39 42
33 34 37 39 40 41 78 81
43 44 45 47 51 52 80 81
43 46 47 48 49 50 52 86
44 45 46 48 49 50 51 86
53 54 57 61 64 68 71 85
53 55 56 58 59 60 61 62
54 55 56 57 58 59 60 62
63 64 65 66 67 68 69 72
63 65 67 69 70 71 72 85
73 74 75 76 77 79 81 82
75 76 77 78 79 80 82 83
