0 1 5 11 56 69
0 2 9 40 62 74
0 3 18 39 47 64
0 4 10 55 68 87
0 6 51 64 83 84
0 7 38 60 72 86
0 8 25 49 52 67
0 12 26 28 35 66
0 13 32 33 37 43
0 14 16 23 54 76
0 15 36 44 61 85
0 17 41 44 59 80
0 19 20 24 30 75
0 21 29 46 70 73
0 22 34 48 50 57
0 24 27 42 63 71
0 31 53 65 79 81
0 45 58 77 78 82
1 2 6 12 57 70
1 3 10 41 63 75
1 4 19 40 48 65
1 7 52 65 84 85
1 8 39 61 73 87
1 9 26 50 53 68
1 13 27 29 36 67
1 14 33 34 38 44
1 15 17 24 55 77
1 16 37 45 62 86
1 18 42 45 60 81
1 20 21 25 31 76
1 22 30 47 71 74
1 23 35 49 51 58
1 25 28 43 64 72
1 32 54 66 80 82
1 46 59 78 79 83
2 3 7 13 58 71
2 4 11 42 64 76
2 5 20 41 49 66
2 8 53 66 85 86
2 10 27 51 54 69
2 14 28 30 37 68
2 15 34 35 39 45
2 16 18 25 56 78
2 17 38 46 63 87
2 19 43 46 61 82
2 21 22 26 32 77
2 23 31 48 72 75
2 24 36 50 52 59
2 26 29 44 65 73
2 33 55 67 81 83
2 47 60 79 80 84
3 4 8 14 59 72
3 5 12 43 65 77
3 6 21 42 50 67
3 9 54 67 86 87
3 11 28 52 55 70
3 15 29 31 38 69
3 16 35 36 40 46
3 17 19 26 57 79
3 20 44 47 62 83
3 22 23 27 33 78
3 24 32 49 73 76
3 25 37 51 53 60
3 27 30 45 66 74
3 34 56 68 82 84
3 48 61 80 81 85
4 5 9 15 60 73
4 6 13 44 66 78
4 7 22 43 51 68
4 12 29 53 56 71
4 16 30 32 39 70
4 17 36 37 41 47
4 18 20 27 58 80
4 21 45 48 63 84
4 23 24 28 34 79
4 25 33 50 74 77
4 26 38 52 54 61
4 28 31 46 67 75
4 35 57 69 83 85
4 49 62 81 82 86
5 6 10 16 61 74
5 7 14 45 67 79
5 8 23 44 52 69
5 13 30 54 57 72
5 17 31 33 40 71
5 18 37 38 42 48
5 19 21 28 59 81
5 22 46 49 64 85
5 24 25 29 35 80
5 26 34 51 75 78
5 27 39 53 55 62
5 29 32 47 68 76
5 36 58 70 84 86
5 50 63 82 83 87
6 7 11 17 62 75
6 8 15 46 68 80
6 9 24 45 53 70
6 14 31 55 58 73
6 18 32 34 41 72
6 19 38 39 43 49
6 20 22 29 60 82
6 23 47 50 65 86
6 25 26 30 36 81
6 27 35 52 76 79
6 28 40 54 56 63
6 30 33 48 69 77
6 37 59 71 85 87
7 8 12 18 63 76
7 9 16 47 69 81
7 10 25 46 54 71
7 15 32 56 59 74
7 19 33 35 42 73
7 20 39 40 44 50
7 21 23 30 61 83
7 24 48 51 66 87
7 26 27 31 37 82
7 28 36 53 77 80
7 29 41 55 57 64
7 31 34 49 70 78
8 9 13 19 64 77
8 10 17 48 70 82
8 11 26 47 55 72
8 16 33 57 60 75
8 20 34 36 43 74
8 21 40 41 45 51
8 22 24 31 62 84
8 27 28 32 38 83
8 29 37 54 78 81
8 30 42 56 58 65
8 32 35 50 71 79
9 10 14 20 65 78
9 11 18 49 71 83
9 12 27 48 56 73
9 17 34 58 61 76
9 21 35 37 44 75
9 22 41 42 46 52
9 23 25 32 63 85
9 28 29 33 39 84
9 30 38 55 79 82
9 31 43 57 59 66
9 33 36 51 72 80
10 11 15 21 66 79
10 12 19 50 72 84
10 13 28 49 57 74
10 18 35 59 62 77
10 22 36 38 45 76
10 23 42 43 47 53
10 24 26 33 64 86
10 29 30 34 40 85
10 31 39 56 80 83
10 32 44 58 60 67
10 34 37 52 73 81
11 12 16 22 67 80
11 13 20 51 73 85
11 14 29 50 58 75
11 19 36 60 63 78
11 23 37 39 46 77
11 24 43 44 48 54
11 25 27 34 65 87
11 30 31 35 41 86
11 32 40 57 81 84
11 33 45 59 61 68
11 35 38 53 74 82
12 13 17 23 68 81
12 14 21 52 74 86
12 15 30 51 59 76
12 20 37 61 64 79
12 24 38 40 47 78
12 25 44 45 49 55
12 31 32 36 42 87
12 33 41 58 82 85
12 34 46 60 62 69
12 36 39 54 75 83
13 14 18 24 69 82
13 15 22 53 75 87
13 16 31 52 60 77
13 21 38 62 65 80
13 25 39 41 48 79
13 26 45 46 50 56
13 34 42 59 83 86
13 35 47 61 63 70
13 37 40 55 76 84
14 15 19 25 70 83
14 17 32 53 61 78
14 22 39 63 66 81
14 26 40 42 49 80
14 27 46 47 51 57
14 35 43 60 84 87
14 36 48 62 64 71
14 38 41 56 77 85
15 16 20 26 71 84
15 18 33 54 62 79
15 23 40 64 67 82
15 27 41 43 50 81
15 28 47 48 52 58
15 37 49 63 65 72
15 39 42 57 78 86
16 17 21 27 72 85
16 19 34 55 63 80
16 24 41 65 68 83
16 28 42 44 51 82
16 29 48 49 53 59
16 38 50 64 66 73
16 40 43 58 79 87
17 18 22 28 73 86
17 20 35 56 64 81
17 25 42 66 69 84
17 29 43 45 52 83
17 30 49 50 54 60
17 39 51 65 67 74
18 19 23 29 74 87
18 21 36 57 65 82
18 26 43 67 70 85
18 30 44 46 53 84
18 31 50 51 55 61
18 40 52 66 68 75
19 22 37 58 66 83
19 27 44 68 71 86
19 31 45 47 54 85
19 32 51 52 56 62
19 41 53 67 69 76
20 23 38 59 67 84
20 28 45 69 72 87
20 32 46 48 55 86
20 33 52 53 57 63
20 42 54 68 70 77
21 24 39 60 68 85
21 33 47 49 56 87
21 34 53 54 58 64
21 43 55 69 71 78
22 25 40 61 69 86
22 35 54 55 59 65
22 44 56 70 72 79
23 26 41 62 70 87
23 36 55 56 60 66
23 45 57 71 73 80
24 37 56 57 61 67
24 46 58 72 74 81
25 38 57 58 62 68
25 47 59 73 75 82
26 39 58 59 63 69
26 48 60 74 76 83
27 40 59 60 64 70
27 49 61 75 77 84
28 41 60 61 65 71
28 50 62 76 78 85
29 42 61 62 66 72
29 51 63 77 79 86
30 43 62 63 67 73
30 52 64 78 80 87
31 44 63 64 68 74
32 45 64 65 69 75
33 46 65 66 70 76
34 47 66 67 71 77
35 48 67 68 72 78
36 49 68 69 73 79
37 50 69 70 74 80
38 51 70 71 75 81
39 52 71 72 76 82
40 53 72 73 77 83
41 54 73 74 78 84
42 55 74 75 79 85
43 56 75 76 80 86
44 57 76 77 81 87
