0 1 5 35 36 68 86
0 1 7 27 32 75 87
0 1 8 28 33 76 88
0 1 11 15 22 42 47
0 1 31 39 49 55 59
0 1 46 54 64 70 74
0 2 6 36 37 69 87
0 2 9 29 34 77 78
0 2 17 24 44 49 79
0 3 6 13 22 43 44
0 3 10 30 35 65 79
0 3 19 23 40 41 86
0 4 7 14 23 44 45
0 4 8 26 38 71 79
0 4 34 35 67 85 88
0 5 9 26 27 72 80
0 5 48 60 62 71 77
0 6 33 38 68 80 82
0 8 43 55 57 66 72
0 9 30 31 76 81 84
0 10 12 14 21 41 46
0 10 16 20 50 51 83
0 11 24 37 50 63 76
0 12 25 38 51 64 77
0 12 45 53 63 69 73
0 13 18 61 73 75 84
0 13 26 39 52 65 78
0 14 25 29 36 56 61
0 15 16 61 66 69 85
0 16 17 62 67 70 86
0 17 25 60 72 74 83
0 18 21 28 37 58 59
0 18 23 53 65 67 82
0 19 20 52 70 73 80
0 19 24 54 66 68 83
0 20 21 53 71 74 81
0 28 40 42 57 64 84
0 29 41 43 52 58 85
0 30 48 51 54 58 88
0 32 40 50 56 60 78
0 33 45 47 56 62 81
0 34 46 48 57 63 82
1 2 47 52 55 71 75
1 3 18 25 45 50 80
1 4 20 24 41 42 87
1 6 49 61 63 65 72
1 7 26 34 69 81 83
1 9 44 56 58 67 73
1 10 31 32 77 82 85
1 11 17 21 39 51 84
1 12 16 23 43 48 78
1 13 15 30 37 57 62
1 14 27 40 53 66 79
1 19 22 29 38 59 60
2 3 48 53 56 72 76
2 4 13 19 46 51 81
2 5 21 25 42 43 88
2 7 50 62 64 66 73
2 8 27 35 70 82 84
2 10 45 57 59 68 74
2 11 32 33 65 83 86
2 12 18 22 39 40 85
2 14 16 31 38 58 63
2 15 28 41 54 67 80
2 20 23 26 30 60 61
3 4 49 54 57 73 77
3 5 14 20 39 47 82
3 7 37 38 70 78 88
3 8 51 52 63 67 74
3 9 28 36 71 83 85
3 11 46 58 60 69 75
3 12 33 34 66 84 87
3 15 17 26 32 59 64
3 16 29 42 55 68 81
3 21 24 27 31 61 62
4 5 50 55 58 65 74
4 6 15 21 40 48 83
4 9 39 53 64 68 75
4 10 29 37 72 84 86
4 11 31 36 66 78 80
4 12 47 59 61 70 76
4 16 18 27 33 52 60
4 17 30 43 56 69 82
4 22 25 28 32 62 63
5 6 51 56 59 66 75
5 7 16 22 41 49 84
5 8 15 24 45 46 78
5 10 40 52 54 69 76
5 11 30 38 73 85 87
5 12 32 37 67 79 81
5 13 23 29 33 63 64
5 17 19 28 34 53 61
5 18 31 44 57 70 83
6 7 39 57 60 67 76
6 8 17 23 42 50 85
6 9 16 25 46 47 79
6 10 27 28 73 78 81
6 11 41 53 55 70 77
6 12 26 31 74 86 88
6 14 24 30 34 52 64
6 18 20 29 35 54 62
6 19 32 45 58 71 84
7 8 40 58 61 68 77
7 9 18 24 43 51 86
7 10 13 17 47 48 80
7 11 28 29 74 79 82
7 12 42 54 56 65 71
7 15 25 31 35 52 53
7 19 21 30 36 55 63
7 20 33 46 59 72 85
8 9 41 59 62 65 69
8 10 19 25 39 44 87
8 11 14 18 48 49 81
8 12 29 30 75 80 83
8 13 16 32 36 53 54
8 20 22 31 37 56 64
8 21 34 47 60 73 86
9 10 42 60 63 66 70
9 11 13 20 40 45 88
9 12 15 19 49 50 82
9 14 17 33 37 54 55
9 21 23 32 38 52 57
9 22 35 48 61 74 87
10 11 43 61 64 67 71
10 15 18 34 38 55 56
10 22 24 26 33 53 58
10 23 36 49 62 75 88
11 12 44 52 62 68 72
11 16 19 26 35 56 57
11 23 25 27 34 54 59
12 13 24 28 35 55 60
12 17 20 27 36 57 58
13 14 59 67 77 83 87
13 21 56 68 70 79 85
13 25 58 66 76 82 86
13 27 38 42 49 69 74
13 31 34 41 50 71 72
14 15 60 65 68 84 88
14 19 62 74 76 78 85
14 22 57 69 71 80 86
14 26 28 43 50 70 75
14 32 35 42 51 72 73
15 20 63 75 77 79 86
15 23 58 70 72 81 87
15 27 29 44 51 71 76
15 33 36 39 43 73 74
16 21 64 65 76 80 87
16 24 59 71 73 82 88
16 28 30 39 45 72 77
16 34 37 40 44 74 75
17 18 63 68 71 78 87
17 22 52 66 77 81 88
17 29 31 40 46 65 73
17 35 38 41 45 75 76
18 19 64 69 72 79 88
18 26 36 42 46 76 77
18 30 32 41 47 66 74
19 27 37 43 47 65 77
19 31 33 42 48 67 75
20 25 55 67 69 78 84
20 28 38 44 48 65 66
20 32 34 43 49 68 76
21 22 54 72 75 78 82
21 26 29 45 49 66 67
21 33 35 44 50 69 77
22 23 55 73 76 79 83
22 27 30 46 50 67 68
22 34 36 45 51 65 70
23 24 56 74 77 80 84
23 28 31 47 51 68 69
23 35 37 39 46 66 71
24 25 57 65 75 81 85
24 29 32 39 48 69 70
24 36 38 40 47 67 72
25 26 37 41 48 68 73
25 30 33 40 49 70 71
26 40 51 55 62 82 87
26 44 47 54 63 84 85
27 39 41 56 63 83 88
27 45 48 55 64 85 86
28 46 49 52 56 86 87
29 47 50 53 57 87 88
30 42 44 53 59 78 86
31 43 45 54 60 79 87
32 44 46 55 61 80 88
33 41 51 57 61 78 79
34 39 42 58 62 79 80
35 40 43 59 63 80 81
35 47 49 58 64 78 83
36 41 44 60 64 81 82
36 48 50 52 59 79 84
37 42 45 52 61 82 83
37 49 51 53 60 80 85
38 39 50 54 61 81 86
38 43 46 53 62 83 84
