0 1 2 7 22 25 34 70
0 1 2 9 33 38 82 83
0 1 2 11 13 23 65 71
0 1 2 12 24 36 39 63
0 1 2 14 15 16 17 21
0 1 2 18 28 32 43 88
0 1 2 19 26 37 64 80
0 1 2 20 35 66 69 72
0 1 2 27 29 30 31 74
0 1 3 4 5 6 7 44
0 1 8 51 84 85 86 87
0 1 10 46 52 68 73 75
0 1 36 38 40 41 42 45
0 1 47 77 78 79 81 91
0 1 48 53 54 55 56 57
0 1 49 50 76 89 90 91
0 1 58 59 60 61 62 67
2 3 4 5 6 8 10 13
2 40 41 42 43 44 45 46
2 47 48 49 50 51 52 53
2 49 50 54 55 56 57 67
2 58 59 60 61 68 87 91
2 62 81 84 85 86 89 90
2 73 74 75 76 77 78 79
3 4 5 6 9 11 12 91
3 14 25 36 47 58 69 80
3 15 26 37 48 59 70 81
3 16 27 38 49 60 71 82
3 17 28 39 50 61 72 83
3 18 29 40 51 62 73 84
3 19 30 41 52 63 74 85
3 20 31 42 53 64 75 86
3 21 32 43 54 65 76 87
3 22 33 44 55 66 77 88
3 23 34 45 56 67 78 89
3 24 35 46 57 68 79 90
4 14 35 45 55 65 75 85
4 15 25 46 56 66 76 86
4 16 26 36 57 67 77 87
4 17 27 37 47 68 78 88
4 18 28 38 48 58 79 89
4 19 29 39 49 59 69 90
4 20 30 40 50 60 70 80
4 21 31 41 51 61 71 81
4 22 32 42 52 62 72 82
4 23 33 43 53 63 73 83
4 24 34 44 54 64 74 84
5 14 34 43 52 61 70 90
5 15 35 44 53 62 71 80
5 16 25 45 54 63 72 81
5 17 26 46 55 64 73 82
5 18 27 36 56 65 74 83
5 19 28 37 57 66 75 84
5 20 29 38 47 67 76 85
5 21 30 39 48 68 77 86
5 22 31 40 49 58 78 87
5 23 32 41 50 59 79 88
5 24 33 42 51 60 69 89
6 14 33 41 49 68 76 84
6 15 34 42 50 58 77 85
6 16 35 43 51 59 78 86
6 17 25 44 52 60 79 87
6 18 26 45 53 61 69 88
6 19 27 46 54 62 70 89
6 20 28 36 55 63 71 90
6 21 29 37 56 64 72 80
6 22 30 38 57 65 73 81
6 23 31 39 47 66 74 82
6 24 32 40 48 67 75 83
7 8 9 10 11 12 13 91
7 14 32 39 57 64 71 89
7 15 33 40 47 65 72 90
7 16 34 41 48 66 73 80
7 17 35 42 49 67 74 81
7 18 25 43 50 68 75 82
7 19 26 44 51 58 76 83
7 20 27 45 52 59 77 84
7 21 28 46 53 60 78 85
7 22 29 36 54 61 79 86
7 23 30 37 55 62 69 87
7 24 31 38 56 63 70 88
8 14 31 37 54 60 77 83
8 15 32 38 55 61 78 84
8 16 33 39 56 62 79 85
8 17 34 40 57 63 69 86
8 18 35 41 47 64 70 87
8 19 25 42 48 65 71 88
8 20 26 43 49 66 72 89
8 21 27 44 50 67 73 90
8 22 28 45 51 68 74 80
8 23 29 46 52 58 75 81
8 24 30 36 53 59 76 82
9 14 30 46 51 67 72 88
9 15 31 36 52 68 73 89
9 16 32 37 53 58 74 90
9 17 33 38 54 59 75 80
9 18 34 39 55 60 76 81
9 19 35 40 56 61 77 82
9 20 25 41 57 62 78 83
9 21 26 42 47 63 79 84
9 22 27 43 48 64 69 85
9 23 28 44 49 65 70 86
9 24 29 45 50 66 71 87
10 14 29 44 48 63 78 82
10 15 30 45 49 64 79 83
10 16 31 46 50 65 69 84
10 17 32 36 51 66 70 85
10 18 33 37 52 67 71 86
10 19 34 38 53 68 72 87
10 20 35 39 54 58 73 88
10 21 25 40 55 59 74 89
10 22 26 41 56 60 75 90
10 23 27 42 57 61 76 80
10 24 28 43 47 62 77 81
11 14 28 42 56 59 73 87
11 15 29 43 57 60 74 88
11 16 30 44 47 61 75 89
11 17 31 45 48 62 76 90
11 18 32 46 49 63 77 80
11 19 33 36 50 64 78 81
11 20 34 37 51 65 79 82
11 21 35 38 52 66 69 83
11 22 25 39 53 67 70 84
11 23 26 40 54 68 71 85
11 24 27 41 55 58 72 86
12 14 27 40 53 66 79 81
12 15 28 41 54 67 69 82
12 16 29 42 55 68 70 83
12 17 30 43 56 58 71 84
12 18 31 44 57 59 72 85
12 19 32 45 47 60 73 86
12 20 33 46 48 61 74 87
12 21 34 36 49 62 75 88
12 22 35 37 50 63 76 89
12 23 25 38 51 64 77 90
12 24 26 39 52 65 78 80
13 14 26 38 50 62 74 86
13 15 27 39 51 63 75 87
13 16 28 40 52 64 76 88
13 17 29 41 53 65 77 89
13 18 30 42 54 66 78 90
13 19 31 43 55 67 79 80
13 20 32 44 56 68 69 81
13 21 33 45 57 58 70 82
13 22 34 46 47 59 71 83
13 23 35 36 48 60 72 84
13 24 25 37 49 61 73 85
14 15 16 17 18 19 20 22
14 15 16 17 23 24 27 91
18 19 20 21 22 23 24 91
25 26 27 28 32 33 34 35
25 29 30 31 32 34 35 91
26 28 29 30 31 33 48 91
36 37 38 39 43 44 46 91
37 39 40 41 42 45 53 91
47 51 52 54 55 56 57 91
58 59 60 61 63 64 65 66
62 63 64 65 66 67 68 91
69 70 71 72 73 74 75 91
69 70 71 72 76 77 78 79
80 81 82 83 87 88 89 90
80 82 83 84 85 86 88 91
