0 1 2 15 16 17
0 1 2 90 91 92
0 3 8 13 14 92
0 4 5 9 10 90
0 6 7 11 12 91
0 15 30 45 74 78
0 16 35 54 73 80
0 17 38 59 65 89
0 18 31 49 72 82
0 19 41 58 71 84
0 20 36 52 70 86
0 21 33 55 66 76
0 22 32 57 69 88
0 23 43 48 64 87
0 24 42 50 67 77
0 25 39 53 63 85
0 26 34 47 62 83
0 27 44 56 61 81
0 28 37 46 68 75
0 29 40 51 60 79
1 3 6 11 14 90
1 4 8 10 13 91
1 5 7 9 12 92
1 15 41 52 61 79
1 16 31 46 60 78
1 17 36 55 74 80
1 18 39 45 66 89
1 19 32 50 73 82
1 20 42 59 72 84
1 21 37 53 71 86
1 22 34 56 67 76
1 23 33 58 70 88
1 24 44 49 65 87
1 25 43 51 68 77
1 26 40 54 64 85
1 27 35 48 63 83
1 28 30 57 62 81
1 29 38 47 69 75
2 3 5 9 14 91
2 4 6 10 11 92
2 7 8 12 13 90
2 15 39 48 70 75
2 16 42 53 62 79
2 17 32 47 61 78
2 18 37 56 60 80
2 19 40 46 67 89
2 20 33 51 74 82
2 21 43 45 73 84
2 22 38 54 72 86
2 23 35 57 68 76
2 24 34 59 71 88
2 25 30 50 66 87
2 26 44 52 69 77
2 27 41 55 65 85
2 28 36 49 64 83
2 29 31 58 63 81
3 4 7 10 12 14
3 15 32 59 64 81
3 16 40 49 71 75
3 17 43 54 63 79
3 18 33 48 62 78
3 19 38 57 61 80
3 20 41 47 68 89
3 21 34 52 60 82
3 22 44 46 74 84
3 23 39 55 73 86
3 24 36 58 69 76
3 25 35 45 72 88
3 26 31 51 67 87
3 27 30 53 70 77
3 28 42 56 66 85
3 29 37 50 65 83
4 15 38 51 66 83
4 16 33 45 65 81
4 17 41 50 72 75
4 18 44 55 64 79
4 19 34 49 63 78
4 20 39 58 62 80
4 21 42 48 69 89
4 22 35 53 61 82
4 23 30 47 60 84
4 24 40 56 74 86
4 25 37 59 70 76
4 26 36 46 73 88
4 27 32 52 68 87
4 28 31 54 71 77
4 29 43 57 67 85
5 6 8 9 11 13
5 15 44 58 68 85
5 16 39 52 67 83
5 17 34 46 66 81
5 18 42 51 73 75
5 19 30 56 65 79
5 20 35 50 64 78
5 21 40 59 63 80
5 22 43 49 70 89
5 23 36 54 62 82
5 24 31 48 61 84
5 25 41 57 60 86
5 26 38 45 71 76
5 27 37 47 74 88
5 28 33 53 69 87
5 29 32 55 72 77
6 15 33 56 73 77
6 16 30 59 69 85
6 17 40 53 68 83
6 18 35 47 67 81
6 19 43 52 74 75
6 20 31 57 66 79
6 21 36 51 65 78
6 22 41 45 64 80
6 23 44 50 71 89
6 24 37 55 63 82
6 25 32 49 62 84
6 26 42 58 61 86
6 27 39 46 72 76
6 28 38 48 60 88
6 29 34 54 70 87
7 15 35 55 71 87
7 16 34 57 74 77
7 17 31 45 70 85
7 18 41 54 69 83
7 19 36 48 68 81
7 20 44 53 60 75
7 21 32 58 67 79
7 22 37 52 66 78
7 23 42 46 65 80
7 24 30 51 72 89
7 25 38 56 64 82
7 26 33 50 63 84
7 27 43 59 62 86
7 28 40 47 73 76
7 29 39 49 61 88
8 15 40 50 62 88
8 16 36 56 72 87
8 17 35 58 60 77
8 18 32 46 71 85
8 19 42 55 70 83
8 20 37 49 69 81
8 21 30 54 61 75
8 22 33 59 68 79
8 23 38 53 67 78
8 24 43 47 66 80
8 25 31 52 73 89
8 26 39 57 65 82
8 27 34 51 64 84
8 28 44 45 63 86
8 29 41 48 74 76
9 15 42 49 60 76
9 16 41 51 63 88
9 17 37 57 73 87
9 18 36 59 61 77
9 19 33 47 72 85
9 20 43 56 71 83
9 21 38 50 70 81
9 22 31 55 62 75
9 23 34 45 69 79
9 24 39 54 68 78
9 25 44 48 67 80
9 26 32 53 74 89
9 27 40 58 66 82
9 28 35 52 65 84
9 29 30 46 64 86
10 15 31 47 65 86
10 16 43 50 61 76
10 17 42 52 64 88
10 18 38 58 74 87
10 19 37 45 62 77
10 20 34 48 73 85
10 21 44 57 72 83
10 22 39 51 71 81
10 23 32 56 63 75
10 24 35 46 70 79
10 25 40 55 69 78
10 26 30 49 68 80
10 27 33 54 60 89
10 28 41 59 67 82
10 29 36 53 66 84
11 15 37 54 67 84
11 16 32 48 66 86
11 17 44 51 62 76
11 18 43 53 65 88
11 19 39 59 60 87
11 20 38 46 63 77
11 21 35 49 74 85
11 22 30 58 73 83
11 23 40 52 72 81
11 24 33 57 64 75
11 25 36 47 71 79
11 26 41 56 70 78
11 27 31 50 69 80
11 28 34 55 61 89
11 29 42 45 68 82
12 15 43 46 69 82
12 16 38 55 68 84
12 17 33 49 67 86
12 18 30 52 63 76
12 19 44 54 66 88
12 20 40 45 61 87
12 21 39 47 64 77
12 22 36 50 60 85
12 23 31 59 74 83
12 24 41 53 73 81
12 25 34 58 65 75
12 26 37 48 72 79
12 27 42 57 71 78
12 28 32 51 70 80
12 29 35 56 62 89
13 15 36 57 63 89
13 16 44 47 70 82
13 17 39 56 69 84
13 18 34 50 68 86
13 19 31 53 64 76
13 20 30 55 67 88
13 21 41 46 62 87
13 22 40 48 65 77
13 23 37 51 61 85
13 24 32 45 60 83
13 25 42 54 74 81
13 26 35 59 66 75
13 27 38 49 73 79
13 28 43 58 72 78
13 29 33 52 71 80
14 15 34 53 72 80
14 16 37 58 64 89
14 17 30 48 71 82
14 18 40 57 70 84
14 19 35 51 69 86
14 20 32 54 65 76
14 21 31 56 68 88
14 22 42 47 63 87
14 23 41 49 66 77
14 24 38 52 62 85
14 25 33 46 61 83
14 26 43 55 60 81
14 27 36 45 67 75
14 28 39 50 74 79
14 29 44 59 73 78
15 18 23 28 29 92
15 19 20 24 25 90
15 21 22 26 27 91
16 18 21 26 29 90
16 19 23 25 28 91
16 20 22 24 27 92
17 18 20 24 29 91
17 19 21 25 26 92
17 22 23 27 28 90
18 19 22 25 27 29
20 21 23 24 26 28
30 31 32 45 46 47
30 33 38 43 44 92
30 34 35 39 40 90
30 36 37 41 42 91
31 33 36 41 44 90
31 34 38 40 43 91
31 35 37 39 42 92
32 33 35 39 44 91
32 34 36 40 41 92
32 37 38 42 43 90
33 34 37 40 42 44
35 36 38 39 41 43
45 48 53 58 59 92
45 49 50 54 55 90
45 51 52 56 57 91
46 48 51 56 59 90
46 49 53 55 58 91
46 50 52 54 57 92
47 48 50 54 59 91
47 49 51 55 56 92
47 52 53 57 58 90
48 49 52 55 57 59
50 51 53 54 56 58
60 61 62 75 76 77
60 63 68 73 74 92
60 64 65 69 70 90
60 66 67 71 72 91
61 63 66 71 74 90
61 64 68 70 73 91
61 65 67 69 72 92
62 63 65 69 74 91
62 64 66 70 71 92
62 67 68 72 73 90
63 64 67 70 72 74
65 66 68 69 71 73
75 78 83 88 89 92
75 79 80 84 85 90
75 81 82 86 87 91
76 78 81 86 89 90
76 79 83 85 88 91
76 80 82 84 87 92
77 78 80 84 89 91
77 79 81 85 86 92
77 82 83 87 88 90
78 79 82 85 87 89
80 81 83 84 86 88
