0 1 41
0 1 95
0 2 14
0 3 81
0 4 85
0 5 42
0 6 49
0 7 9
0 8 39
0 10 75
0 11 43
0 12 33
0 13 51
0 15 26
0 16 45
0 17 18
0 19 20
0 21 64
0 22 72
0 23 25
0 24 65
0 27 52
0 28 94
0 29 34
0 30 61
0 31 60
0 32 91
0 35 71
0 36 92
0 37 88
0 38 84
0 40 59
0 44 76
0 46 80
0 47 77
0 48 69
0 50 82
0 53 54
0 55 56
0 57 58
0 62 67
0 63 68
0 66 78
0 70 89
0 73 74
0 79 86
0 83 87
0 90 93
1 2 60
1 3 5
1 4 40
1 6 32
1 7 56
1 8 48
1 9 45
1 10 68
1 11 33
1 12 73
1 13 38
1 14 19
1 15 43
1 16 39
1 17 93
1 18 49
1 20 22
1 21 74
1 23 76
1 24 66
1 25 54
1 26 34
1 27 30
1 28 59
1 29 36
1 31 50
1 35 61
1 37 86
1 42 58
1 44 47
1 46 72
1 51 53
1 52 55
1 57 63
1 62 70
1 64 87
1 65 89
1 67 69
1 71 78
1 75 77
1 79 81
1 80 82
1 83 85
1 84 94
1 88 91
1 90 92
2 3 67
2 3 95
2 4 76
2 5 36
2 6 51
2 7 24
2 8 13
2 9 31
2 10 49
2 11 83
2 12 25
2 15 82
2 16 17
2 18 27
2 19 59
2 20 88
2 21 90
2 22 55
2 23 79
2 26 92
2 28 57
2 29 41
2 30 86
2 32 87
2 33 70
2 34 73
2 35 38
2 37 69
2 39 45
2 40 91
2 42 81
2 43 63
2 44 68
2 46 93
2 47 50
2 48 85
2 52 53
2 54 62
2 56 78
2 58 64
2 61 65
2 66 71
2 72 94
2 74 77
2 75 84
2 80 89
3 4 33
3 6 92
3 7 17
3 8 16
3 9 30
3 10 50
3 11 78
3 12 53
3 13 57
3 14 83
3 15 36
3 18 22
3 19 58
3 20 56
3 21 37
3 23 27
3 24 71
3 25 29
3 26 45
3 28 43
3 31 46
3 32 64
3 34 60
3 35 54
3 38 39
3 40 49
3 41 42
3 44 80
3 47 76
3 48 52
3 51 94
3 55 88
3 59 86
3 61 63
3 62 69
3 65 70
3 66 68
3 72 89
3 73 77
3 74 93
3 75 85
3 79 84
3 82 90
3 87 91
4 5 14
4 5 95
4 6 89
4 7 94
4 8 21
4 9 57
4 10 26
4 11 38
4 12 88
4 13 49
4 15 53
4 16 20
4 17 22
4 18 87
4 19 48
4 23 93
4 24 58
4 25 30
4 27 80
4 28 83
4 29 44
4 31 71
4 32 73
4 34 37
4 35 91
4 36 82
4 39 90
4 41 62
4 42 50
4 43 74
4 45 59
4 46 65
4 47 52
4 51 79
4 54 61
4 55 60
4 56 77
4 63 70
4 64 67
4 66 69
4 68 78
4 72 75
4 81 92
4 84 86
5 6 81
5 7 46
5 8 56
5 9 11
5 10 13
5 12 55
5 15 66
5 16 21
5 17 83
5 18 89
5 19 39
5 20 54
5 22 82
5 23 29
5 24 30
5 25 85
5 26 91
5 27 68
5 28 65
5 31 37
5 32 49
5 33 90
5 34 84
5 35 92
5 38 72
5 40 88
5 41 93
5 43 67
5 44 71
5 45 61
5 47 53
5 48 58
5 50 74
5 51 76
5 52 86
5 57 77
5 59 80
5 60 75
5 62 94
5 63 78
5 64 70
5 69 79
5 73 87
6 7 16
6 7 95
6 8 77
6 9 25
6 10 60
6 11 37
6 12 72
6 13 94
6 14 63
6 15 22
6 17 26
6 18 29
6 19 35
6 20 40
6 21 45
6 23 57
6 24 41
6 27 75
6 28 66
6 30 47
6 31 87
6 33 73
6 34 44
6 36 56
6 38 64
6 39 71
6 42 91
6 43 86
6 46 70
6 48 54
6 50 78
6 52 76
6 53 85
6 55 90
6 58 59
6 61 67
6 62 74
6 65 68
6 69 80
6 79 83
6 82 84
6 88 93
7 8 40
7 10 89
7 11 75
7 12 81
7 13 20
7 14 49
7 15 85
7 18 79
7 19 47
7 21 36
7 22 60
7 23 37
7 25 86
7 26 44
7 27 90
7 28 91
7 29 54
7 30 76
7 31 52
7 32 67
7 33 58
7 34 87
7 35 43
7 38 62
7 39 74
7 41 68
7 42 77
7 45 65
7 48 50
7 51 69
7 53 61
7 55 93
7 57 70
7 59 66
7 63 71
7 64 72
7 73 84
7 78 83
7 80 88
7 82 92
8 9 44
8 9 95
8 10 59
8 11 91
8 12 38
8 14 36
8 15 46
8 17 19
8 18 84
8 20 76
8 22 45
8 23 58
8 24 69
8 25 73
8 26 29
8 27 53
8 28 74
8 30 43
8 31 57
8 32 66
8 33 42
8 34 41
8 35 64
8 37 68
8 47 75
8 49 55
8 50 62
8 51 86
8 52 81
8 54 90
8 60 93
8 61 82
8 63 72
8 65 78
8 67 83
8 70 92
8 71 89
8 79 88
8 80 87
8 85 94
9 10 32
9 12 42
9 13 19
9 14 50
9 15 47
9 16 28
9 17 94
9 18 26
9 20 87
9 21 29
9 22 54
9 23 40
9 24 90
9 27 81
9 33 46
9 34 67
9 35 59
9 36 84
9 37 43
9 38 49
9 39 64
9 41 53
9 48 55
9 51 74
9 52 65
9 56 92
9 58 63
9 60 79
9 61 73
9 62 76
9 66 89
9 68 91
9 69 75
9 70 78
9 71 72
9 77 83
9 80 85
9 82 93
9 86 88
10 11 71
10 12 43
10 12 95
10 14 56
10 15 62
10 16 25
10 17 84
10 18 40
10 19 30
10 20 63
10 21 28
10 22 58
10 23 46
10 24 29
10 27 88
10 31 54
10 33 45
10 34 77
10 35 70
10 36 80
10 37 44
10 38 87
10 39 72
10 41 82
10 42 74
10 47 51
10 48 93
10 52 73
10 53 86
10 55 92
10 57 91
10 61 64
10 65 85
10 66 94
10 67 78
10 69 76
10 79 90
10 81 83
11 12 26
11 13 68
11 14 17
11 15 65
11 16 62
11 17 85
11 18 19
11 20 31
11 21 72
11 22 40
11 23 92
11 24 42
11 25 45
11 27 55
11 28 73
11 29 49
11 30 93
11 32 82
11 34 46
11 35 56
11 36 52
11 39 79
11 41 80
11 44 69
11 47 74
11 48 90
11 50 51
11 53 66
11 54 58
11 57 61
11 59 88
11 60 70
11 63 76
11 64 84
11 67 86
11 77 81
11 87 95
11 89 94
12 13 64
12 14 18
12 15 93
12 16 24
12 17 76
12 19 27
12 20 59
12 21 44
12 22 74
12 23 87
12 28 58
12 29 86
12 30 60
12 31 78
12 32 83
12 34 69
12 35 46
12 36 39
12 37 65
12 40 71
12 41 85
12 45 89
12 47 80
12 48 94
12 49 68
12 50 63
12 51 56
12 52 84
12 54 77
12 57 75
12 61 66
12 62 90
12 67 82
12 70 91
12 79 92
13 14 48
13 14 95
13 15 86
13 16 41
13 17 44
13 18 61
13 21 93
13 22 46
13 23 88
13 24 91
13 25 27
13 26 74
13 28 69
13 29 60
13 30 55
13 31 33
13 32 70
13 34 40
13 35 77
13 36 53
13 37 78
13 39 85
13 42 87
13 43 81
13 45 73
13 47 62
13 50 79
13 52 67
13 54 92
13 56 71
13 58 82
13 59 72
13 63 80
13 65 75
13 66 76
13 83 90
13 84 89
14 15 41
14 16 29
14 20 74
14 21 51
14 22 23
14 24 67
14 25 78
14 26 38
14 27 86
14 28 53
14 30 85
14 31 55
14 32 42
14 33 52
14 34 43
14 35 84
14 37 40
14 39 69
14 44 82
14 45 62
14 46 87
14 47 54
14 57 92
14 58 72
14 59 68
14 60 89
14 61 75
14 64 77
14 65 76
14 66 73
14 70 93
14 71 91
14 79 94
14 80 90
14 81 88
15 16 32
15 16 95
15 17 77
15 18 74
15 19 57
15 20 70
15 21 31
15 23 78
15 24 48
15 25 83
15 27 69
15 28 56
15 29 61
15 30 94
15 33 60
15 34 76
15 35 51
15 37 67
15 38 75
15 39 52
15 40 42
15 44 50
15 45 49
15 54 87
15 55 68
15 58 91
15 59 90
15 63 84
15 64 80
15 71 79
15 72 81
15 73 89
15 88 92
16 18 92
16 19 34
16 22 81
16 23 42
16 26 76
16 27 47
16 30 38
16 31 75
16 33 50
16 35 65
16 36 40
16 37 90
16 43 46
16 44 88
16 48 80
16 49 91
16 51 77
16 52 64
16 53 79
16 54 55
16 56 70
16 57 89
16 58 78
16 59 74
16 60 85
16 61 93
16 63 94
16 66 86
16 67 84
16 68 73
16 69 83
16 71 82
16 72 87
17 20 90
17 21 58
17 23 89
17 24 45
17 25 67
17 27 70
17 28 64
17 29 72
17 30 32
17 31 61
17 33 47
17 34 74
17 35 55
17 36 50
17 37 81
17 38 46
17 39 59
17 40 57
17 41 66
17 42 65
17 43 62
17 48 79
17 49 80
17 51 54
17 52 69
17 53 82
17 56 60
17 63 88
17 68 86
17 71 73
17 75 91
17 78 92
17 87 95
18 19 95
18 20 93
18 21 82
18 23 33
18 24 73
18 25 65
18 28 62
18 30 52
18 31 66
18 32 63
18 34 71
18 35 44
18 36 59
18 37 45
18 38 70
18 39 58
18 41 60
18 42 78
18 43 80
18 46 47
18 48 76
18 50 54
18 51 88
18 53 55
18 56 75
18 57 83
18 64 81
18 67 85
18 68 72
18 69 77
18 86 90
18 91 94
19 21 54
19 22 78
19 23 90
19 24 53
19 25 51
19 26 84
19 28 92
19 29 67
19 31 65
19 32 52
19 33 66
19 36 91
19 37 49
19 38 77
19 40 61
19 41 43
19 42 71
19 44 56
19 45 55
19 46 68
19 50 73
19 60 86
19 62 81
19 63 89
19 64 69
19 70 72
19 74 79
19 75 80
19 76 83
19 82 88
19 85 87
19 93 94
20 21 39
20 21 95
20 23 28
20 24 83
20 25 32
20 26 55
20 27 48
20 29 73
20 30 45
20 33 80
20 34 58
20 35 82
20 36 44
20 37 50
20 38 57
20 41 65
20 42 79
20 43 49
20 46 86
20 47 64
20 51 71
20 52 68
20 53 92
20 60 67
20 61 81
20 62 77
20 66 85
20 69 89
20 72 91
20 75 94
20 78 84
21 22 25
21 23 71
21 24 61
21 26 89
21 27 50
21 30 35
21 32 79
21 33 56
21 34 52
21 38 53
21 40 62
21 41 48
21 42 63
21 43 57
21 46 91
21 47 60
21 49 75
21 55 81
21 59 83
21 65 80
21 66 84
21 67 70
21 68 92
21 69 94
21 73 78
21 76 85
21 77 88
21 86 87
22 23 95
22 24 85
22 26 30
22 27 91
22 28 34
22 29 50
22 31 59
22 32 51
22 33 48
22 35 62
22 36 63
22 37 71
22 38 47
22 39 86
22 41 76
22 42 75
22 43 89
22 44 57
22 49 73
22 52 88
22 53 90
22 56 67
22 61 84
22 64 65
22 66 87
22 68 77
22 69 93
22 70 79
22 80 94
22 83 92
23 24 36
23 26 68
23 30 63
23 31 51
23 32 56
23 34 94
23 35 67
23 38 59
23 39 54
23 41 61
23 43 45
23 44 52
23 47 84
23 48 49
23 50 53
23 55 69
23 60 91
23 62 65
23 64 83
23 66 70
23 72 80
23 73 81
23 74 82
23 75 86
23 77 85
24 25 31
24 25 95
24 26 35
24 27 64
24 28 88
24 32 43
24 33 54
24 34 81
24 37 62
24 38 89
24 39 55
24 40 63
24 44 79
24 46 51
24 47 59
24 49 52
24 50 72
24 56 76
24 57 93
24 60 87
24 68 84
24 70 77
24 74 94
24 75 92
24 78 80
24 82 86
25 26 46
25 28 70
25 33 89
25 34 56
25 35 69
25 36 62
25 37 74
25 38 71
25 39 49
25 40 81
25 41 63
25 42 80
25 43 55
25 44 66
25 47 88
25 48 84
25 50 87
25 52 93
25 53 91
25 57 59
25 58 77
25 60 90
25 61 92
25 64 82
25 68 94
25 72 76
25 75 79
26 27 60
26 27 95
26 28 90
26 31 80
26 32 47
26 33 71
26 36 70
26 37 93
26 39 50
26 40 43
26 41 72
26 42 85
26 48 86
26 49 88
26 51 67
26 52 77
26 53 81
26 54 56
26 57 69
26 58 79
26 59 94
26 61 62
26 63 87
26 64 78
26 65 82
26 66 75
26 73 83
27 28 63
27 29 45
27 31 41
27 32 33
27 34 92
27 35 89
27 36 85
27 37 57
27 38 58
27 39 93
27 40 66
27 42 94
27 43 72
27 44 65
27 46 54
27 49 79
27 51 83
27 56 84
27 59 71
27 61 87
27 62 73
27 67 77
27 74 78
27 76 82
28 29 75
28 29 95
28 30 37
28 31 40
28 32 39
28 33 85
28 35 41
28 36 38
28 42 55
28 44 93
28 45 60
28 46 67
28 47 61
28 48 71
28 49 72
28 50 86
28 51 89
28 52 54
28 68 87
28 76 79
28 77 82
28 78 81
28 80 84
29 30 57
29 31 64
29 32 59
29 33 40
29 35 37
29 38 82
29 39 53
29 42 84
29 43 76
29 46 48
29 47 90
29 51 78
29 52 80
29 55 65
29 56 68
29 58 71
29 62 88
29 63 93
29 66 81
29 69 87
29 70 83
29 74 92
29 77 94
29 79 85
29 89 91
30 31 39
30 31 95
30 33 84
30 34 59
30 36 49
30 40 83
30 41 74
30 42 88
30 44 58
30 46 73
30 48 78
30 50 89
30 51 62
30 53 68
30 54 71
30 56 64
30 65 92
30 66 91
30 67 90
30 69 72
30 70 81
30 75 82
30 77 80
30 79 87
31 32 88
31 34 86
31 35 90
31 36 77
31 38 79
31 42 67
31 43 85
31 44 62
31 45 56
31 47 69
31 48 74
31 49 83
31 53 70
31 58 68
31 63 92
31 72 84
31 73 93
31 76 89
31 81 94
31 82 91
32 33 95
32 34 53
32 35 94
32 36 60
32 37 85
32 38 93
32 40 44
32 41 69
32 45 58
32 46 75
32 48 77
32 50 84
32 54 81
32 55 62
32 57 65
32 61 78
32 68 74
32 71 90
32 72 92
32 76 80
32 86 89
33 34 36
33 35 63
33 37 75
33 38 67
33 39 57
33 41 83
33 43 69
33 44 92
33 49 76
33 51 87
33 53 78
33 55 77
33 59 93
33 61 94
33 62 72
33 64 91
33 65 88
33 68 79
33 74 86
33 81 82
34 35 88
34 35 95
34 38 68
34 39 65
34 42 70
34 45 51
34 47 63
34 48 57
34 49 90
34 50 80
34 54 89
34 55 75
34 61 72
34 62 83
34 64 66
34 78 82
34 79 91
34 85 93
35 36 66
35 39 75
35 40 93
35 42 48
35 45 79
35 47 86
35 49 58
35 50 83
35 52 72
35 53 60
35 57 78
35 68 76
35 73 85
35 74 87
35 80 81
36 37 79
36 37 95
36 41 71
36 42 72
36 43 51
36 45 64
36 46 88
36 47 58
36 48 65
36 54 75
36 55 89
36 57 73
36 61 69
36 67 93
36 68 83
36 74 76
36 78 86
36 81 90
36 87 94
37 38 66
37 39 87
37 41 54
37 42 73
37 46 52
37 47 91
37 48 61
37 51 59
37 53 72
37 55 84
37 56 63
37 58 60
37 64 94
37 70 76
37 77 89
37 80 92
37 82 83
38 39 95
38 40 51
38 41 91
38 42 69
38 43 60
38 44 85
38 45 76
38 48 56
38 50 65
38 52 78
38 54 83
38 55 80
38 61 88
38 63 74
38 73 90
38 81 86
38 92 94
39 40 77
39 41 92
39 42 51
39 43 48
39 44 60
39 46 66
39 47 68
39 56 82
39 61 80
39 62 84
39 63 83
39 67 88
39 70 94
39 73 91
39 76 81
39 78 89
40 41 75
40 41 95
40 45 84
40 46 90
40 47 70
40 48 53
40 50 64
40 52 74
40 54 72
40 55 67
40 56 86
40 58 73
40 60 69
40 65 94
40 68 80
40 76 87
40 78 79
40 82 85
40 89 92
41 44 81
41 45 87
41 46 55
41 47 89
41 49 70
41 50 59
41 51 52
41 56 58
41 57 79
41 64 88
41 67 73
41 77 86
41 78 94
41 84 90
42 43 56
42 43 95
42 44 86
42 45 90
42 46 82
42 47 66
42 49 64
42 52 59
42 53 89
42 54 68
42 57 60
42 61 83
42 62 93
42 76 92
43 44 78
43 47 71
43 50 91
43 52 87
43 53 77
43 54 82
43 58 88
43 59 84
43 61 79
43 64 92
43 65 90
43 66 93
43 68 70
43 73 94
43 75 83
44 45 67
44 45 95
44 46 77
44 48 83
44 49 51
44 53 87
44 54 59
44 55 94
44 61 91
44 63 75
44 64 73
44 70 84
44 72 90
44 74 89
45 46 69
45 47 48
45 50 70
45 52 91
45 53 75
45 54 66
45 57 81
45 63 86
45 68 93
45 71 94
45 72 82
45 74 85
45 77 92
45 78 88
45 80 83
46 47 95
46 49 92
46 50 85
46 53 56
46 57 62
46 58 61
46 59 64
46 60 63
46 71 81
46 74 84
46 76 78
46 79 89
46 83 94
47 49 85
47 55 87
47 56 57
47 65 83
47 67 79
47 72 78
47 73 92
47 81 93
47 82 94
48 49 95
48 51 92
48 59 75
48 60 81
48 62 91
48 63 64
48 66 82
48 67 72
48 68 89
48 70 73
48 87 88
49 50 93
49 53 65
49 54 69
49 56 74
49 57 84
49 59 67
49 60 94
49 61 71
49 62 86
49 63 81
49 66 77
49 78 87
49 82 89
50 51 95
50 52 75
50 55 57
50 56 94
50 58 90
50 60 76
50 61 77
50 66 88
50 67 92
50 68 81
50 69 71
51 55 72
51 57 68
51 58 84
51 60 64
51 61 85
51 63 90
51 65 73
51 66 80
51 70 82
51 75 81
51 91 93
52 53 95
52 56 85
52 57 71
52 58 92
52 60 83
52 61 70
52 62 89
52 63 82
52 66 79
52 90 94
53 57 67
53 58 94
53 59 62
53 63 69
53 64 76
53 71 88
53 73 80
53 74 83
53 84 93
54 55 95
54 57 64
54 60 73
54 63 67
54 65 79
54 70 74
54 76 84
54 78 91
54 80 93
54 85 86
54 88 94
55 58 76
55 59 61
55 63 66
55 64 74
55 70 71
55 73 86
55 78 85
55 79 82
55 83 91
56 57 95
56 59 81
56 61 89
56 62 87
56 65 93
56 66 72
56 69 73
56 79 80
56 83 88
56 90 91
57 66 90
57 72 85
57 74 80
57 76 88
57 82 87
57 86 94
58 59 95
58 62 80
58 65 67
58 66 83
58 69 85
58 70 75
58 74 81
58 86 93
58 87 89
59 60 78
59 63 65
59 69 92
59 70 87
59 73 82
59 76 91
59 77 79
59 85 89
60 61 74
60 61 95
60 62 82
60 65 66
60 68 88
60 71 80
60 72 77
60 84 92
61 68 90
61 76 86
62 63 85
62 63 95
62 64 79
62 66 92
62 68 71
62 75 78
63 73 79
63 77 91
64 65 95
64 68 85
64 71 86
64 75 93
64 89 90
65 69 86
65 71 77
65 72 74
65 81 87
65 84 91
66 67 74
66 67 95
67 68 75
67 71 87
67 76 94
67 80 91
67 81 89
68 69 82
68 69 95
69 70 88
69 74 91
69 78 90
69 81 84
70 71 95
70 80 86
70 85 90
71 74 75
71 76 93
71 83 84
71 85 92
72 73 88
72 73 95
72 79 93
72 83 86
73 75 76
74 75 95
74 88 90
75 87 90
75 88 89
76 77 90
76 77 95
77 78 93
77 84 87
78 79 95
80 81 95
81 85 91
82 83 95
83 89 93
84 85 88
84 85 95
86 88 95
86 91 92
87 92 93
89 90 95
91 92 95
93 94 95
