0 1 2 32 33 34
0 3 8 13 14 97
0 4 5 9 10 15
0 6 7 11 12 96
0 16 32 48 64 80
0 17 33 49 65 81
0 18 34 50 66 82
0 19 35 51 67 83
0 20 36 52 68 84
0 21 37 53 69 85
0 22 38 54 70 86
0 23 39 55 71 87
0 24 40 56 72 88
0 25 41 57 73 89
0 26 42 58 74 90
0 27 43 59 75 91
0 28 44 60 76 92
0 29 45 61 77 93
0 30 46 62 78 94
0 31 47 63 79 95
1 3 6 11 14 15
1 4 8 10 13 96
1 5 7 9 12 97
1 16 33 50 67 84
1 17 32 51 66 85
1 18 35 48 65 86
1 19 34 49 64 87
1 20 37 54 71 80
1 21 36 55 70 81
1 22 39 52 69 82
1 23 38 53 68 83
1 24 41 58 75 92
1 25 40 59 74 93
1 26 43 56 73 94
1 27 42 57 72 95
1 28 45 62 79 88
1 29 44 63 78 89
1 30 47 60 77 90
1 31 46 61 76 91
2 3 5 9 14 96
2 4 6 10 11 97
2 7 8 12 13 15
2 16 34 52 70 88
2 17 35 53 71 89
2 18 32 54 68 90
2 19 33 55 69 91
2 20 38 48 66 92
2 21 39 49 67 93
2 22 36 50 64 94
2 23 37 51 65 95
2 24 42 60 78 80
2 25 43 61 79 81
2 26 40 62 76 82
2 27 41 63 77 83
2 28 46 56 74 84
2 29 47 57 75 85
2 30 44 58 72 86
2 31 45 59 73 87
3 4 7 10 12 14
3 16 35 54 69 92
3 17 34 55 68 93
3 18 33 52 71 94
3 19 32 53 70 95
3 20 39 50 65 88
3 21 38 51 64 89
3 22 37 48 67 90
3 23 36 49 66 91
3 24 43 62 77 84
3 25 42 63 76 85
3 26 41 60 79 86
3 27 40 61 78 87
3 28 47 58 73 80
3 29 46 59 72 81
3 30 45 56 75 82
3 31 44 57 74 83
4 16 36 56 76 83
4 17 37 57 77 82
4 18 38 58 78 81
4 19 39 59 79 80
4 20 32 60 72 87
4 21 33 61 73 86
4 22 34 62 74 85
4 23 35 63 75 84
4 24 44 48 68 91
4 25 45 49 69 90
4 26 46 50 70 89
4 27 47 51 71 88
4 28 40 52 64 95
4 29 41 53 65 94
4 30 42 54 66 93
4 31 43 55 67 92
5 6 8 9 11 13
5 16 37 58 79 87
5 17 36 59 78 86
5 18 39 56 77 85
5 19 38 57 76 84
5 20 33 62 75 83
5 21 32 63 74 82
5 22 35 60 73 81
5 23 34 61 72 80
5 24 45 50 71 95
5 25 44 51 70 94
5 26 47 48 69 93
5 27 46 49 68 92
5 28 41 54 67 91
5 29 40 55 66 90
5 30 43 52 65 89
5 31 42 53 64 88
6 16 38 60 74 91
6 17 39 61 75 90
6 18 36 62 72 89
6 19 37 63 73 88
6 20 34 56 78 95
6 21 35 57 79 94
6 22 32 58 76 93
6 23 33 59 77 92
6 24 46 52 66 83
6 25 47 53 67 82
6 26 44 54 64 81
6 27 45 55 65 80
6 28 42 48 70 87
6 29 43 49 71 86
6 30 40 50 68 85
6 31 41 51 69 84
7 16 39 62 73 95
7 17 38 63 72 94
7 18 37 60 75 93
7 19 36 61 74 92
7 20 35 58 77 91
7 21 34 59 76 90
7 22 33 56 79 89
7 23 32 57 78 88
7 24 47 54 65 87
7 25 46 55 64 86
7 26 45 52 67 85
7 27 44 53 66 84
7 28 43 50 69 83
7 29 42 51 68 82
7 30 41 48 71 81
7 31 40 49 70 80
8 16 40 51 75 86
8 17 41 50 74 87
8 18 42 49 73 84
8 19 43 48 72 85
8 20 44 55 79 82
8 21 45 54 78 83
8 22 46 53 77 80
8 23 47 52 76 81
8 24 32 59 67 94
8 25 33 58 66 95
8 26 34 57 65 92
8 27 35 56 64 93
8 28 36 63 71 90
8 29 37 62 70 91
8 30 38 61 69 88
8 31 39 60 68 89
9 16 41 49 72 82
9 17 40 48 73 83
9 18 43 51 74 80
9 19 42 50 75 81
9 20 45 53 76 86
9 21 44 52 77 87
9 22 47 55 78 84
9 23 46 54 79 85
9 24 33 57 64 90
9 25 32 56 65 91
9 26 35 59 66 88
9 27 34 58 67 89
9 28 37 61 68 94
9 29 36 60 69 95
9 30 39 63 70 92
9 31 38 62 71 93
10 16 42 55 77 94
10 17 43 54 76 95
10 18 40 53 79 92
10 19 41 52 78 93
10 20 46 51 73 90
10 21 47 50 72 91
10 22 44 49 75 88
10 23 45 48 74 89
10 24 34 63 69 86
10 25 35 62 68 87
10 26 32 61 71 84
10 27 33 60 70 85
10 28 38 59 65 82
10 29 39 58 64 83
10 30 36 57 67 80
10 31 37 56 66 81
11 16 43 53 78 90
11 17 42 52 79 91
11 18 41 55 76 88
11 19 40 54 77 89
11 20 47 49 74 94
11 21 46 48 75 95
11 22 45 51 72 92
11 23 44 50 73 93
11 24 35 61 70 82
11 25 34 60 71 83
11 26 33 63 68 80
11 27 32 62 69 81
11 28 39 57 66 86
11 29 38 56 67 87
11 30 37 59 64 84
11 31 36 58 65 85
12 16 44 59 71 85
12 17 45 58 70 84
12 18 46 57 69 87
12 19 47 56 68 86
12 20 40 63 67 81
12 21 41 62 66 80
12 22 42 61 65 83
12 23 43 60 64 82
12 24 36 51 79 93
12 25 37 50 78 92
12 26 38 49 77 95
12 27 39 48 76 94
12 28 32 55 75 89
12 29 33 54 74 88
12 30 34 53 73 91
12 31 35 52 72 90
13 16 45 57 68 81
13 17 44 56 69 80
13 18 47 59 70 83
13 19 46 58 71 82
13 20 41 61 64 85
13 21 40 60 65 84
13 22 43 63 66 87
13 23 42 62 67 86
13 24 37 49 76 89
13 25 36 48 77 88
13 26 39 51 78 91
13 27 38 50 79 90
13 28 33 53 72 93
13 29 32 52 73 92
13 30 35 55 74 95
13 31 34 54 75 94
14 16 46 63 65 93
14 17 47 62 64 92
14 18 44 61 67 95
14 19 45 60 66 94
14 20 42 59 69 89
14 21 43 58 68 88
14 22 40 57 71 91
14 23 41 56 70 90
14 24 38 55 73 85
14 25 39 54 72 84
14 26 36 53 75 87
14 27 37 52 74 86
14 28 34 51 77 81
14 29 35 50 76 80
14 30 32 49 79 83
14 31 33 48 78 82
15 16 47 61 66 89
15 17 46 60 67 88
15 18 45 63 64 91
15 19 44 62 65 90
15 20 43 57 70 93
15 21 42 56 71 92
15 22 41 59 68 95
15 23 40 58 69 94
15 24 39 53 74 81
15 25 38 52 75 80
15 26 37 55 72 83
15 27 36 54 73 82
15 28 35 49 78 85
15 29 34 48 79 84
15 30 33 51 76 87
15 31 32 50 77 86
15 31 47 63 96 97
16 17 18 79 96 97
16 19 24 29 30 97
16 20 21 25 26 31
16 22 23 27 28 96
17 19 22 27 30 31
17 20 24 26 29 96
17 21 23 25 28 97
18 19 21 25 30 96
18 20 22 26 27 97
18 23 24 28 29 31
19 20 23 26 28 30
21 22 24 25 27 29
32 35 40 45 46 97
32 36 37 41 42 47
32 38 39 43 44 96
33 35 38 43 46 47
33 36 40 42 45 96
33 37 39 41 44 97
34 35 37 41 46 96
34 36 38 42 43 97
34 39 40 44 45 47
35 36 39 42 44 46
37 38 40 41 43 45
48 49 50 95 96 97
48 51 56 61 62 97
48 52 53 57 58 63
48 54 55 59 60 96
49 51 54 59 62 63
49 52 56 58 61 96
49 53 55 57 60 97
50 51 53 57 62 96
50 52 54 58 59 97
50 55 56 60 61 63
51 52 55 58 60 62
53 54 56 57 59 61
64 65 66 80 81 82
64 67 72 77 78 97
64 68 69 73 74 79
64 70 71 75 76 96
65 67 70 75 78 79
65 68 72 74 77 96
65 69 71 73 76 97
66 67 69 73 78 96
66 68 70 74 75 97
66 71 72 76 77 79
67 68 71 74 76 78
69 70 72 73 75 77
80 83 88 93 94 97
80 84 85 89 90 95
80 86 87 91 92 96
81 83 86 91 94 95
81 84 88 90 93 96
81 85 87 89 92 97
82 83 85 89 94 96
82 84 86 90 91 97
82 87 88 92 93 95
83 84 87 90 92 94
85 86 88 89 91 93
