0 1 92 94 95
0 2 8 13 15
0 3 9 12 14
0 4 6 11 97
0 4 8 47 93
0 5 7 10 96
0 16 51 67 83
0 17 52 68 84
0 18 53 69 85
0 19 35 70 86
0 20 36 71 87
0 21 37 72 88
0 22 38 54 89
0 23 39 55 90
0 24 40 56 91
0 25 41 57 73
0 26 42 58 74
0 27 43 59 75
0 28 44 60 76
0 29 45 61 77
0 30 46 62 78
0 31 47 63 79
0 32 48 64 80
0 33 49 65 81
0 34 50 66 82
1 2 9 11 96
1 3 8 10 97
1 4 7 13 14
1 5 6 12 15
1 16 50 65 80
1 17 51 66 81
1 18 52 67 82
1 19 53 68 83
1 20 35 69 84
1 21 36 70 85
1 22 37 71 86
1 23 38 72 87
1 24 39 54 88
1 25 40 55 89
1 26 41 56 90
1 27 42 57 91
1 28 43 58 73
1 29 44 59 74
1 30 45 60 75
1 31 46 61 76
1 32 47 62 77
1 33 48 63 78
1 34 49 64 79
1 54 90 92 93
2 3 4 5 92
2 6 10 14 93
2 6 10 14 94
2 7 12 95 97
2 16 49 63 77
2 17 50 64 78
2 18 51 65 79
2 19 52 66 80
2 20 53 67 81
2 21 35 68 82
2 22 36 69 83
2 23 37 70 84
2 24 38 71 85
2 25 39 72 86
2 26 40 54 87
2 27 41 55 88
2 28 42 56 89
2 29 43 57 90
2 30 44 58 91
2 31 45 59 73
2 32 46 60 74
2 33 47 61 75
2 34 48 62 76
3 6 13 95 96
3 7 11 15 94
3 7 15 93 94
3 16 48 61 74
3 17 49 62 75
3 18 50 63 76
3 19 51 64 77
3 20 52 65 78
3 21 53 66 79
3 22 35 67 80
3 23 36 68 81
3 24 37 69 82
3 25 38 70 83
3 26 39 71 84
3 27 40 72 85
3 28 41 54 86
3 29 42 55 87
3 30 43 56 88
3 31 44 57 89
3 32 45 58 90
3 33 46 59 91
3 34 47 60 73
4 8 12 94 96
4 9 10 15 95
4 16 47 59 90
4 17 48 60 91
4 18 49 61 73
4 19 50 62 74
4 20 51 63 75
4 21 52 64 76
4 22 53 65 77
4 23 35 66 78
4 24 36 67 79
4 25 37 68 80
4 26 38 69 81
4 27 39 70 82
4 28 40 71 83
4 29 41 72 84
4 30 42 54 85
4 31 43 55 86
4 32 44 56 87
4 33 45 57 88
4 34 46 58 89
5 8 11 14 95
5 9 12 13 93
5 9 13 94 97
5 16 46 57 87
5 17 47 58 88
5 18 48 59 89
5 19 49 60 90
5 20 50 61 91
5 21 51 62 73
5 22 52 63 74
5 23 53 64 75
5 24 35 65 76
5 25 36 66 77
5 26 37 67 78
5 27 38 68 79
5 28 39 69 80
5 29 40 70 81
5 30 41 71 82
5 31 42 72 83
5 32 43 54 84
5 33 44 55 85
5 34 45 56 86
6 7 8 9 92
6 16 45 55 84
6 17 46 56 85
6 18 47 57 86
6 19 48 58 87
6 20 49 59 88
6 21 50 60 89
6 22 51 61 90
6 23 52 62 91
6 24 53 63 73
6 25 35 64 74
6 26 36 65 75
6 27 37 66 76
6 28 38 67 77
6 29 39 68 78
6 30 40 69 79
6 31 41 70 80
6 32 42 71 81
6 33 43 72 82
6 34 44 54 83
7 16 44 72 81
7 17 45 54 82
7 18 46 55 83
7 19 47 56 84
7 20 48 57 85
7 21 49 58 86
7 22 50 59 87
7 23 51 60 88
7 24 52 61 89
7 25 53 62 90
7 26 35 63 91
7 27 36 64 73
7 28 37 65 74
7 29 38 66 75
7 30 39 67 76
7 31 40 68 77
7 32 41 69 78
7 33 42 70 79
7 34 43 71 80
8 16 43 70 78
8 17 44 71 79
8 18 45 72 80
8 19 46 54 81
8 20 47 55 82
8 21 48 56 83
8 22 49 57 84
8 23 50 58 85
8 24 51 59 86
8 25 52 60 87
8 26 53 61 88
8 27 35 62 89
8 28 36 63 90
8 29 37 64 91
8 30 38 65 73
8 31 39 66 74
8 32 40 67 75
8 33 41 68 76
8 34 42 69 77
9 16 42 68 75
9 17 43 69 76
9 18 44 70 77
9 19 45 71 78
9 20 46 72 79
9 21 47 54 80
9 22 48 55 81
9 23 49 56 82
9 24 50 57 83
9 25 51 58 84
9 26 52 59 85
9 27 53 60 86
9 28 35 61 87
9 29 36 62 88
9 30 37 63 89
9 31 38 64 90
9 32 39 65 91
9 33 40 66 73
9 34 41 67 74
10 11 12 13 92
10 16 41 66 91
10 17 42 67 73
10 18 43 68 74
10 19 44 69 75
10 20 45 70 76
10 21 46 71 77
10 22 47 72 78
10 23 48 54 79
10 24 49 55 80
10 25 50 56 81
10 26 51 57 82
10 27 52 58 83
10 28 53 59 84
10 29 35 60 85
10 30 36 61 86
10 31 37 62 87
10 32 38 63 88
10 33 39 64 89
10 34 40 65 90
11 16 40 64 88
11 17 41 65 89
11 18 42 66 90
11 19 43 67 91
11 20 44 68 73
11 21 39 57 93
11 21 45 69 74
11 22 46 70 75
11 23 47 71 76
11 24 48 72 77
11 25 49 54 78
11 26 50 55 79
11 27 51 56 80
11 28 52 57 81
11 29 53 58 82
11 30 35 59 83
11 31 36 60 84
11 32 37 61 85
11 33 38 62 86
11 34 39 63 87
12 16 39 62 85
12 17 40 63 86
12 18 41 64 87
12 19 42 65 88
12 20 43 66 89
12 21 44 67 90
12 22 45 68 91
12 23 46 69 73
12 24 47 70 74
12 25 48 71 75
12 26 49 72 76
12 27 50 54 77
12 28 51 55 78
12 29 52 56 79
12 30 53 57 80
12 31 35 58 81
12 32 36 59 82
12 33 37 60 83
12 34 38 61 84
13 16 38 60 82
13 17 39 61 83
13 18 40 62 84
13 19 41 63 85
13 20 42 64 86
13 21 43 65 87
13 22 44 66 88
13 23 45 67 89
13 24 46 68 90
13 25 47 69 91
13 26 48 70 73
13 27 49 71 74
13 28 50 72 75
13 29 51 54 76
13 30 52 55 77
13 31 53 56 78
13 32 35 57 79
13 33 36 58 80
13 34 37 59 81
14 15 92 96 97
14 16 37 58 79
14 17 38 59 80
14 18 39 60 81
14 19 40 61 82
14 20 41 62 83
14 21 42 63 84
14 22 43 64 85
14 23 44 65 86
14 24 45 66 87
14 25 46 67 88
14 26 47 68 89
14 27 48 69 90
14 28 49 70 91
14 29 50 71 73
14 30 51 72 74
14 31 52 54 75
14 32 53 55 76
14 33 35 56 77
14 34 36 57 78
15 16 36 56 76
15 17 37 57 77
15 18 38 58 78
15 19 39 59 79
15 20 40 60 80
15 21 41 61 81
15 22 42 62 82
15 23 43 63 83
15 24 44 64 84
15 25 45 65 85
15 26 46 66 86
15 27 47 67 87
15 28 48 68 88
15 29 49 69 89
15 30 50 70 90
15 31 51 71 91
15 32 52 72 73
15 33 53 54 74
15 34 35 55 75
16 17 18 19 20
16 21 22 23 24
16 25 26 27 28
16 29 30 31 32
16 33 34 93 96
16 33 34 93 97
16 35 54 73 92
16 52 69 86 95
16 53 71 89 94
17 21 25 29 33
17 22 26 30 34
17 23 27 31 96
17 24 28 32 97
17 35 72 90 94
17 36 55 74 92
17 53 70 87 95
17 53 72 89 93
18 21 26 31 97
18 22 25 32 96
18 23 28 29 34
18 24 27 30 33
18 32 69 87 93
18 35 71 88 95
18 36 54 91 94
18 37 56 75 92
19 21 27 32 34
19 22 28 31 33
19 22 40 58 93
19 23 25 30 97
19 24 26 29 96
19 36 72 89 95
19 37 55 73 94
19 38 57 76 92
20 21 28 30 96
20 22 27 29 97
20 23 26 32 33
20 24 25 31 34
20 37 54 90 95
20 38 56 74 93
20 38 56 74 94
20 39 58 77 92
21 38 55 91 95
21 39 57 75 94
21 40 59 78 92
22 39 56 73 95
22 40 58 76 94
22 41 60 79 92
23 40 57 74 95
23 41 59 77 94
23 42 61 80 92
23 59 75 77 93
24 41 42 78 93
24 41 58 75 95
24 42 60 78 94
24 43 62 81 92
25 42 59 76 95
25 43 60 61 93
25 43 61 79 94
25 44 63 82 92
26 43 60 77 95
26 44 62 80 93
26 44 62 80 94
26 45 64 83 92
27 44 61 78 95
27 45 63 81 94
27 45 79 81 93
27 46 65 84 92
28 45 62 79 95
28 46 64 82 94
28 47 66 85 92
28 63 64 82 93
29 46 63 80 95
29 46 65 83 93
29 47 65 83 94
29 48 67 86 92
30 31 67 85 93
30 47 64 81 95
30 48 66 84 94
30 49 68 87 92
31 48 65 82 95
31 49 67 85 94
31 50 69 88 92
32 49 66 83 95
32 50 68 86 94
32 51 70 89 92
33 50 67 84 95
33 51 69 87 94
33 52 71 90 92
34 51 68 85 95
34 52 70 88 94
34 53 72 91 92
35 36 37 38 39
35 36 71 91 93
35 40 41 42 43
35 44 45 46 47
35 48 49 50 51
35 52 53 96 97
36 40 44 48 52
36 41 45 49 53
36 42 46 50 96
36 43 47 51 97
37 40 45 50 97
37 41 44 51 96
37 42 47 48 53
37 43 46 49 52
37 55 73 93 95
38 40 46 51 53
38 41 47 50 52
38 42 44 49 97
38 43 45 48 96
39 40 47 49 96
39 41 46 48 97
39 42 45 51 52
39 43 44 50 53
48 66 76 84 93
49 50 68 86 93
51 52 70 88 93
54 55 56 57 58
54 59 60 61 62
54 63 64 65 66
54 67 68 69 70
54 71 72 96 97
55 59 63 67 71
55 60 64 68 72
55 61 65 69 96
55 62 66 70 97
56 59 64 69 97
56 60 63 70 96
56 61 66 67 72
56 62 65 68 71
57 59 65 70 72
57 60 66 69 71
57 61 63 68 97
57 62 64 67 96
58 59 66 68 96
58 60 65 67 97
58 61 64 70 71
58 62 63 69 72
73 74 75 76 77
73 78 79 80 81
73 82 83 84 85
73 86 87 88 89
73 90 91 96 97
74 78 82 86 90
74 79 83 87 91
74 80 84 88 96
74 81 85 89 97
75 78 83 88 97
75 79 82 89 96
75 80 85 86 91
75 81 84 87 90
76 78 84 89 91
76 79 85 88 90
76 80 82 87 97
76 81 83 86 96
77 78 85 87 96
77 79 84 86 97
77 80 83 89 90
77 81 82 88 91
