0 1 2 12 20
0 1 11 19 98
0 3 28 45 69
0 4 38 47 53
0 5 26 40 77
0 6 52 56 90
0 7 23 36 67
0 8 87 88 89
0 9 15 61 65
0 10 18 97 98
0 13 44 76 83
0 14 51 73 78
0 16 29 60 92
0 17 41 71 74
0 21 35 72 94
0 22 27 48 62
0 24 54 57 82
0 25 42 66 96
0 30 33 58 75
0 31 63 70 86
0 32 39 55 68
0 34 43 49 95
0 37 59 64 85
0 46 50 84 93
0 79 80 81 91
1 2 3 13 21
1 4 29 46 70
1 5 39 48 54
1 6 27 41 78
1 7 53 57 91
1 8 24 37 68
1 9 88 89 90
1 10 16 62 66
1 14 45 77 84
1 15 52 74 79
1 17 30 61 93
1 18 42 72 75
1 22 36 73 95
1 23 28 49 63
1 25 55 58 83
1 26 43 67 97
1 31 34 59 76
1 32 64 71 87
1 33 40 56 69
1 35 44 50 96
1 38 60 65 86
1 47 51 85 94
1 80 81 82 92
2 3 4 14 22
2 5 30 47 71
2 6 40 49 55
2 7 28 42 79
2 8 54 58 92
2 9 25 38 69
2 10 89 90 91
2 11 17 63 67
2 15 46 78 85
2 16 53 75 80
2 18 31 62 94
2 19 43 73 76
2 23 37 74 96
2 24 29 50 64
2 26 56 59 84
2 27 44 68 98
2 32 35 60 77
2 33 65 72 88
2 34 41 57 70
2 36 45 51 97
2 39 61 66 87
2 48 52 86 95
2 81 82 83 93
3 4 5 15 23
3 6 31 48 72
3 7 41 50 56
3 8 29 43 80
3 9 55 59 93
3 10 26 39 70
3 11 90 91 92
3 12 18 64 68
3 16 47 79 86
3 17 54 76 81
3 19 32 63 95
3 20 44 74 77
3 24 38 75 97
3 25 30 51 65
3 27 57 60 85
3 33 36 61 78
3 34 66 73 89
3 35 42 58 71
3 37 46 52 98
3 40 62 67 88
3 49 53 87 96
3 82 83 84 94
4 5 6 16 24
4 7 32 49 73
4 8 42 51 57
4 9 30 44 81
4 10 56 60 94
4 11 27 40 71
4 12 91 92 93
4 13 19 65 69
4 17 48 80 87
4 18 55 77 82
4 20 33 64 96
4 21 45 75 78
4 25 39 76 98
4 26 31 52 66
4 28 58 61 86
4 34 37 62 79
4 35 67 74 90
4 36 43 59 72
4 41 63 68 89
4 50 54 88 97
4 83 84 85 95
5 6 7 17 25
5 8 33 50 74
5 9 43 52 58
5 10 31 45 82
5 11 57 61 95
5 12 28 41 72
5 13 92 93 94
5 14 20 66 70
5 18 49 81 88
5 19 56 78 83
5 21 34 65 97
5 22 46 76 79
5 27 32 53 67
5 29 59 62 87
5 35 38 63 80
5 36 68 75 91
5 37 44 60 73
5 42 64 69 90
5 51 55 89 98
5 84 85 86 96
6 7 8 18 26
6 9 34 51 75
6 10 44 53 59
6 11 32 46 83
6 12 58 62 96
6 13 29 42 73
6 14 93 94 95
6 15 21 67 71
6 19 50 82 89
6 20 57 79 84
6 22 35 66 98
6 23 47 77 80
6 28 33 54 68
6 30 60 63 88
6 36 39 64 81
6 37 69 76 92
6 38 45 61 74
6 43 65 70 91
6 85 86 87 97
7 8 9 19 27
7 10 35 52 76
7 11 45 54 60
7 12 33 47 84
7 13 59 63 97
7 14 30 43 74
7 15 94 95 96
7 16 22 68 72
7 20 51 83 90
7 21 58 80 85
7 24 48 78 81
7 29 34 55 69
7 31 61 64 89
7 37 40 65 82
7 38 70 77 93
7 39 46 62 75
7 44 66 71 92
7 86 87 88 98
8 9 10 20 28
8 11 36 53 77
8 12 46 55 61
8 13 34 48 85
8 14 60 64 98
8 15 31 44 75
8 16 95 96 97
8 17 23 69 73
8 21 52 84 91
8 22 59 81 86
8 25 49 79 82
8 30 35 56 70
8 32 62 65 90
8 38 41 66 83
8 39 71 78 94
8 40 47 63 76
8 45 67 72 93
9 10 11 21 29
9 12 37 54 78
9 13 47 56 62
9 14 35 49 86
9 16 32 45 76
9 17 96 97 98
9 18 24 70 74
9 22 53 85 92
9 23 60 82 87
9 26 50 80 83
9 31 36 57 71
9 33 63 66 91
9 39 42 67 84
9 40 72 79 95
9 41 48 64 77
9 46 68 73 94
10 11 12 22 30
10 13 38 55 79
10 14 48 57 63
10 15 36 50 87
10 17 33 46 77
10 19 25 71 75
10 23 54 86 93
10 24 61 83 88
10 27 51 81 84
10 32 37 58 72
10 34 64 67 92
10 40 43 68 85
10 41 73 80 96
10 42 49 65 78
10 47 69 74 95
11 12 13 23 31
11 14 39 56 80
11 15 49 58 64
11 16 37 51 88
11 18 34 47 78
11 20 26 72 76
11 24 55 87 94
11 25 62 84 89
11 28 52 82 85
11 33 38 59 73
11 35 65 68 93
11 41 44 69 86
11 42 74 81 97
11 43 50 66 79
11 48 70 75 96
12 13 14 24 32
12 15 40 57 81
12 16 50 59 65
12 17 38 52 89
12 19 35 48 79
12 21 27 73 77
12 25 56 88 95
12 26 63 85 90
12 29 53 83 86
12 34 39 60 74
12 36 66 69 94
12 42 45 70 87
12 43 75 82 98
12 44 51 67 80
12 49 71 76 97
13 14 15 25 33
13 16 41 58 82
13 17 51 60 66
13 18 39 53 90
13 20 36 49 80
13 22 28 74 78
13 26 57 89 96
13 27 64 86 91
13 30 54 84 87
13 35 40 61 75
13 37 67 70 95
13 43 46 71 88
13 45 52 68 81
13 50 72 77 98
14 15 16 26 34
14 17 42 59 83
14 18 52 61 67
14 19 40 54 91
14 21 37 50 81
14 23 29 75 79
14 27 58 90 97
14 28 65 87 92
14 31 55 85 88
14 36 41 62 76
14 38 68 71 96
14 44 47 72 89
14 46 53 69 82
15 16 17 27 35
15 18 43 60 84
15 19 53 62 68
15 20 41 55 92
15 22 38 51 82
15 24 30 76 80
15 28 59 91 98
15 29 66 88 93
15 32 56 86 89
15 37 42 63 77
15 39 69 72 97
15 45 48 73 90
15 47 54 70 83
16 17 18 28 36
16 19 44 61 85
16 20 54 63 69
16 21 42 56 93
16 23 39 52 83
16 25 31 77 81
16 30 67 89 94
16 33 57 87 90
16 38 43 64 78
16 40 70 73 98
16 46 49 74 91
16 48 55 71 84
17 18 19 29 37
17 20 45 62 86
17 21 55 64 70
17 22 43 57 94
17 24 40 53 84
17 26 32 78 82
17 31 68 90 95
17 34 58 88 91
17 39 44 65 79
17 47 50 75 92
17 49 56 72 85
18 19 20 30 38
18 21 46 63 87
18 22 56 65 71
18 23 44 58 95
18 25 41 54 85
18 27 33 79 83
18 32 69 91 96
18 35 59 89 92
18 40 45 66 80
18 48 51 76 93
18 50 57 73 86
19 20 21 31 39
19 22 47 64 88
19 23 57 66 72
19 24 45 59 96
19 26 42 55 86
19 28 34 80 84
19 33 70 92 97
19 36 60 90 93
19 41 46 67 81
19 49 52 77 94
19 51 58 74 87
20 21 22 32 40
20 23 48 65 89
20 24 58 67 73
20 25 46 60 97
20 27 43 56 87
20 29 35 81 85
20 34 71 93 98
20 37 61 91 94
20 42 47 68 82
20 50 53 78 95
20 52 59 75 88
21 22 23 33 41
21 24 49 66 90
21 25 59 68 74
21 26 47 61 98
21 28 44 57 88
21 30 36 82 86
21 38 62 92 95
21 43 48 69 83
21 51 54 79 96
21 53 60 76 89
22 23 24 34 42
22 25 50 67 91
22 26 60 69 75
22 29 45 58 89
22 31 37 83 87
22 39 63 93 96
22 44 49 70 84
22 52 55 80 97
22 54 61 77 90
23 24 25 35 43
23 26 51 68 92
23 27 61 70 76
23 30 46 59 90
23 32 38 84 88
23 40 64 94 97
23 45 50 71 85
23 53 56 81 98
23 55 62 78 91
24 25 26 36 44
24 27 52 69 93
24 28 62 71 77
24 31 47 60 91
24 33 39 85 89
24 41 65 95 98
24 46 51 72 86
24 56 63 79 92
25 26 27 37 45
25 28 53 70 94
25 29 63 72 78
25 32 48 61 92
25 34 40 86 90
25 47 52 73 87
25 57 64 80 93
26 27 28 38 46
26 29 54 71 95
26 30 64 73 79
26 33 49 62 93
26 35 41 87 91
26 48 53 74 88
26 58 65 81 94
27 28 29 39 47
27 30 55 72 96
27 31 65 74 80
27 34 50 63 94
27 36 42 88 92
27 49 54 75 89
27 59 66 82 95
28 29 30 40 48
28 31 56 73 97
28 32 66 75 81
28 35 51 64 95
28 37 43 89 93
28 50 55 76 90
28 60 67 83 96
29 30 31 41 49
29 32 57 74 98
29 33 67 76 82
29 36 52 65 96
29 38 44 90 94
29 51 56 77 91
29 61 68 84 97
30 31 32 42 50
30 34 68 77 83
30 37 53 66 97
30 39 45 91 95
30 52 57 78 92
30 62 69 85 98
31 32 33 43 51
31 35 69 78 84
31 38 54 67 98
31 40 46 92 96
31 53 58 79 93
32 33 34 44 52
32 36 70 79 85
32 41 47 93 97
32 54 59 80 94
33 34 35 45 53
33 37 71 80 86
33 42 48 94 98
33 55 60 81 95
34 35 36 46 54
34 38 72 81 87
34 56 61 82 96
35 36 37 47 55
35 39 73 82 88
35 57 62 83 97
36 37 38 48 56
36 40 74 83 89
36 58 63 84 98
37 38 39 49 57
37 41 75 84 90
38 39 40 50 58
38 42 76 85 91
39 40 41 51 59
39 43 77 86 92
40 41 42 52 60
40 44 78 87 93
41 42 43 53 61
41 45 79 88 94
42 43 44 54 62
42 46 80 89 95
43 44 45 55 63
43 47 81 90 96
44 45 46 56 64
44 48 82 91 97
45 46 47 57 65
45 49 83 92 98
46 47 48 58 66
47 48 49 59 67
48 49 50 60 68
49 50 51 61 69
50 51 52 62 70
51 52 53 63 71
52 53 54 64 72
53 54 55 65 73
54 55 56 66 74
55 56 57 67 75
56 57 58 68 76
57 58 59 69 77
58 59 60 70 78
59 60 61 71 79
60 61 62 72 80
61 62 63 73 81
62 63 64 74 82
63 64 65 75 83
64 65 66 76 84
65 66 67 77 85
66 67 68 78 86
67 68 69 79 87
68 69 70 80 88
69 70 71 81 89
70 71 72 82 90
71 72 73 83 91
72 73 74 84 92
73 74 75 85 93
74 75 76 86 94
75 76 77 87 95
76 77 78 88 96
77 78 79 89 97
78 79 80 90 98
