# # E_gamma (MeV)  Final State Radiation (MeV^-1 s^-1)
5.145440e-01 1.750813e-266
5.413360e-01 3.647882e-281
5.695230e-01 3.080824e-281
5.991770e-01 1.098243e-296
6.303750e-01 9.253890e-297
6.631980e-01 0.000000e+00
6.977300e-01 0.000000e+00
7.340600e-01 0.000000e+00
7.722810e-01 0.000000e+00
8.124930e-01 0.000000e+00
8.547980e-01 0.000000e+00
8.993070e-01 0.000000e+00
9.461320e-01 0.000000e+00
9.953960e-01 0.000000e+00
1.047230e+00 0.000000e+00
1.101750e+00 0.000000e+00
1.159120e+00 0.000000e+00
