# # E_gamma (MeV)  Final State Radiation (MeV^-1 s^-1)
5.145440e-01 1.400751e-03
5.413360e-01 5.448603e-05
5.695230e-01 4.730828e-05
5.991770e-01 3.765967e-05
6.303750e-01 3.175817e-05
6.631980e-01 5.018336e-07
6.977300e-01 4.328730e-07
7.340600e-01 3.105626e-07
7.722810e-01 3.883445e-08
8.124930e-01 3.291258e-08
8.547980e-01 2.532797e-09
8.993070e-01 2.128787e-09
9.461320e-01 2.222379e-10
9.953960e-01 1.346803e-11
1.047230e+00 1.128150e-11
1.101750e+00 4.092138e-14
1.159120e+00 1.410010e-14
1.219470e+00 1.179530e-14
1.282970e+00 9.878655e-16
1.349770e+00 1.331673e-18
1.420050e+00 6.172890e-19
1.493990e+00 5.153899e-19
1.571780e+00 2.304336e-21
1.653620e+00 8.233545e-24
1.739730e+00 4.892228e-25
1.830310e+00 4.067031e-25
1.925610e+00 2.111927e-26
2.025880e+00 1.604024e-28
2.131360e+00 1.889042e-31
2.242340e+00 1.564878e-34
2.359100e+00 1.289733e-34
2.481930e+00 9.020683e-37
2.611160e+00 6.588605e-37
2.747120e+00 1.542744e-39
2.890160e+00 3.052530e-45
3.040650e+00 2.799662e-46
3.198970e+00 2.276502e-46
3.365530e+00 2.029562e-48
3.540770e+00 1.194307e-52
3.725140e+00 6.003698e-58
3.919100e+00 2.714548e-58
4.123160e+00 5.006950e-62
4.337850e+00 3.700795e-70
4.563720e+00 1.791766e-70
4.801340e+00 1.420221e-70
5.051340e+00 4.013777e-75
5.314360e+00 3.409181e-79
5.591070e+00 1.769847e-83
5.882190e+00 1.621057e-93
6.188470e+00 4.272067e-94
6.510690e+00 5.101092e-105
6.849700e+00 1.765595e-111
7.206350e+00 1.830749e-117
7.581580e+00 3.805642e-124
7.976340e+00 1.597195e-124
8.391660e+00 6.916277e-132
8.828600e+00 6.357475e-138
9.288290e+00 9.470368e-146
9.771920e+00 1.578337e-154
1.028070e+01 1.202328e-154
1.081600e+01 2.790670e-163
1.137920e+01 1.089377e-181
1.197170e+01 1.427467e-191
1.259510e+01 6.455718e-192
1.325090e+01 3.880584e-203
1.394080e+01 1.796767e-225
1.466670e+01 9.341041e-226
1.543040e+01 2.184729e-252
1.623380e+01 3.594405e-265
1.707910e+01 1.846398e-279
1.796840e+01 2.771040e-294
1.890400e+01 1.475401e-294
1.988830e+01 5.705324e-311
2.092380e+01 0.000000e+00
