# # E_gamma (MeV)  Final State Radiation (MeV^-1 s^-1)
5.145440e-01 1.410762e-104
5.413360e-01 8.430710e-111
5.695230e-01 7.120167e-111
5.991770e-01 1.936674e-117
6.303750e-01 1.631857e-117
6.631980e-01 1.836967e-124
6.977300e-01 1.540721e-124
7.340600e-01 7.146066e-132
7.722810e-01 1.598359e-139
8.124930e-01 1.351186e-139
8.547980e-01 1.142526e-147
8.993070e-01 9.566340e-148
9.461320e-01 2.595592e-156
9.953960e-01 3.146148e-165
1.047230e+00 2.634962e-165
1.101750e+00 8.913315e-175
1.159120e+00 9.735518e-185
1.219470e+00 8.119164e-185
1.282970e+00 3.109008e-195
1.349770e+00 3.175797e-206
1.420050e+00 8.228348e-218
1.493990e+00 6.868927e-218
1.571780e+00 4.356092e-230
1.653620e+00 5.949171e-243
1.739730e+00 1.742499e-256
1.830310e+00 1.445494e-256
1.925610e+00 1.037434e-270
2.025880e+00 9.918925e-286
2.131360e+00 2.052545e-301
2.242340e+00 0.000000e+00
2.359100e+00 0.000000e+00
2.481930e+00 0.000000e+00
2.611160e+00 0.000000e+00
2.747120e+00 0.000000e+00
