# # E_gamma (MeV)  Final State Radiation (MeV^-1 s^-1)
5.145440e-01 2.302509e-108
5.413360e-01 8.911556e-109
5.695230e-01 7.526266e-109
5.991770e-01 1.649813e-121
6.303750e-01 1.427597e-121
6.631980e-01 1.101731e-121
6.977300e-01 9.240559e-122
7.340600e-01 3.569181e-136
7.722810e-01 2.861702e-136
8.124930e-01 2.419164e-136
8.547980e-01 6.986039e-144
8.993070e-01 5.849390e-144
9.461320e-01 5.100923e-152
9.953960e-01 1.391199e-160
1.047230e+00 1.165157e-160
1.101750e+00 1.589838e-169
1.159120e+00 6.106847e-189
1.219470e+00 5.153857e-189
1.282970e+00 1.664419e-189
1.349770e+00 1.279382e-199
1.420050e+00 4.195151e-222
1.493990e+00 3.566274e-222
1.571780e+00 1.756534e-222
1.653620e+00 1.094499e-248
1.739730e+00 6.407263e-261
1.830310e+00 5.330189e-261
1.925610e+00 3.677612e-262
2.025880e+00 9.498516e-276
2.131360e+00 6.158583e-291
2.242340e+00 0.000000e+00
2.359100e+00 0.000000e+00
2.481930e+00 0.000000e+00
2.611160e+00 0.000000e+00
2.747120e+00 0.000000e+00
