# E_gamma(MeV)   IFA_secondary_masked(MeV^-1 s^-1)
5.145440e-01 1.809480e-51
5.413360e-01 1.842314e-51
5.695230e-01 1.849425e-51
5.991770e-01 5.774880e-52
6.303750e-01 1.203726e-52
6.631980e-01 0.000000e+00
6.977300e-01 0.000000e+00
7.340600e-01 0.000000e+00
7.722810e-01 0.000000e+00
8.124930e-01 0.000000e+00
8.547980e-01 0.000000e+00
8.993070e-01 0.000000e+00
9.461320e-01 0.000000e+00
9.953960e-01 0.000000e+00
1.047230e+00 0.000000e+00
1.101750e+00 0.000000e+00
1.159120e+00 0.000000e+00
1.219470e+00 0.000000e+00
1.282970e+00 0.000000e+00
1.349770e+00 0.000000e+00
1.420050e+00 0.000000e+00
1.493990e+00 0.000000e+00
1.571780e+00 0.000000e+00
1.653620e+00 0.000000e+00
1.739730e+00 0.000000e+00
1.830310e+00 0.000000e+00
1.925610e+00 0.000000e+00
2.025880e+00 0.000000e+00
2.131360e+00 0.000000e+00
2.242340e+00 0.000000e+00
2.359100e+00 0.000000e+00
2.481930e+00 0.000000e+00
2.611160e+00 0.000000e+00
2.747120e+00 0.000000e+00
