# E_gamma(MeV)   IFA_primary_masked(MeV^-1 s^-1)
5.145440e-01 3.999101e+06
5.413360e-01 1.418104e+10
5.695230e-01 9.465961e+11
5.991770e-01 1.052969e+13
6.303750e-01 5.408897e+13
6.631980e-01 1.582785e+14
6.977300e-01 3.406918e+14
7.340600e-01 5.920014e+14
7.722810e-01 8.757787e+14
8.124930e-01 1.127310e+15
8.547980e-01 1.287484e+15
8.993070e-01 1.326296e+15
9.461320e-01 1.249409e+15
9.953960e-01 1.089161e+15
1.047230e+00 8.844122e+14
1.101750e+00 6.886109e+14
1.159120e+00 5.168404e+14
1.219470e+00 3.710437e+14
1.282970e+00 2.566186e+14
1.349770e+00 1.792635e+14
1.420050e+00 1.179368e+14
1.493990e+00 7.285101e+13
1.571780e+00 4.609129e+13
1.653620e+00 2.869460e+13
1.739730e+00 1.655689e+13
1.830310e+00 9.717841e+12
1.925610e+00 5.548994e+12
2.025880e+00 2.850069e+12
2.131360e+00 1.608475e+12
2.242340e+00 7.790118e+11
2.359100e+00 3.933040e+11
2.481930e+00 1.829373e+11
2.611160e+00 8.424338e+10
2.747120e+00 3.596458e+10
2.890160e+00 1.661364e+10
3.040650e+00 6.415031e+09
3.198970e+00 2.391536e+09
3.365530e+00 8.928338e+08
3.540770e+00 3.172520e+08
3.725140e+00 1.049756e+08
3.919100e+00 3.288432e+07
4.123160e+00 9.516462e+06
4.337850e+00 2.731294e+06
4.563720e+00 7.429757e+05
4.801340e+00 1.824299e+05
5.051340e+00 4.237008e+04
5.314360e+00 9.305164e+03
5.591070e+00 1.727232e+03
5.882190e+00 2.857471e+02
6.188470e+00 4.654966e+01
6.510690e+00 7.575043e+00
6.849700e+00 1.017688e+00
7.206350e+00 1.759800e-01
7.581580e+00 2.429118e-02
7.976340e+00 7.749516e-03
8.391660e+00 1.800636e-03
8.828600e+00 7.384599e-04
9.288290e+00 1.746893e-04
9.771920e+00 0.000000e+00
1.028070e+01 0.000000e+00
1.081600e+01 0.000000e+00
1.137920e+01 0.000000e+00
1.197170e+01 0.000000e+00
1.259510e+01 0.000000e+00
1.325090e+01 0.000000e+00
1.394080e+01 0.000000e+00
1.466670e+01 0.000000e+00
1.543040e+01 0.000000e+00
1.623380e+01 0.000000e+00
1.707910e+01 0.000000e+00
1.796840e+01 0.000000e+00
1.890400e+01 0.000000e+00
1.988830e+01 0.000000e+00
2.092380e+01 0.000000e+00
2.201330e+01 0.000000e+00
2.315950e+01 0.000000e+00
2.436540e+01 0.000000e+00
2.563410e+01 0.000000e+00
2.696880e+01 0.000000e+00
2.837300e+01 0.000000e+00
2.985040e+01 0.000000e+00
3.140470e+01 0.000000e+00
3.303990e+01 0.000000e+00
3.476020e+01 0.000000e+00
3.657010e+01 0.000000e+00
3.847430e+01 0.000000e+00
4.047760e+01 0.000000e+00
4.258520e+01 0.000000e+00
4.480250e+01 0.000000e+00
4.713530e+01 0.000000e+00
4.958960e+01 0.000000e+00
5.217170e+01 0.000000e+00
5.488820e+01 0.000000e+00
5.774620e+01 0.000000e+00
6.075290e+01 0.000000e+00
6.391620e+01 0.000000e+00
6.724430e+01 0.000000e+00
7.074560e+01 0.000000e+00
7.442920e+01 0.000000e+00
7.830470e+01 0.000000e+00
8.238190e+01 0.000000e+00
8.667140e+01 0.000000e+00
9.118430e+01 0.000000e+00
9.593210e+01 0.000000e+00
1.009270e+02 0.000000e+00
1.061820e+02 0.000000e+00
1.117110e+02 0.000000e+00
1.175280e+02 0.000000e+00
