 1.0000E-01   1.044997461407075D+03   1.289503335763588D+03   9.927203052218764D+02   2.967830305417124D+02
 1.0500E-01   9.190643475439704D+02   1.173144373168147D+03   8.632539034479003D+02   3.098904697202472D+02
 1.2500E-01   5.940809657065720D+02   8.348809609088707D+02   5.354065025799592D+02   2.994744583289117D+02
 1.4000E-01   4.488844354980140D+02   6.688210650039407D+02   3.894089078779422D+02   2.794121571259982D+02
 1.5500E-01   3.123974121958786D+02   5.063818368781347D+02   2.506144619422080D+02   2.557673749359267D+02
 1.7500E-01   2.927108179019224D+02   4.427842675900125D+02   2.413955254122262D+02   2.013887421777864D+02
 2.0000E-01   2.903366979301111D+02   4.143302984535243D+02   2.449557370778759D+02   1.693745613756481D+02
 2.2000E-01   2.740164658285842D+02   3.845589067346655D+02   2.306951415971824D+02   1.538637651374829D+02
 2.5000E-01   2.379332089960696D+02   3.334650337349225D+02   1.961505693757249D+02   1.373144643591975D+02
 3.0000E-01   1.911305613793640D+02   2.672270328596042D+02   1.528283367069051D+02   1.143986961526991D+02
 3.1750E-01   1.794192138863417D+02   2.501484592300814D+02   1.422515522356281D+02   1.078969069944531D+02
 3.5000E-01   1.545787802592799D+02   2.170160954558401D+02   1.188042410126383D+02   9.821185444320176D+01
 4.0000E-01   1.299575541153299D+02   1.815857521746133D+02   9.787422720063401D+01   8.371152497397924D+01
 4.5000E-01   1.117419819424188D+02   1.551851541291914D+02   8.321528392962021D+01   7.196987019957123D+01
 5.3000E-01   9.327866624690076D+01   1.264389006193615D+02   6.925196097839971D+01   5.718693964096185D+01
 5.7000E-01   8.685298095182759D+01   1.165376214396577D+02   6.441827498509944D+01   5.211934645455820D+01
 6.5000E-01   7.786137628499634D+01   1.026350074949341D+02   5.829750413621289D+01   4.433750335872124D+01
 7.3000E-01   7.280283074913442D+01   9.403564083875119D+01   5.557573361551286D+01   3.845990722323833D+01
 8.5000E-01   6.563645402216824D+01   8.326139044597117D+01   5.080392005945512D+01   3.245747038651609D+01
 1.0000E+00   5.506769276205841D+01   6.971211592852134D+01   4.222071113311019D+01   2.749140479541116D+01
 1.1500E+00   4.705445198709428D+01   5.961480089216619D+01   3.615158618202385D+01   2.346321471014234D+01
 1.3000E+00   4.147386075178843D+01   5.219653023345997D+01   3.266559942435384D+01   1.953093080910609D+01
 1.3500E+00   4.044809787062847D+01   5.057725307024084D+01   3.228257425592705D+01   1.829467881431380D+01
 1.4000E+00   3.931544822289187D+01   4.891605607582732D+01   3.169597932938985D+01   1.722007674643747D+01
 1.5300E+00   3.751341987767857D+01   4.603569237780289D+01   3.103682607551973D+01   1.499886630228318D+01
 1.6500E+00   3.571262623158400D+01   4.357360527668474D+01   2.988071148015548D+01   1.369289379652925D+01
 1.8000E+00   3.169693246907904D+01   3.891713082579427D+01   2.625390259601136D+01   1.266322822978290D+01
 1.9000E+00   2.827797463184296D+01   3.512100536365409D+01   2.280358258706106D+01   1.231742277659302D+01
 2.0000E+00   2.548623662501892D+01   3.204118505232655D+01   1.971052611724393D+01   1.233065893508261D+01
 2.1500E+00   2.259869058019252D+01   2.890824389822178D+01   1.612264442149958D+01   1.278559947672220D+01
 2.2700E+00   1.945626582812967D+01   2.578058174694991D+01   1.103744246839587D+01   1.474313927855404D+01
 2.3500E+00   1.994364110131811D+01   2.656727684783148D+01   1.090490368574001D+01   1.566237316209146D+01
 2.5000E+00   1.971665033715861D+01   2.651519527676248D+01   9.270270357719872D+00   1.724492491904262D+01
 2.7500E+00   2.041602907640295D+01   2.751597458797855D+01   8.931458448201958D+00   1.858451613977659D+01
 2.9000E+00   2.114178415969635D+01   2.847459271341649D+01   9.240904272460446D+00   1.923368844095605D+01
 3.1000E+00   2.176995856395970D+01   2.962231648956151D+01   8.996277791023834D+00   2.062603869853767D+01
 3.3500E+00   2.273247786010482D+01   3.096853399813769D+01   1.029138889953486D+01   2.067714509860284D+01
 3.5000E+00   2.178763449806984D+01   3.059491367094873D+01   7.098985128101447D+00   2.349592854284726D+01
 3.7500E+00   2.050036078409014D+01   2.970481223900783D+01   5.704376213035989D+00   2.400043602597182D+01
 4.0000E+00   1.936711709009008D+01   2.835653862272038D+01   5.068428286723730D+00   2.328811033599665D+01
 4.5200E+00   1.682562209828753D+01   2.489335011182965D+01   4.218164447106581D+00   2.067518566472306D+01
 4.8000E+00   1.555629496894856D+01   2.301081354664322D+01   4.077326765637385D+00   1.893348678100583D+01
 5.0000E+00   1.478235597481625D+01   2.180145712301845D+01   4.102829250586864D+00   1.769862787243159D+01
 5.3000E+00   1.349835955075956D+01   1.982705650219610D+01   4.012400089445733D+00   1.581465641275037D+01
 5.6000E+00   1.277530426817855D+01   1.828389935719161D+01   4.773421989222628D+00   1.351047736796898D+01
 5.9000E+00   1.263632936203316D+01   1.739375153820104D+01   5.821459098950127D+00   1.157229243925091D+01
 6.7500E+00   1.025815350447933D+01   1.384516117866205D+01   4.741135806328374D+00   9.104025372333679D+00
 7.5500E+00   7.866444265623644D+00   1.060022790150551D+01   3.477379338806753D+00   7.122848562698755D+00
 8.2500E+00   7.052147015652029D+00   9.075292237762035D+00   3.816640417932735D+00   5.258651819829302D+00
 8.7000E+00   7.217936612812590D+00   8.848295559995984D+00   4.612068147758691D+00   4.236227412237294D+00
 9.0000E+00   7.737645484331138D+00   9.075548516438666D+00   5.602770336844471D+00   3.472778179594195D+00
 9.3000E+00   1.057566094712507D+01   1.162189930728946D+01   8.776875396960502D+00   2.845023910328956D+00
 9.7500E+00   1.173878507268840D+01   1.267821796327122D+01   9.956287952896172D+00   2.721930010375040D+00
 1.0000E+01   1.185421639401140D+01   1.274398616312788D+01   1.010014458637477D+01   2.643841576753106D+00
 1.0500E+01   1.128815228571332D+01   1.211691155306066D+01   9.567723646268322D+00   2.549187906792339D+00
 1.1000E+01   1.009544830212135D+01   1.088107105526823D+01   8.433845558536321D+00   2.447225496731911D+00
 1.1400E+01   8.937119301853292D+00   9.697545253035377D+00   7.330862963548791D+00   2.366682289486588D+00
 1.2000E+01   6.942728930396180D+00   7.670636021364651D+00   5.453622119577947D+00   2.217013901786705D+00
 1.2700E+01   5.869930324109083D+00   6.491466321377994D+00   4.624170023797022D+00   1.867296297580967D+00
 1.3500E+01   6.362310522824702D+00   6.835201151417292D+00   5.365822802406022D+00   1.469378349011273D+00
 1.5000E+01   6.720787260535941D+00   7.039732750825559D+00   5.971473803709381D+00   1.068258947116184D+00
 1.6500E+01   7.575637554485592D+00   7.799415631244313D+00   6.944307807244520D+00   8.551078239997927D-01
 1.8000E+01   6.787346778810480D+00   6.969523994897023D+00   6.229152519274780D+00   7.403714756222437D-01
 1.9000E+01   6.236253624650184D+00   6.395507733364355D+00   5.727666979489063D+00   6.678407538752925D-01
 2.0000E+01   5.570295991232232D+00   5.711563851252578D+00   5.112457392253092D+00   5.991064589994834D-01
 2.1000E+01   5.135905804941938D+00   5.258668552916212D+00   4.728289513745045D+00   5.303790391711707D-01
 2.3000E+01   4.569473957945339D+00   4.660848038536622D+00   4.246135220959043D+00   4.147128175775774D-01
 2.5000E+01   4.362318024966389D+00   4.428664304339608D+00   4.101974669083801D+00   3.266896352558089D-01
 2.6500E+01   4.132059887633820D+00   4.186010855756342D+00   3.904479400085812D+00   2.815314556705322D-01
 2.7500E+01   3.903787308465597D+00   3.951448905693577D+00   3.696897279635343D+00   2.545516260582341D-01
 2.9500E+01   3.472982279223960D+00   3.510697861392909D+00   3.300368116976344D+00   2.103297444165670D-01
 3.1500E+01   2.950862908376441D+00   2.980927543063710D+00   2.814725005201880D+00   1.662025378618291D-01
 3.3100E+01   2.980479441738161D+00   3.003778992325705D+00   2.862236815131072D+00   1.415421771946312D-01
 3.4500E+01   2.524220841647717D+00   2.545700271302024D+00   2.420104055697615D+00   1.255962156044091D-01
 3.6000E+01   2.101418978099856D+00   2.119717750731458D+00   2.016176571255167D+00   1.035411794762898D-01
 3.7000E+01   2.170540772894408D+00   2.184459269971455D+00   2.097212900834295D+00   8.724636913715988D-02
 3.8500E+01   2.502098991820001D+00   2.513356105952291D+00   2.432236673802886D+00   8.111943214940648D-02
 4.0000E+01   1.845826896186268D+00   1.857154930324110D+00   1.785553472498233D+00   7.160145782587603D-02
 4.2000E+01   1.587182937628966D+00   1.595177848459711D+00   1.540041254875039D+00   5.513659358467107D-02
 4.3350E+01   1.653075468712601D+00   1.659574072582073D+00   1.610835171997783D+00   4.873890058429046D-02
 4.5540E+01   1.362079107616982D+00   1.367302192060018D+00   1.327105960594490D+00   4.019623146552706D-02
 5.0000E+01   1.090067696727617D+00   1.092887828215598D+00   1.066391515178422D+00   2.649631303717649D-02
 6.0000E+01   6.721667297604861D-01   6.730557300063004D-01   6.608728420101583D-01   1.218288799614179D-02
 7.0000E+01   4.925591602234569D-01   4.928818778040507D-01   4.865805419106621D-01   6.301335893388373D-03
 8.5000E+01   3.474167064222748D-01   3.475115955383035D-01   3.447005216796253D-01   2.811073858678141D-03
 1.0000E+02   2.741181734772510D-01   2.741525986298289D-01   2.727132513475978D-01   1.439347282230842D-03
 1.0600E+02   2.546708804674324D-01   2.546949263287563D-01   2.535602023788493D-01   1.134723949907181D-03
 1.1000E+02   2.430521867606786D-01   2.430713446762891D-01   2.420954497013662D-01   9.758949749225581D-04
 1.1500E+02   2.304467191152230D-01   2.304613067287152D-01   2.296468316082558D-01   8.144751204594732D-04
 1.2000E+02   2.199839654581006D-01   2.199952131085761D-01   2.193098825056193D-01   6.853306029567792D-04
 1.2700E+02   2.069377348848478D-01   2.069457036163202D-01   2.064007650681938D-01   5.449385481263254D-04
 1.3300E+02   1.964746715088318D-01   1.964806928288529D-01   1.960284601607346D-01   4.522326681183246D-04
 1.4100E+02   1.848907003635716D-01   1.848949227380154D-01   1.845377481711115D-01   3.571745669039727D-04
 1.4500E+02   1.802176569920692D-01   1.802212200939172D-01   1.799021650258990D-01   3.190550680182082D-04
 1.5000E+02   1.750875158427481D-01   1.750904178874514D-01   1.748120780103085D-01   2.783398771427867D-04
 1.5500E+02   1.705498259097573D-01   1.705522063353277D-01   1.703082525050231D-01   2.439538303045765D-04
 2.0000E+02   1.411741778451358D-01   1.411746953191905D-01   1.410866103712199D-01   8.808494797061778D-05
 2.5000E+02   1.190629696977935D-01   1.190631069668617D-01   1.190268530442798D-01   3.625392258192638D-05
 3.5000E+02   9.839394819922045D-02   9.839396702380122D-02   9.838438753698450D-02   9.579486816699156D-06
 4.5000E+02   8.276664999181824D-02   8.276665435100242D-02   8.276308132929835D-02   3.573021704089423D-06
 5.0000E+02   7.619094441136015D-02   7.619094677545893D-02   7.618858322351349D-02   2.363551945412765D-06
 6.0000E+02   6.572058329067104D-02   6.572058411295889D-02   6.571942713246423D-02   1.156980494644968D-06
 8.0000E+02   5.060603439180763D-02   5.060603454830252D-02   5.060565933273531D-02   3.752155672389254D-07
 1.0000E+03   4.040941425166918D-02   4.040941429499117D-02   4.040925773119413D-02   1.565637970600637D-07
 1.3000E+03   3.047698109982716D-02   3.047698110941729D-02   3.047692512521282D-02   5.598420446590571D-08
 1.5000E+03   2.587259927092550D-02   2.587259927515229D-02   2.587256731665895D-02   3.195849334898255D-08
 2.0000E+03   1.712241536995945D-02   1.712241537077834D-02   1.712240502974552D-02   1.034103282393586D-08
 2.6000E+03   1.032099960139455D-02   1.032099960157588D-02   1.032099592602665D-02   3.675549227894426D-09
 3.0000E+03   7.463085637693028D-03   7.463085637771188D-03   7.463083557389967D-03   2.080381218371105D-09
 5.7000E+03   1.133784327749416D-03   1.133784327751022D-03   1.133784168405691D-03   1.593453300839259D-10
 9.6000E+03   2.460451580636696D-04   2.460451580637180D-04   2.460451383876163D-04   1.967610174697694D-11
 3.0000E+04   1.438195462091629D-05   1.438195462091629D-05   1.438195441639131D-05   2.045249804589953D-13
 1.0000E+05   2.129331212526115D-06   2.129331212526115D-06   2.129331210870488D-06   1.655627480765995D-15
