# # E_gamma (MeV)  Final State Radiation (MeV^-1 s^-1)
5.145440e-01 3.087786e+10
5.413360e-01 2.535712e+10
5.695230e-01 2.265470e+10
5.991770e-01 1.782412e+10
6.303750e-01 1.585837e+10
6.631980e-01 1.170154e+10
6.977300e-01 1.040756e+10
7.340600e-01 8.027863e+09
7.722810e-01 6.432279e+09
8.124930e-01 5.691518e+09
8.547980e-01 4.205213e+09
8.993070e-01 3.693854e+09
9.461320e-01 2.653147e+09
9.953960e-01 1.882446e+09
1.047230e+00 1.639312e+09
1.101750e+00 1.012299e+09
1.159120e+00 6.521458e+08
1.219470e+00 5.673717e+08
1.282970e+00 4.181921e+08
1.349770e+00 2.031839e+08
1.420050e+00 1.324832e+08
1.493990e+00 1.132156e+08
1.571780e+00 4.965725e+07
1.653620e+00 2.116560e+07
1.739730e+00 9.039897e+06
1.830310e+00 7.897651e+06
1.925610e+00 6.002156e+06
2.025880e+00 3.398982e+06
2.131360e+00 1.996689e+06
2.242340e+00 1.637685e+06
2.359100e+00 1.401951e+06
2.481930e+00 7.489479e+05
2.611160e+00 5.377888e+05
2.747120e+00 1.574992e+05
2.890160e+00 2.479868e+04
3.040650e+00 9.759168e+03
3.198970e+00 8.319670e+03
3.365530e+00 5.926261e+03
3.540770e+00 8.495279e+02
3.725140e+00 6.113435e+02
3.919100e+00 2.833496e+02
4.123160e+00 5.639672e+01
4.337850e+00 9.332230e+00
4.563720e+00 1.473031e+00
4.801340e+00 1.189815e+00
5.051340e+00 2.257651e-01
5.314360e+00 7.470375e-02
5.591070e+00 4.894925e-02
5.882190e+00 1.908134e-03
6.188470e+00 5.361022e-04
6.510690e+00 3.763627e-05
6.849700e+00 3.017879e-06
7.206350e+00 2.939419e-07
7.581580e+00 9.372491e-08
7.976340e+00 2.446144e-08
8.391660e+00 2.496068e-09
8.828600e+00 1.425646e-09
9.288290e+00 1.319788e-10
9.771920e+00 2.196068e-12
1.028070e+01 1.684336e-12
1.081600e+01 8.462333e-14
1.137920e+01 3.280040e-16
1.197170e+01 1.589480e-17
1.259510e+01 7.287918e-18
1.325090e+01 5.972175e-20
1.394080e+01 1.010223e-22
1.466670e+01 5.393758e-23
1.543040e+01 2.213488e-27
1.623380e+01 2.304852e-29
1.707910e+01 4.693102e-31
1.796840e+01 6.539022e-33
1.890400e+01 3.566139e-33
1.988830e+01 3.822066e-36
2.092380e+01 1.724100e-38
2.201330e+01 2.094152e-43
2.315950e+01 1.362926e-46
2.436540e+01 2.402635e-47
2.563410e+01 1.187671e-49
2.696880e+01 1.145471e-56
2.837300e+01 6.433105e-60
2.985040e+01 1.194051e-63
3.140470e+01 5.639565e-68
3.303990e+01 2.165788e-68
3.476020e+01 1.584781e-76
3.657010e+01 3.554373e-81
3.847430e+01 1.011148e-85
4.047760e+01 5.743764e-86
4.258520e+01 4.814559e-91
4.480250e+01 7.764168e-97
4.713530e+01 1.061641e-108
4.958960e+01 9.814041e-115
5.217170e+01 6.148921e-121
5.488820e+01 1.494036e-121
5.774620e+01 3.629065e-128
6.075290e+01 1.538569e-143
6.391620e+01 1.893504e-151
6.724430e+01 1.287263e-151
7.074560e+01 8.062079e-169
7.442920e+01 1.227811e-178
7.830470e+01 8.308265e-189
8.238190e+01 8.431433e-199
8.667140e+01 6.399613e-204
9.118430e+01 2.627336e-209
9.593210e+01 1.268619e-220
1.009270e+02 1.789027e-233
1.061820e+02 5.994103e-259
1.117110e+02 2.452678e-259
1.175280e+02 2.726841e-273
1.236470e+02 4.707905e-304
1.300850e+02 0.000000e+00
