# E_gamma(MeV)   IFA_secondary_masked(MeV^-1 s^-1)
5.145440e-01 1.113381e+04
5.413360e-01 1.762118e+06
5.695230e-01 2.022979e+07
5.991770e-01 2.389718e+08
6.303750e-01 1.062867e+09
6.631980e-01 3.580718e+09
6.977300e-01 7.566693e+09
7.340600e-01 1.350942e+10
7.722810e-01 2.011039e+10
8.124930e-01 2.613053e+10
8.547980e-01 2.985206e+10
8.993070e-01 3.103270e+10
9.461320e-01 2.894503e+10
9.953960e-01 2.527523e+10
1.047230e+00 2.077108e+10
1.101750e+00 1.600121e+10
1.159120e+00 1.170047e+10
1.219470e+00 8.487075e+09
1.282970e+00 5.783242e+09
1.349770e+00 3.687571e+09
1.420050e+00 2.400021e+09
1.493990e+00 1.650900e+09
1.571780e+00 1.048515e+09
1.653620e+00 6.423523e+08
1.739730e+00 4.198581e+08
1.830310e+00 2.479511e+08
1.925610e+00 1.363271e+08
2.025880e+00 8.235208e+07
2.131360e+00 4.535167e+07
2.242340e+00 2.566932e+07
2.359100e+00 1.689779e+07
2.481930e+00 1.063492e+07
2.611160e+00 7.115607e+06
2.747120e+00 4.283663e+06
2.890160e+00 2.260559e+06
3.040650e+00 9.824775e+05
3.198970e+00 3.756383e+05
3.365530e+00 1.178975e+05
3.540770e+00 3.517010e+04
3.725140e+00 1.586025e+04
3.919100e+00 6.603906e+03
4.123160e+00 2.107736e+03
4.337850e+00 8.952908e+02
4.563720e+00 3.124954e+02
4.801340e+00 6.767956e+01
5.051340e+00 1.455592e+01
5.314360e+00 2.629952e+00
5.591070e+00 7.562087e-01
5.882190e+00 1.892765e-01
6.188470e+00 6.898358e-02
6.510690e+00 6.357703e-03
6.849700e+00 2.278017e-03
7.206350e+00 4.149821e-04
7.581580e+00 1.446744e-04
7.976340e+00 3.457028e-05
8.391660e+00 1.343929e-05
8.828600e+00 3.117088e-06
9.288290e+00 1.055801e-06
9.771920e+00 2.458582e-07
1.028070e+01 1.115504e-07
1.081600e+01 2.968553e-08
1.137920e+01 1.106156e-08
1.197170e+01 2.889451e-09
1.259510e+01 1.017345e-09
1.325090e+01 2.750124e-10
1.394080e+01 0.000000e+00
1.466670e+01 0.000000e+00
1.543040e+01 0.000000e+00
1.623380e+01 0.000000e+00
1.707910e+01 0.000000e+00
1.796840e+01 0.000000e+00
1.890400e+01 0.000000e+00
1.988830e+01 0.000000e+00
2.092380e+01 0.000000e+00
2.201330e+01 0.000000e+00
2.315950e+01 0.000000e+00
2.436540e+01 0.000000e+00
2.563410e+01 0.000000e+00
2.696880e+01 0.000000e+00
2.837300e+01 0.000000e+00
2.985040e+01 0.000000e+00
3.140470e+01 0.000000e+00
3.303990e+01 0.000000e+00
3.476020e+01 0.000000e+00
3.657010e+01 0.000000e+00
3.847430e+01 0.000000e+00
4.047760e+01 0.000000e+00
4.258520e+01 0.000000e+00
4.480250e+01 0.000000e+00
4.713530e+01 0.000000e+00
4.958960e+01 0.000000e+00
5.217170e+01 0.000000e+00
5.488820e+01 0.000000e+00
5.774620e+01 0.000000e+00
6.075290e+01 0.000000e+00
6.391620e+01 0.000000e+00
6.724430e+01 0.000000e+00
7.074560e+01 0.000000e+00
7.442920e+01 0.000000e+00
7.830470e+01 0.000000e+00
8.238190e+01 0.000000e+00
8.667140e+01 0.000000e+00
9.118430e+01 0.000000e+00
9.593210e+01 0.000000e+00
1.009270e+02 0.000000e+00
1.061820e+02 0.000000e+00
1.117110e+02 0.000000e+00
1.175280e+02 0.000000e+00
1.236470e+02 0.000000e+00
1.300850e+02 0.000000e+00
