# # E_gamma (MeV)  Final State Radiation (MeV^-1 s^-1)
5.145440e-01 2.702523e+19
5.413360e-01 2.567570e+19
5.695230e-01 2.439297e+19
5.991770e-01 2.317376e+19
6.303750e-01 2.201491e+19
6.631980e-01 2.091339e+19
6.977300e-01 1.986640e+19
7.340600e-01 1.887124e+19
7.722810e-01 1.792536e+19
8.124930e-01 1.702628e+19
8.547980e-01 1.617173e+19
8.993070e-01 1.535946e+19
9.461320e-01 1.458742e+19
9.953960e-01 1.385360e+19
1.047230e+00 1.315604e+19
1.101750e+00 1.249318e+19
1.159120e+00 1.186301e+19
1.219470e+00 1.126412e+19
1.282970e+00 1.069481e+19
1.349770e+00 1.015375e+19
1.420050e+00 9.639468e+18
1.493990e+00 9.150657e+18
1.571780e+00 8.686056e+18
1.653620e+00 8.244471e+18
1.739730e+00 7.824723e+18
1.830310e+00 7.425835e+18
1.925610e+00 7.046694e+18
2.025880e+00 6.686315e+18
2.131360e+00 6.343834e+18
2.242340e+00 6.018307e+18
2.359100e+00 5.708921e+18
2.481930e+00 5.414897e+18
2.611160e+00 5.135446e+18
2.747120e+00 4.869857e+18
2.890160e+00 4.617446e+18
3.040650e+00 4.377561e+18
3.198970e+00 4.149603e+18
3.365530e+00 3.932965e+18
3.540770e+00 3.727081e+18
3.725140e+00 3.531426e+18
3.919100e+00 3.345509e+18
4.123160e+00 3.168841e+18
4.337850e+00 3.000963e+18
4.563720e+00 2.841446e+18
4.801340e+00 2.689903e+18
5.051340e+00 2.545898e+18
5.314360e+00 2.409079e+18
5.591070e+00 2.279097e+18
5.882190e+00 2.155612e+18
6.188470e+00 2.038306e+18
6.510690e+00 1.926879e+18
6.849700e+00 1.821037e+18
7.206350e+00 1.720513e+18
7.581580e+00 1.625042e+18
7.976340e+00 1.534380e+18
8.391660e+00 1.448290e+18
8.828600e+00 1.366550e+18
9.288290e+00 1.288948e+18
9.771920e+00 1.215281e+18
1.028070e+01 1.145452e+18
1.081600e+01 1.079104e+18
1.137920e+01 1.016143e+18
1.197170e+01 9.564112e+17
1.259510e+01 8.997445e+17
1.325090e+01 8.460038e+17
1.394080e+01 7.950455e+17
1.466670e+01 7.467265e+17
1.543040e+01 7.009241e+17
1.623380e+01 6.575200e+17
1.707910e+01 6.163911e+17
1.796840e+01 5.774310e+17
1.890400e+01 5.405339e+17
1.988830e+01 5.055995e+17
2.092380e+01 4.725329e+17
2.201330e+01 4.412384e+17
2.315950e+01 4.116318e+17
2.436540e+01 3.836280e+17
2.563410e+01 3.571471e+17
2.696880e+01 3.321135e+17
2.837300e+01 3.084520e+17
2.985040e+01 2.860904e+17
3.140470e+01 2.649622e+17
3.303990e+01 2.450013e+17
3.476020e+01 2.261444e+17
3.657010e+01 2.083291e+17
3.847430e+01 1.914959e+17
4.047760e+01 1.755886e+17
4.258520e+01 1.605517e+17
4.480250e+01 1.463326e+17
4.713530e+01 1.328808e+17
4.958960e+01 1.201498e+17
5.217170e+01 1.080975e+17
5.488820e+01 9.668762e+16
5.774620e+01 8.589088e+16
6.075290e+01 7.568730e+16
6.391620e+01 6.607097e+16
6.724430e+01 5.704755e+16
7.074560e+01 4.863794e+16
7.442920e+01 4.088207e+16
7.830470e+01 3.382133e+16
8.238190e+01 2.750494e+16
8.667140e+01 2.197014e+16
9.118430e+01 1.723098e+16
9.593210e+01 1.327607e+16
1.009270e+02 1.005967e+16
1.061820e+02 7.511368e+15
1.117110e+02 5.536584e+15
1.175280e+02 4.040888e+15
1.236470e+02 2.926266e+15
1.300850e+02 2.104422e+15
1.368590e+02 1.504066e+15
1.439850e+02 1.062694e+15
1.514820e+02 7.378213e+14
1.593690e+02 4.989233e+14
1.676680e+02 3.249742e+14
1.763980e+02 2.031300e+14
1.855830e+02 1.219959e+14
1.952460e+02 7.085049e+13
2.054120e+02 4.045894e+13
2.161070e+02 2.272922e+13
2.273600e+02 1.262314e+13
2.391980e+02 6.876234e+12
2.516530e+02 3.550403e+12
2.647560e+02 1.724140e+12
2.785410e+02 7.917183e+11
2.930450e+02 3.490940e+11
3.083030e+02 1.542181e+11
3.243560e+02 6.539616e+10
3.412450e+02 2.589108e+10
3.590130e+02 9.603412e+09
3.777060e+02 3.300608e+09
3.973730e+02 1.132060e+09
4.180640e+02 3.674304e+08
4.398320e+02 1.047941e+08
4.627330e+02 2.956931e+07
4.868270e+02 7.712986e+06
5.121760e+02 1.838666e+06
5.388440e+02 4.197121e+05
5.669010e+02 8.418330e+04
5.964180e+02 1.648287e+04
6.274730e+02 2.816464e+03
6.601450e+02 4.201594e+02
6.945180e+02 6.559898e+01
7.306800e+02 8.046388e+00
7.687260e+02 8.741773e-01
8.087520e+02 1.008866e-01
8.508630e+02 8.256407e-03
8.951660e+02 7.173586e-04
9.417770e+02 5.100710e-05
9.908140e+02 2.498043e-06
1.042400e+03 1.728677e-07
1.096680e+03 7.565257e-09
1.153780e+03 3.172431e-10
1.213860e+03 9.877330e-12
1.277060e+03 2.727501e-13
1.343560e+03 7.286561e-15
1.413520e+03 1.453035e-16
1.487120e+03 2.068811e-18
1.564550e+03 2.879196e-20
1.646010e+03 3.179005e-22
1.731720e+03 2.261010e-24
1.821890e+03 1.588428e-26
1.916750e+03 7.694882e-29
2.016550e+03 2.626783e-31
2.121550e+03 8.278604e-34
2.232020e+03 1.445739e-36
2.348230e+03 2.483122e-39
2.470500e+03 2.227837e-42
2.599140e+03 1.904458e-45
2.734470e+03 8.275043e-49
2.876850e+03 3.120960e-52
3.026650e+03 6.801047e-56
3.184240e+03 8.975030e-60
3.350040e+03 9.267377e-64
3.524470e+03 5.093341e-68
3.707990e+03 1.538854e-72
3.901060e+03 3.031897e-77
4.104180e+03 3.628392e-82
4.317880e+03 2.347359e-87
4.542710e+03 7.858415e-93
4.779240e+03 1.344142e-98
5.028090e+03 1.146018e-104
5.289890e+03 4.640407e-111
5.565330e+03 8.383894e-118
5.855110e+03 6.697796e-125
6.159980e+03 2.601950e-132
6.480720e+03 4.304746e-140
6.818160e+03 2.191989e-148
7.173170e+03 5.484798e-157
7.546670e+03 3.736005e-166
7.939620e+03 1.125018e-175
8.353020e+03 8.681817e-186
8.787950e+03 1.978092e-196
9.245530e+03 1.366110e-207
9.726930e+03 2.480377e-219
1.023340e+04 1.091200e-231
1.076620e+04 1.169007e-244
1.132680e+04 2.714326e-258
1.191660e+04 9.582521e-273
1.253710e+04 8.176179e-288
1.318990e+04 8.950139e-304
1.387660e+04 0.000000e+00
