# # E_gamma (MeV)  Final State Radiation (MeV^-1 s^-1)
5.145440e-01 2.170707e+18
5.413360e-01 2.041191e+18
5.695230e-01 1.921747e+18
5.991770e-01 1.805344e+18
6.303750e-01 1.698388e+18
6.631980e-01 1.593902e+18
6.977300e-01 1.498222e+18
7.340600e-01 1.404563e+18
7.722810e-01 1.315711e+18
8.124930e-01 1.235245e+18
8.547980e-01 1.155794e+18
8.993070e-01 1.084033e+18
9.461320e-01 1.013124e+18
9.953960e-01 9.459991e+17
1.047230e+00 8.860100e+17
1.101750e+00 8.262848e+17
1.159120e+00 7.698401e+17
1.219470e+00 7.199152e+17
1.282970e+00 6.698437e+17
1.349770e+00 6.226191e+17
1.420050e+00 5.781207e+17
1.493990e+00 5.395116e+17
1.571780e+00 5.002301e+17
1.653620e+00 4.632922e+17
1.739730e+00 4.285799e+17
1.830310e+00 3.990372e+17
1.925610e+00 3.685739e+17
2.025880e+00 3.400181e+17
2.131360e+00 3.132797e+17
2.242340e+00 2.882666e+17
2.359100e+00 2.675848e+17
2.481930e+00 2.458031e+17
2.611160e+00 2.254836e+17
2.747120e+00 2.065533e+17
2.890160e+00 1.889378e+17
3.040650e+00 1.725694e+17
3.198970e+00 1.595562e+17
3.365530e+00 1.454576e+17
3.540770e+00 1.323985e+17
3.725140e+00 1.203177e+17
3.919100e+00 1.091576e+17
4.123160e+00 9.886526e+16
4.337850e+00 8.938396e+16
4.563720e+00 8.066968e+16
4.801340e+00 7.414901e+16
5.051340e+00 6.677407e+16
5.314360e+00 6.001987e+16
5.591070e+00 5.384379e+16
5.882190e+00 4.820783e+16
6.188470e+00 4.307318e+16
6.510690e+00 3.840487e+16
6.849700e+00 3.416903e+16
7.206350e+00 3.033429e+16
7.581580e+00 2.686650e+16
7.976340e+00 2.373985e+16
8.391660e+00 2.092737e+16
8.828600e+00 1.840097e+16
9.288290e+00 1.613735e+16
9.771920e+00 1.411523e+16
1.028070e+01 1.281536e+16
1.081600e+01 1.117508e+16
1.137920e+01 9.716761e+15
1.197170e+01 8.423776e+15
1.259510e+01 7.282079e+15
1.325090e+01 6.275237e+15
1.394080e+01 5.389902e+15
1.466670e+01 4.614182e+15
1.543040e+01 3.936893e+15
1.623380e+01 3.346875e+15
1.707910e+01 2.834723e+15
1.796840e+01 2.392203e+15
1.890400e+01 2.010430e+15
1.988830e+01 1.682453e+15
2.092380e+01 1.402455e+15
2.201330e+01 1.163639e+15
2.315950e+01 9.609666e+14
2.436540e+01 7.897429e+14
2.563410e+01 6.454936e+14
2.696880e+01 5.250233e+14
2.837300e+01 4.247659e+14
2.985040e+01 3.417926e+14
3.140470e+01 2.731004e+14
3.303990e+01 2.171247e+14
3.476020e+01 1.715942e+14
3.657010e+01 1.345874e+14
3.847430e+01 1.046480e+14
4.047760e+01 8.092123e+13
4.258520e+01 6.214125e+13
4.480250e+01 4.734868e+13
4.713530e+01 3.570541e+13
4.958960e+01 2.673684e+13
5.217170e+01 1.983586e+13
5.488820e+01 1.454784e+13
5.774620e+01 1.059708e+13
6.075290e+01 7.622461e+12
6.391620e+01 5.447087e+12
6.724430e+01 3.853028e+12
7.074560e+01 2.703818e+12
7.442920e+01 1.873417e+12
7.830470e+01 1.278051e+12
8.238190e+01 8.718385e+11
8.667140e+01 5.937103e+11
9.118430e+01 4.023471e+11
9.593210e+01 2.707994e+11
1.009270e+02 1.708936e+11
1.061820e+02 9.312630e+10
1.117110e+02 5.540897e+10
1.175280e+02 4.489386e+10
1.236470e+02 1.883162e+10
1.300850e+02 0.000000e+00
