      E_gamma(MeV)          Gamma Rays            Positrons
    5.1454400000e-01     3.5793899289e+19     6.7781492710e+19
    5.4133600000e-01     3.6271299176e+19     6.7231037460e+19
    5.6952300000e-01     3.6980399044e+19     6.6813566220e+19
    5.9917700000e-01     3.7522298890e+19     6.6238277330e+19
    6.3037500000e-01     3.7879998713e+19     6.5489669000e+19
    6.6319800000e-01     3.8400098507e+19     6.4710639200e+19
    6.9773000000e-01     3.8886398268e+19     6.3930285740e+19
    7.3406000000e-01     3.9187397990e+19     6.2928906160e+19
    7.7228100000e-01     3.9407897669e+19     6.2006497790e+19
    8.1249300000e-01     3.9684997295e+19     6.1058057660e+19
    8.5479800000e-01     3.9890596862e+19     5.9898582500e+19
    8.9930700000e-01     3.9893196360e+19     5.8760368690e+19
    9.4613200000e-01     3.9997495777e+19     5.7591412260e+19
    9.9539600000e-01     3.9928295101e+19     5.6307308820e+19
    1.0472300000e+00     3.9869194317e+19     5.5066253520e+19
    1.1017500000e+00     3.9682093407e+19     5.3665941030e+19
    1.1591200000e+00     3.9538492352e+19     5.2239965450e+19
    1.2194700000e+00     3.9257191128e+19     5.0898620280e+19
    1.2829700000e+00     3.8981189707e+19     4.9410098360e+19
    1.3497700000e+00     3.8479888059e+19     4.7975191780e+19
    1.4200500000e+00     3.8061786148e+19     4.6369791800e+19
    1.4939900000e+00     3.7624183930e+19     4.4963888900e+19
    1.5717800000e+00     3.7029581357e+19     4.3365072300e+19
    1.6536200000e+00     3.6438578372e+19     4.1813530400e+19
    1.7397300000e+00     3.5749174910e+19     4.0287650400e+19
    1.8303100000e+00     3.5014070893e+19     3.8793717800e+19
    1.9256100000e+00     3.4337166233e+19     3.7143017200e+19
    2.0258800000e+00     3.3587960828e+19     3.5626431000e+19
    2.1313600000e+00     3.2723954556e+19     3.4056540300e+19
    2.2423400000e+00     3.1864950081e+19     3.2560888300e+19
    2.3591000000e+00     3.0990040384e+19     3.1014403700e+19
    2.4819300000e+00     3.0057328885e+19     2.9521628500e+19
    2.6111600000e+00     2.9225615746e+19     2.8073750600e+19
    2.7471200000e+00     2.8234601053e+19     2.6639935400e+19
    2.8901600000e+00     2.7254384952e+19     2.5236034800e+19
    3.0406500000e+00     2.6259967555e+19     2.3864730300e+19
    3.1989700000e+00     2.5348048598e+19     2.2505663900e+19
    3.3655300000e+00     2.4322227376e+19     2.1196092700e+19
    3.5407700000e+00     2.3321002921e+19     1.9901483800e+19
    3.7251400000e+00     2.2335273203e+19     1.8683543600e+19
    3.9191000000e+00     2.1371236807e+19     1.7475646900e+19
    4.1231600000e+00     2.0382991989e+19     1.6328322000e+19
    4.3378500000e+00     1.9443537156e+19     1.5238467200e+19
    4.5637200000e+00     1.8468773254e+19     1.4173644000e+19
    4.8013400000e+00     1.7557501289e+19     1.3188630000e+19
    5.0513400000e+00     1.6626922953e+19     1.2203734000e+19
    5.3143600000e+00     1.5713737481e+19     1.1282988000e+19
    5.5910700000e+00     1.4849338899e+19     1.0408497000e+19
    5.8821900000e+00     1.3985819989e+19     9.5916690000e+18
    6.1884700000e+00     1.3143573880e+19     8.8080880000e+18
    6.5106900000e+00     1.2324598170e+19     8.0788470000e+18
    6.8497000000e+00     1.1545200960e+19     7.3886250000e+18
    7.2063500000e+00     1.0782586060e+19     6.7396740000e+18
    7.5815800000e+00     1.0051643040e+19     6.1267940000e+18
    7.9763400000e+00     9.3459722700e+18     5.5772040000e+18
    8.3916600000e+00     8.6909941000e+18     5.0497300000e+18
    8.8286000000e+00     8.0420969300e+18     4.5573820000e+18
    9.2882900000e+00     7.4317724300e+18     4.1153120000e+18
    9.7719200000e+00     6.8520771100e+18     3.7042320000e+18
    1.0280700000e+01     6.3056940100e+18     3.3194920000e+18
    1.0816000000e+01     5.7813402900e+18     2.9666030000e+18
    1.1379200000e+01     5.2857145700e+18     2.6491430000e+18
    1.1971700000e+01     4.8287278000e+18     2.3603830000e+18
    1.2595100000e+01     4.3958689500e+18     2.0849920000e+18
    1.3250900000e+01     3.9930223000e+18     1.8461050000e+18
    1.3940800000e+01     3.6123791000e+18     1.6299500000e+18
    1.4666700000e+01     3.2622096000e+18     1.4315130000e+18
    1.5430400000e+01     2.9423686000e+18     1.2516000000e+18
    1.6233800000e+01     2.6391275000e+18     1.0938900000e+18
    1.7079100000e+01     2.3607490000e+18     9.5186000000e+17
    1.7968400000e+01     2.1071242000e+18     8.2262000000e+17
    1.8904000000e+01     1.8776110000e+18     7.1201000000e+17
    1.9888300000e+01     1.6670578000e+18     6.1349000000e+17
    2.0923800000e+01     1.4742369000e+18     5.2320000000e+17
    2.2013300000e+01     1.3016964000e+18     4.4737000000e+17
    2.3159500000e+01     1.1415996000e+18     3.8030000000e+17
    2.4365400000e+01     1.0014726000e+18     3.2165000000e+17
    2.5634100000e+01     8.7353460000e+17     2.7198000000e+17
    2.6968800000e+01     7.6028050000e+17     2.2699000000e+17
    2.8373000000e+01     6.5604330000e+17     1.8896000000e+17
    2.9850400000e+01     5.6613260000e+17     1.5622000000e+17
    3.1404700000e+01     4.8535000000e+17     1.3007000000e+17
    3.3039900000e+01     4.1729800000e+17     1.0557000000e+17
    3.4760200000e+01     3.5451600000e+17     8.5710000000e+16
    3.6570100000e+01     3.0015100000e+17     6.9830000000e+16
    3.8474300000e+01     2.5193200000e+17     5.6810000000e+16
    4.0477600000e+01     2.1140000000e+17     4.4790000000e+16
    4.2585200000e+01     1.7575900000e+17     3.5370000000e+16
    4.4802500000e+01     1.4546700000e+17     2.7820000000e+16
    4.7135300000e+01     1.1854300000e+17     2.1990000000e+16
    4.9589600000e+01     9.7001000000e+16     1.6860000000e+16
    5.2171700000e+01     7.8291000000e+16     1.2960000000e+16
    5.4888200000e+01     6.3337000000e+16     9.9600000000e+15
    5.7746200000e+01     5.0156000000e+16     7.3900000000e+15
    6.0752900000e+01     3.9475000000e+16     5.5800000000e+15
    6.3916200000e+01     3.0679000000e+16     4.0500000000e+15
    6.7244300000e+01     2.3653000000e+16     2.9600000000e+15
    7.0745600000e+01     1.8295000000e+16     2.1200000000e+15
    7.4429200000e+01     1.3797000000e+16     1.5300000000e+15
    7.8304700000e+01     1.0360000000e+16     1.1000000000e+15
    8.2381900000e+01     7.5300000000e+15     7.4000000000e+14
    8.6671400000e+01     5.6400000000e+15     5.0000000000e+14
    9.1184300000e+01     4.0300000000e+15     3.4000000000e+14
    9.5932100000e+01     2.8600000000e+15     2.3000000000e+14
    1.0092700000e+02     1.9600000000e+15     1.8000000000e+14
    1.0618200000e+02     1.3800000000e+15     1.5000000000e+14
    1.1171100000e+02     9.5000000000e+14     7.0000000000e+13
    1.1752800000e+02     6.2000000000e+14     9.9999999999e+12
    1.2364700000e+02     4.2600000000e+14     5.0000000000e+13
    1.3008500000e+02     2.8200000000e+14     4.0000000000e+13
    1.3685900000e+02     1.7000000000e+14     1.2441407823e+13
    1.4398500000e+02     1.0500000000e+14     3.6418640155e+12
    1.5148200000e+02     6.8000000000e+13     1.0000000000e+12
    1.5936900000e+02     4.4000000000e+13     7.0000000000e+12
    1.6766800000e+02     2.2000000000e+13     4.0000000000e+12
    1.7639800000e+02     1.3000000000e+13     2.0000000000e+12
    1.8558300000e+02     7.5000000000e+12     3.0000000000e+12
    1.9524600000e+02     4.0000000000e+12     1.4000000000e+12
    2.0541200000e+02     2.2000000000e+12     5.0000000000e+11
    2.1610700000e+02     1.5000000000e+12     5.0000000000e+11
    2.2736000000e+02     5.5000000000e+11     2.0000000000e+11
    2.3919800000e+02     3.6000000000e+11     1.0177606110e+11
    2.5165300000e+02     1.4000000000e+11     5.0000000000e+10
    2.6475600000e+02     9.0000000000e+10     5.0000000000e+10
    2.7854100000e+02     5.7000000000e+10     5.0000000000e+10
    2.9304500000e+02     1.3000000000e+10     7.0000000000e+09
    3.0830300000e+02     9.0000000000e+09     4.0000000000e+09
    3.2435600000e+02     3.0000000000e+09     1.0000000000e+09
    3.4124500000e+02     1.0000000000e+09     2.0000000000e+08
    3.5901300000e+02     4.0000000000e+08     1.0000000000e+08
    3.7770600000e+02     2.4000000000e+08     3.1000000000e+08
    3.9737300000e+02     3.0000000000e+07     2.0000000000e+07
    4.1806400000e+02     5.0000000000e+06     1.0000000000e+07
    4.3983200000e+02     2.0000000000e+06     3.0000000000e+06
    4.6273300000e+02     2.0000000000e+06     3.0000000000e+06
    4.8682700000e+02     3.0000000000e+05     3.0000000000e+05
    5.1217600000e+02     3.0000000000e+04     1.1000000000e+05
    5.3884400000e+02     5.7188192319e+03     1.0000000000e+04
    5.6690100000e+02     1.0000000000e+03     4.0000000000e+03
    5.9641800000e+02     3.9000000000e+03     7.0000000000e+03
    6.2747300000e+02     3.1000000000e+02     5.0000000000e+02
    6.6014500000e+02     1.8935860257e+01     1.0000000000e+01
    6.9451800000e+02     1.0000000000e+00     3.0000000000e+00
    7.3068000000e+02     2.4000000000e+00     4.7000000000e+00
    7.6872600000e+02     3.0000000000e-02     7.5409071891e-01
    8.0875200000e+02     6.0000000000e-02     1.1000000000e-01
    8.5086300000e+02     2.1000000000e-03     4.0000000000e-03
    8.9516600000e+02     6.5000000000e-04     1.2000000000e-03
    9.4177700000e+02     3.0000000000e-06     7.0000000001e-06
    9.9081400000e+02     1.0000000000e-07     4.0000000000e-07
    1.0424000000e+03     2.4900000000e-06     4.9700000000e-06
    1.0966800000e+03     1.6000000000e-08     3.3000000000e-08
    1.1537800000e+03     6.3000000000e-09     1.2460000000e-08
    1.2138600000e+03     2.0000000000e-12     4.0000000000e-12
    1.2770600000e+03     1.0580000000e-11     2.0900000000e-11
    1.3435600000e+03     4.0000000000e-15     8.0000000000e-15
    1.4135200000e+03     2.8000000000e-16     5.5000000000e-16
    1.4871200000e+03     5.5000000000e-18     1.1000000000e-17
    1.5645500000e+03     4.0000000000e-20     8.0000000000e-20
    1.6460100000e+03     2.4500000000e-20     4.8000000000e-20
    1.7317200000e+03     6.0000000000e-24     1.2000000000e-23
    1.8218900000e+03     7.0000000000e-26     1.4000000000e-25
    1.9167500000e+03     2.0000000000e-28     3.0000000000e-28
    2.0165500000e+03     1.0550000000e-28     2.0530000000e-28
    2.1215500000e+03     8.1000000000e-32     1.5500000000e-31
    2.2320200000e+03     1.6000000000e-35     3.0000000000e-35
    2.3482300000e+03     2.1014000000e-35     4.0040000000e-35
    2.4705000000e+03     3.0530000000e-38     5.8160000000e-38
    2.5991400000e+03     1.0000000000e-44     7.7148748773e-41
    2.7344700000e+03     3.8450000000e-44     7.2510000000e-44
    2.8768500000e+03     3.4661000000e-47     6.5068000000e-47
    3.0266500000e+03     2.0000000000e-54     5.0000000000e-54
    3.1842400000e+03     2.0278000000e-54     3.7192000000e-54
    3.3500400000e+03     2.1008000000e-58     3.9640000000e-58
    3.5244700000e+03     9.8049000000e-62     1.7870000000e-61
    3.7079900000e+03     4.0000000000e-70     7.0000000001e-70
    3.9010600000e+03     1.1000000000e-74     2.0000000000e-74
    4.1041800000e+03     2.3598000000e-75     4.3140000000e-75
    4.3178800000e+03     3.2773743788e-82     1.0000000000e-84
    4.5427100000e+03     2.0000000000e-89     4.0000000000e-89
    4.7792400000e+03     2.0000000000e-95     5.0000000000e-95
    5.0280900000e+03    1.8000000000e-100    2.0000000000e-100
    5.2898900000e+03    9.8915070000e-101    1.7280960000e-100
    5.5653300000e+03    2.0441360000e-107    3.5203690000e-107
    5.8551100000e+03    1.6095840000e-114    2.6948540000e-114
    6.1599800000e+03    1.2000000000e-126    4.9999999999e-127
    6.4807200000e+03    4.0000000000e-134    1.2022616115e-130
    6.8181600000e+03    1.0842700100e-134    1.8732625400e-134
    7.1731700000e+03    3.8300783100e-142    6.3056594300e-142
    7.5466700000e+03    1.0366310950e-150    1.6134305240e-150
    7.9396200000e+03    3.0000000000e-168    2.0000000000e-168
    8.3530200000e+03    1.9739861766e-168    2.9788746630e-168
    8.7879500000e+03    6.8095058668e-178    1.0638811553e-177
    9.2455300000e+03    1.2992566184e-188    2.1228199737e-188
    9.7269300000e+03    1.0049890199e-198    1.5040086255e-198
    1.0233400000e+04    4.1060581853e-210    5.7586875198e-210
    1.0766200000e+04    1.4225999922e-220    1.9443199892e-220
    1.1326800000e+04    3.5886799923e-233    4.9666099885e-233
    1.1916600000e+04    1.8083172416e-253    9.9999999998e-261
    1.2537100000e+04    8.0000000000e-275    2.9000000000e-274
    1.3189900000e+04    1.3000000000e-289    3.6000000000e-289
    1.3876600000e+04    3.9704700000e-289    5.5331000000e-289
    1.4599200000e+04     0.0000000000e+00     0.0000000000e+00
    1.5359300000e+04     0.0000000000e+00     0.0000000000e+00
    1.6159100000e+04     0.0000000000e+00     0.0000000000e+00
    1.7000500000e+04     0.0000000000e+00     0.0000000000e+00
    1.7885700000e+04     0.0000000000e+00     0.0000000000e+00
    1.8816900000e+04     0.0000000000e+00     0.0000000000e+00
    1.9796700000e+04     0.0000000000e+00     0.0000000000e+00
    2.0827500000e+04     0.0000000000e+00     0.0000000000e+00
    2.1912000000e+04     0.0000000000e+00     0.0000000000e+00
    2.3052900000e+04     0.0000000000e+00     0.0000000000e+00
    2.4253200000e+04     0.0000000000e+00     0.0000000000e+00
    2.5516100000e+04     0.0000000000e+00     0.0000000000e+00
    2.6844600000e+04     0.0000000000e+00     0.0000000000e+00
    2.8242400000e+04     0.0000000000e+00     0.0000000000e+00
    2.9713000000e+04     0.0000000000e+00     0.0000000000e+00
    3.1260100000e+04     0.0000000000e+00     0.0000000000e+00
    3.2887700000e+04     0.0000000000e+00     0.0000000000e+00
    3.4600200000e+04     0.0000000000e+00     0.0000000000e+00
    3.6401700000e+04     0.0000000000e+00     0.0000000000e+00
    3.8297100000e+04     0.0000000000e+00     0.0000000000e+00
    4.0291200000e+04     0.0000000000e+00     0.0000000000e+00
    4.2389100000e+04     0.0000000000e+00     0.0000000000e+00
    4.4596300000e+04     0.0000000000e+00     0.0000000000e+00
    4.6918300000e+04     0.0000000000e+00     0.0000000000e+00
    4.9361300000e+04     0.0000000000e+00     0.0000000000e+00
    5.1931500000e+04     0.0000000000e+00     0.0000000000e+00
    5.4635500000e+04     0.0000000000e+00     0.0000000000e+00
    5.7480300000e+04     0.0000000000e+00     0.0000000000e+00
    6.0473200000e+04     0.0000000000e+00     0.0000000000e+00
    6.3622000000e+04     0.0000000000e+00     0.0000000000e+00
    6.6934700000e+04     0.0000000000e+00     0.0000000000e+00
    7.0419900000e+04     0.0000000000e+00     0.0000000000e+00
    7.4086600000e+04     0.0000000000e+00     0.0000000000e+00
    7.7944200000e+04     0.0000000000e+00     0.0000000000e+00
    8.2002600000e+04     0.0000000000e+00     0.0000000000e+00
    8.6272400000e+04     0.0000000000e+00     0.0000000000e+00
    9.0764500000e+04     0.0000000000e+00     0.0000000000e+00
    9.5490400000e+04     0.0000000000e+00     0.0000000000e+00
    1.0046300000e+05     0.0000000000e+00     0.0000000000e+00
    1.0569300000e+05     0.0000000000e+00     0.0000000000e+00
    1.1119700000e+05     0.0000000000e+00     0.0000000000e+00
    1.1698700000e+05     0.0000000000e+00     0.0000000000e+00
    1.2307800000e+05     0.0000000000e+00     0.0000000000e+00
    1.2948600000e+05     0.0000000000e+00     0.0000000000e+00
    1.3622900000e+05     0.0000000000e+00     0.0000000000e+00
    1.4332200000e+05     0.0000000000e+00     0.0000000000e+00
    1.5078500000e+05     0.0000000000e+00     0.0000000000e+00
    1.5863600000e+05     0.0000000000e+00     0.0000000000e+00
    1.6689600000e+05     0.0000000000e+00     0.0000000000e+00
    1.7558600000e+05     0.0000000000e+00     0.0000000000e+00
    1.8472800000e+05     0.0000000000e+00     0.0000000000e+00
    1.9434700000e+05     0.0000000000e+00     0.0000000000e+00
    2.0446600000e+05     0.0000000000e+00     0.0000000000e+00
    2.1511200000e+05     0.0000000000e+00     0.0000000000e+00
    2.2631300000e+05     0.0000000000e+00     0.0000000000e+00
    2.3809700000e+05     0.0000000000e+00     0.0000000000e+00
    2.5049400000e+05     0.0000000000e+00     0.0000000000e+00
    2.6353700000e+05     0.0000000000e+00     0.0000000000e+00
    2.7725900000e+05     0.0000000000e+00     0.0000000000e+00
    2.9169600000e+05     0.0000000000e+00     0.0000000000e+00
    3.0688400000e+05     0.0000000000e+00     0.0000000000e+00
    3.2286300000e+05     0.0000000000e+00     0.0000000000e+00
    3.3967400000e+05     0.0000000000e+00     0.0000000000e+00
    3.5736000000e+05     0.0000000000e+00     0.0000000000e+00
    3.7596700000e+05     0.0000000000e+00     0.0000000000e+00
    3.9554400000e+05     0.0000000000e+00     0.0000000000e+00
    4.1613900000e+05     0.0000000000e+00     0.0000000000e+00
    4.3780700000e+05     0.0000000000e+00     0.0000000000e+00
    4.6060300000e+05     0.0000000000e+00     0.0000000000e+00
    4.8458600000e+05     0.0000000000e+00     0.0000000000e+00
    5.0981800000e+05     0.0000000000e+00     0.0000000000e+00
    5.3636300000e+05     0.0000000000e+00     0.0000000000e+00
    5.6429100000e+05     0.0000000000e+00     0.0000000000e+00
    5.9367300000e+05     0.0000000000e+00     0.0000000000e+00
    6.2458400000e+05     0.0000000000e+00     0.0000000000e+00
    6.5710600000e+05     0.0000000000e+00     0.0000000000e+00
    6.9132000000e+05     0.0000000000e+00     0.0000000000e+00
    7.2731700000e+05     0.0000000000e+00     0.0000000000e+00
    7.6518700000e+05     0.0000000000e+00     0.0000000000e+00
    8.0502900000e+05     0.0000000000e+00     0.0000000000e+00
    8.4694600000e+05     0.0000000000e+00     0.0000000000e+00
    8.9104500000e+05     0.0000000000e+00     0.0000000000e+00
    9.3744100000e+05     0.0000000000e+00     0.0000000000e+00
    9.8625200000e+05     0.0000000000e+00     0.0000000000e+00
    1.0376100000e+06     0.0000000000e+00     0.0000000000e+00
    1.0916300000e+06     0.0000000000e+00     0.0000000000e+00
    1.1484700000e+06     0.0000000000e+00     0.0000000000e+00
    1.2082700000e+06     0.0000000000e+00     0.0000000000e+00
    1.2711800000e+06     0.0000000000e+00     0.0000000000e+00
    1.3373700000e+06     0.0000000000e+00     0.0000000000e+00
    1.4070100000e+06     0.0000000000e+00     0.0000000000e+00
    1.4802700000e+06     0.0000000000e+00     0.0000000000e+00
    1.5573400000e+06     0.0000000000e+00     0.0000000000e+00
    1.6384300000e+06     0.0000000000e+00     0.0000000000e+00
    1.7237400000e+06     0.0000000000e+00     0.0000000000e+00
    1.8135000000e+06     0.0000000000e+00     0.0000000000e+00
    1.9079200000e+06     0.0000000000e+00     0.0000000000e+00
    2.0072700000e+06     0.0000000000e+00     0.0000000000e+00
    2.1117800000e+06     0.0000000000e+00     0.0000000000e+00
    2.2217400000e+06     0.0000000000e+00     0.0000000000e+00
    2.3374200000e+06     0.0000000000e+00     0.0000000000e+00
    2.4591300000e+06     0.0000000000e+00     0.0000000000e+00
    2.5871700000e+06     0.0000000000e+00     0.0000000000e+00
    2.7218800000e+06     0.0000000000e+00     0.0000000000e+00
    2.8636100000e+06     0.0000000000e+00     0.0000000000e+00
    3.0127100000e+06     0.0000000000e+00     0.0000000000e+00
    3.1695800000e+06     0.0000000000e+00     0.0000000000e+00
    3.3346200000e+06     0.0000000000e+00     0.0000000000e+00
    3.5082500000e+06     0.0000000000e+00     0.0000000000e+00
    3.6909200000e+06     0.0000000000e+00     0.0000000000e+00
    3.8831000000e+06     0.0000000000e+00     0.0000000000e+00
    4.0852900000e+06     0.0000000000e+00     0.0000000000e+00
    4.2980000000e+06     0.0000000000e+00     0.0000000000e+00
    4.5217900000e+06     0.0000000000e+00     0.0000000000e+00
    4.7572400000e+06     0.0000000000e+00     0.0000000000e+00
    5.0049400000e+06     0.0000000000e+00     0.0000000000e+00
    5.2655400000e+06     0.0000000000e+00     0.0000000000e+00
    5.5397100000e+06     0.0000000000e+00     0.0000000000e+00
    5.8281500000e+06     0.0000000000e+00     0.0000000000e+00
    6.1316200000e+06     0.0000000000e+00     0.0000000000e+00
    6.4508800000e+06     0.0000000000e+00     0.0000000000e+00
    6.7867700000e+06     0.0000000000e+00     0.0000000000e+00
    7.1401500000e+06     0.0000000000e+00     0.0000000000e+00
    7.5119300000e+06     0.0000000000e+00     0.0000000000e+00
    7.9030700000e+06     0.0000000000e+00     0.0000000000e+00
    8.3145700000e+06     0.0000000000e+00     0.0000000000e+00
    8.7475000000e+06     0.0000000000e+00     0.0000000000e+00
    9.2029700000e+06     0.0000000000e+00     0.0000000000e+00
    9.6821500000e+06     0.0000000000e+00     0.0000000000e+00
    1.0186300000e+07     0.0000000000e+00     0.0000000000e+00
    1.0716700000e+07     0.0000000000e+00     0.0000000000e+00
    1.1274700000e+07     0.0000000000e+00     0.0000000000e+00
    1.1861700000e+07     0.0000000000e+00     0.0000000000e+00
    1.2479400000e+07     0.0000000000e+00     0.0000000000e+00
    1.3129100000e+07     0.0000000000e+00     0.0000000000e+00
    1.3812800000e+07     0.0000000000e+00     0.0000000000e+00
    1.4532000000e+07     0.0000000000e+00     0.0000000000e+00
    1.5288600000e+07     0.0000000000e+00     0.0000000000e+00
    1.6084700000e+07     0.0000000000e+00     0.0000000000e+00
    1.6922200000e+07     0.0000000000e+00     0.0000000000e+00
    1.7803300000e+07     0.0000000000e+00     0.0000000000e+00
    1.8730300000e+07     0.0000000000e+00     0.0000000000e+00
    1.9705600000e+07     0.0000000000e+00     0.0000000000e+00
    2.0731600000e+07     0.0000000000e+00     0.0000000000e+00
    2.1811100000e+07     0.0000000000e+00     0.0000000000e+00
    2.2946800000e+07     0.0000000000e+00     0.0000000000e+00
    2.4141600000e+07     0.0000000000e+00     0.0000000000e+00
    2.5398600000e+07     0.0000000000e+00     0.0000000000e+00
    2.6721100000e+07     0.0000000000e+00     0.0000000000e+00
    2.8112400000e+07     0.0000000000e+00     0.0000000000e+00
    2.9576200000e+07     0.0000000000e+00     0.0000000000e+00
    3.1116200000e+07     0.0000000000e+00     0.0000000000e+00
    3.2736300000e+07     0.0000000000e+00     0.0000000000e+00
    3.4440900000e+07     0.0000000000e+00     0.0000000000e+00
    3.6234200000e+07     0.0000000000e+00     0.0000000000e+00
    3.8120800000e+07     0.0000000000e+00     0.0000000000e+00
    4.0105700000e+07     0.0000000000e+00     0.0000000000e+00
    4.2194000000e+07     0.0000000000e+00     0.0000000000e+00
    4.4391000000e+07     0.0000000000e+00     0.0000000000e+00
    4.6702300000e+07     0.0000000000e+00     0.0000000000e+00
    4.9134100000e+07     0.0000000000e+00     0.0000000000e+00
    5.1692400000e+07     0.0000000000e+00     0.0000000000e+00
    5.4384000000e+07     0.0000000000e+00     0.0000000000e+00
    5.7215700000e+07     0.0000000000e+00     0.0000000000e+00
    6.0194800000e+07     0.0000000000e+00     0.0000000000e+00
    6.3329100000e+07     0.0000000000e+00     0.0000000000e+00
    6.6626500000e+07     0.0000000000e+00     0.0000000000e+00
    7.0095700000e+07     0.0000000000e+00     0.0000000000e+00
    7.3745500000e+07     0.0000000000e+00     0.0000000000e+00
    7.7585300000e+07     0.0000000000e+00     0.0000000000e+00
    8.1625100000e+07     0.0000000000e+00     0.0000000000e+00
    8.5875200000e+07     0.0000000000e+00     0.0000000000e+00
    9.0346600000e+07     0.0000000000e+00     0.0000000000e+00
    9.5050800000e+07     0.0000000000e+00     0.0000000000e+00
    1.0000000000e+08     0.0000000000e+00     0.0000000000e+00
