# # E_gamma (MeV)  Final State Radiation (MeV^-1 s^-1)
5.145440e-01 1.566149e-15
5.413360e-01 4.162042e-17
5.695230e-01 3.517206e-17
5.991770e-01 6.293244e-19
6.303750e-01 5.305701e-19
6.631980e-01 8.633653e-21
6.977300e-01 7.244994e-21
7.340600e-01 1.031222e-22
7.722810e-01 8.978347e-25
8.124930e-01 7.591773e-25
8.547980e-01 6.000787e-27
8.993070e-01 5.025557e-27
9.461320e-01 3.181654e-29
9.953960e-01 1.222007e-31
1.047230e+00 1.023590e-31
1.101750e+00 3.920890e-34
1.159120e+00 8.271633e-37
1.219470e+00 6.898817e-37
1.282970e+00 1.351777e-39
1.349770e+00 1.513669e-42
1.420050e+00 1.461627e-45
1.493990e+00 1.220172e-45
1.571780e+00 6.390822e-49
1.653620e+00 2.978471e-52
1.739730e+00 6.914808e-56
1.830310e+00 5.736235e-56
1.925610e+00 1.028882e-59
2.025880e+00 1.215940e-63
2.131360e+00 7.246713e-68
2.242340e+00 2.848366e-72
2.359100e+00 2.346458e-72
2.481930e+00 6.113979e-77
2.611160e+00 8.716751e-82
2.747120e+00 6.441967e-87
2.890160e+00 2.517328e-92
3.040650e+00 5.201989e-98
3.198970e+00 4.227702e-98
3.365530e+00 4.538470e-104
3.540770e+00 2.420096e-110
3.725140e+00 6.038408e-117
3.919100e+00 6.357946e-124
4.123160e+00 2.695279e-131
4.337850e+00 5.487939e-139
4.563720e+00 4.605184e-147
4.801340e+00 3.650233e-147
5.051340e+00 9.236085e-156
5.314360e+00 1.120235e-164
5.591070e+00 3.531960e-174
5.882190e+00 4.016706e-184
6.188470e+00 1.526177e-194
6.510690e+00 1.517210e-205
6.849700e+00 3.923607e-217
7.206350e+00 2.546023e-229
7.581580e+00 3.637491e-242
7.976340e+00 1.041765e-255
8.391660e+00 7.480948e-270
8.828600e+00 7.671526e-285
9.288290e+00 1.676985e-300
9.771920e+00 0.000000e+00
1.028070e+01 0.000000e+00
