# # E_gamma (MeV)  Final State Radiation (MeV^-1 s^-1)
5.145440e-01 4.376997e-64
5.413360e-01 2.948548e-68
5.695230e-01 2.490204e-68
5.991770e-01 1.048940e-72
6.303750e-01 8.838464e-73
6.631980e-01 2.453708e-77
6.977300e-01 2.058002e-77
7.340600e-01 3.184540e-82
7.722810e-01 2.511297e-87
8.124930e-01 2.122946e-87
8.547980e-01 8.749987e-93
8.993070e-01 7.326339e-93
9.461320e-01 1.584057e-98
9.953960e-01 1.736236e-104
1.047230e+00 1.454133e-104
1.101750e+00 7.871587e-111
1.159120e+00 1.944659e-117
1.219470e+00 1.621794e-117
1.282970e+00 1.680607e-124
1.349770e+00 7.251795e-132
1.420050e+00 1.537011e-139
1.493990e+00 1.283079e-139
1.571780e+00 1.010425e-147
1.653620e+00 2.609953e-156
1.739730e+00 2.966566e-165
1.830310e+00 2.460921e-165
1.925610e+00 8.051490e-175
2.025880e+00 8.296771e-185
2.131360e+00 3.006056e-195
2.242340e+00 2.949434e-206
2.359100e+00 2.429714e-206
2.481930e+00 6.094313e-218
2.611160e+00 3.689325e-230
2.747120e+00 4.819053e-243
2.890160e+00 1.385154e-256
3.040650e+00 9.470707e-271
3.198970e+00 7.696926e-271
3.365530e+00 7.101960e-286
3.540770e+00 1.397409e-301
3.725140e+00 0.000000e+00
3.919100e+00 0.000000e+00
4.123160e+00 0.000000e+00
