# # E_gamma (MeV)  Final State Radiation (MeV^-1 s^-1)
5.145440e-01 7.080100e-68
5.413360e-01 2.764528e-68
5.695230e-01 2.334786e-68
5.991770e-01 8.866337e-77
6.303750e-01 7.673678e-77
6.631980e-01 5.966851e-77
6.977300e-01 5.004584e-77
7.340600e-01 1.563109e-86
7.722810e-01 1.275273e-86
8.124930e-01 1.078063e-86
8.547980e-01 1.097616e-91
8.993070e-01 9.190311e-92
9.461320e-01 3.906512e-97
9.953960e-01 8.490273e-103
1.047230e+00 7.110775e-103
1.101750e+00 8.773666e-109
1.159120e+00 1.160615e-121
1.219470e+00 9.800887e-122
1.282970e+00 3.324664e-122
1.349770e+00 6.915820e-129
1.420050e+00 7.848851e-144
1.493990e+00 6.672071e-144
1.571780e+00 3.281128e-144
1.653620e+00 1.094499e-161
1.739730e+00 1.148316e-169
1.830310e+00 9.551465e-170
1.925610e+00 6.261041e-171
2.025880e+00 7.371770e-180
2.131360e+00 5.151399e-190
2.242340e+00 1.294026e-211
2.359100e+00 1.066005e-211
2.481930e+00 1.367925e-222
2.611160e+00 1.632727e-234
2.747120e+00 1.169102e-234
2.890160e+00 1.136702e-247
3.040650e+00 1.441993e-275
3.198970e+00 1.178078e-275
3.365530e+00 1.048565e-276
3.540770e+00 9.523178e-291
3.725140e+00 1.285677e-307
3.919100e+00 0.000000e+00
4.123160e+00 0.000000e+00
4.337850e+00 0.000000e+00
