# # E_gamma (MeV)  Final State Radiation (MeV^-1 s^-1)
5.145440e-01 1.000990e+20
5.413360e-01 9.476411e+19
5.695230e-01 8.971909e+19
5.991770e-01 8.490502e+19
6.303750e-01 8.035620e+19
6.631980e-01 7.601330e+19
6.977300e-01 7.191292e+19
7.340600e-01 6.799658e+19
7.722810e-01 6.427584e+19
8.124930e-01 6.077134e+19
8.547980e-01 5.741800e+19
8.993070e-01 5.426197e+19
9.461320e-01 5.124123e+19
9.953960e-01 4.837284e+19
1.047230e+00 4.568028e+19
1.101750e+00 4.309889e+19
1.159120e+00 4.064824e+19
1.219470e+00 3.835483e+19
1.282970e+00 3.615124e+19
1.349770e+00 3.406084e+19
1.420050e+00 3.207804e+19
1.493990e+00 3.023260e+19
1.571780e+00 2.845248e+19
1.653620e+00 2.676504e+19
1.739730e+00 2.516563e+19
1.830310e+00 2.368652e+19
1.925610e+00 2.225362e+19
2.025880e+00 2.089660e+19
2.131360e+00 1.961187e+19
2.242340e+00 1.839598e+19
2.359100e+00 1.728289e+19
2.481930e+00 1.619678e+19
2.611160e+00 1.516976e+19
2.747120e+00 1.419911e+19
2.890160e+00 1.328200e+19
3.040650e+00 1.241589e+19
3.198970e+00 1.163548e+19
3.365530e+00 1.086531e+19
3.540770e+00 1.013883e+19
3.725140e+00 9.453961e+18
3.919100e+00 8.808671e+18
4.123160e+00 8.200882e+18
4.337850e+00 7.628830e+18
4.563720e+00 7.090695e+18
4.801340e+00 6.619393e+18
5.051340e+00 6.144662e+18
5.314360e+00 5.698868e+18
5.591070e+00 5.280509e+18
5.882190e+00 4.888245e+18
6.188470e+00 4.520618e+18
6.510690e+00 4.176463e+18
6.849700e+00 3.854476e+18
7.206350e+00 3.553455e+18
7.581580e+00 3.272363e+18
7.976340e+00 3.010058e+18
8.391660e+00 2.765521e+18
8.828600e+00 2.537800e+18
9.288290e+00 2.325943e+18
9.771920e+00 2.129082e+18
1.028070e+01 1.970716e+18
1.081600e+01 1.800727e+18
1.137920e+01 1.643200e+18
1.197170e+01 1.497376e+18
1.259510e+01 1.362559e+18
1.325090e+01 1.238071e+18
1.394080e+01 1.123255e+18
1.466670e+01 1.017508e+18
1.543040e+01 9.202695e+17
1.623380e+01 8.309782e+17
1.707910e+01 7.490910e+17
1.796840e+01 6.741016e+17
1.890400e+01 6.055803e+17
1.988830e+01 5.430434e+17
2.092380e+01 4.860659e+17
2.201330e+01 4.342524e+17
2.315950e+01 3.871888e+17
2.436540e+01 3.445516e+17
2.563410e+01 3.059728e+17
2.696880e+01 2.711534e+17
2.837300e+01 2.397777e+17
2.985040e+01 2.115358e+17
3.140470e+01 1.862115e+17
3.303990e+01 1.635321e+17
3.476020e+01 1.432598e+17
3.657010e+01 1.251947e+17
3.847430e+01 1.091197e+17
4.047760e+01 9.485968e+16
4.258520e+01 8.223218e+16
4.480250e+01 7.109227e+16
4.713530e+01 6.128584e+16
4.958960e+01 5.266259e+16
5.217170e+01 4.511980e+16
5.488820e+01 3.853338e+16
5.774620e+01 3.279681e+16
6.075290e+01 2.781928e+16
6.391620e+01 2.351512e+16
6.724430e+01 1.980641e+16
7.074560e+01 1.661434e+16
7.442920e+01 1.388356e+16
7.830470e+01 1.155355e+16
8.238190e+01 9.575690e+15
8.667140e+01 7.902942e+15
9.118430e+01 6.488996e+15
9.593210e+01 5.301369e+15
1.009270e+02 4.313884e+15
1.061820e+02 3.492539e+15
1.117110e+02 2.810336e+15
1.175280e+02 2.247743e+15
1.236470e+02 1.789780e+15
1.300850e+02 1.417303e+15
1.368590e+02 1.113215e+15
1.439850e+02 8.693998e+14
1.514820e+02 6.743520e+14
1.593690e+02 5.200113e+14
1.676680e+02 3.978136e+14
1.763980e+02 3.016661e+14
1.855830e+02 2.270238e+14
1.952460e+02 1.697572e+14
2.054120e+02 1.260200e+14
2.161070e+02 9.273518e+13
2.273600e+02 6.740838e+13
2.391980e+02 4.876845e+13
2.516530e+02 3.494612e+13
2.647560e+02 2.481906e+13
2.785410e+02 1.744772e+13
2.930450e+02 1.212683e+13
3.083030e+02 8.331338e+12
3.243560e+02 5.698508e+12
3.412450e+02 3.811616e+12
3.590130e+02 2.526524e+12
3.777060e+02 1.655301e+12
3.973730e+02 1.067291e+12
4.180640e+02 6.846732e+11
4.398320e+02 4.299342e+11
4.627330e+02 2.594898e+11
4.868270e+02 1.552566e+11
5.121760e+02 9.458600e+10
5.388440e+02 5.662981e+10
5.669010e+02 3.478858e+10
5.964180e+02 1.843127e+10
6.274730e+02 9.506051e+09
6.601450e+02 5.002357e+09
6.945180e+02 3.311840e+09
7.306800e+02 1.771045e+09
7.687260e+02 1.100211e+09
8.087520e+02 3.674164e+08
8.508630e+02 1.409299e+08
8.951660e+02 0.000000e+00
