# # E_gamma (MeV)  Final State Radiation (MeV^-1 s^-1)
5.145440e-01 1.406815e+20
5.413360e-01 1.337033e+20
5.695230e-01 1.270706e+20
5.991770e-01 1.207662e+20
6.303750e-01 1.147739e+20
6.631980e-01 1.090781e+20
6.977300e-01 1.036641e+20
7.340600e-01 9.851814e+19
7.722810e-01 9.362692e+19
8.124930e-01 8.897767e+19
8.547980e-01 8.455862e+19
8.993070e-01 8.035815e+19
9.461320e-01 7.636571e+19
9.953960e-01 7.257080e+19
1.047230e+00 6.896338e+19
1.101750e+00 6.553531e+19
1.159120e+00 6.227626e+19
1.219470e+00 5.917888e+19
1.282970e+00 5.623444e+19
1.349770e+00 5.343600e+19
1.420050e+00 5.077599e+19
1.493990e+00 4.824761e+19
1.571780e+00 4.584438e+19
1.653620e+00 4.356010e+19
1.739730e+00 4.138867e+19
1.830310e+00 3.932503e+19
1.925610e+00 3.736345e+19
2.025880e+00 3.549882e+19
2.131360e+00 3.372666e+19
2.242340e+00 3.204211e+19
2.359100e+00 3.044092e+19
2.481930e+00 2.891910e+19
2.611160e+00 2.747256e+19
2.747120e+00 2.609761e+19
2.890160e+00 2.479072e+19
3.040650e+00 2.354850e+19
3.198970e+00 2.236782e+19
3.365530e+00 2.124561e+19
3.540770e+00 2.017891e+19
3.725140e+00 1.916498e+19
3.919100e+00 1.820131e+19
4.123160e+00 1.728534e+19
4.337850e+00 1.641470e+19
4.563720e+00 1.558717e+19
4.801340e+00 1.480065e+19
5.051340e+00 1.405305e+19
5.314360e+00 1.334247e+19
5.591070e+00 1.266709e+19
5.882190e+00 1.202516e+19
6.188470e+00 1.141502e+19
6.510690e+00 1.083512e+19
6.849700e+00 1.028392e+19
7.206350e+00 9.760057e+18
7.581580e+00 9.262135e+18
7.976340e+00 8.788898e+18
8.391660e+00 8.339110e+18
8.828600e+00 7.911625e+18
9.288290e+00 7.505335e+18
9.771920e+00 7.119188e+18
1.028070e+01 6.752222e+18
1.081600e+01 6.403436e+18
1.137920e+01 6.071943e+18
1.197170e+01 5.756917e+18
1.259510e+01 5.457510e+18
1.325090e+01 5.173000e+18
1.394080e+01 4.902643e+18
1.466670e+01 4.645696e+18
1.543040e+01 4.401524e+18
1.623380e+01 4.169519e+18
1.707910e+01 3.949043e+18
1.796840e+01 3.739551e+18
1.890400e+01 3.540500e+18
1.988830e+01 3.351378e+18
2.092380e+01 3.171703e+18
2.201330e+01 3.000988e+18
2.315950e+01 2.838810e+18
2.436540e+01 2.684745e+18
2.563410e+01 2.538396e+18
2.696880e+01 2.399392e+18
2.837300e+01 2.267366e+18
2.985040e+01 2.141971e+18
3.140470e+01 2.022891e+18
3.303990e+01 1.909818e+18
3.476020e+01 1.802459e+18
3.657010e+01 1.700532e+18
3.847430e+01 1.603770e+18
4.047760e+01 1.511927e+18
4.258520e+01 1.424763e+18
4.480250e+01 1.342050e+18
4.713530e+01 1.263569e+18
4.958960e+01 1.189116e+18
5.217170e+01 1.118495e+18
5.488820e+01 1.051524e+18
5.774620e+01 9.880219e+17
6.075290e+01 9.278242e+17
6.391620e+01 8.707676e+17
6.724430e+01 8.166990e+17
7.074560e+01 7.654760e+17
7.442920e+01 7.169587e+17
7.830470e+01 6.710138e+17
8.238190e+01 6.275175e+17
8.667140e+01 5.863482e+17
9.118430e+01 5.473906e+17
9.593210e+01 5.105356e+17
1.009270e+02 4.756780e+17
1.061820e+02 4.427155e+17
1.117110e+02 4.115494e+17
1.175280e+02 3.820881e+17
1.236470e+02 3.542463e+17
1.300850e+02 3.279315e+17
1.368590e+02 3.030590e+17
1.439850e+02 2.795536e+17
1.514820e+02 2.573346e+17
1.593690e+02 2.363271e+17
1.676680e+02 2.164545e+17
1.763980e+02 1.976524e+17
1.855830e+02 1.798509e+17
1.952460e+02 1.629885e+17
2.054120e+02 1.470079e+17
2.161070e+02 1.318587e+17
2.273600e+02 1.174970e+17
2.391980e+02 1.038980e+17
2.516530e+02 9.104393e+16
2.647560e+02 7.894183e+16
2.785410e+02 6.761799e+16
2.930450e+02 5.711212e+16
3.083030e+02 4.749548e+16
3.243560e+02 3.883062e+16
3.412450e+02 3.117644e+16
3.590130e+02 2.457335e+16
3.777060e+02 1.901693e+16
3.973730e+02 1.446377e+16
4.180640e+02 1.082797e+16
4.398320e+02 8.000126e+15
4.627330e+02 5.844126e+15
4.868270e+02 4.233071e+15
5.121760e+02 3.047662e+15
5.388440e+02 2.178303e+15
5.669010e+02 1.544084e+15
5.964180e+02 1.078319e+15
6.274730e+02 7.349871e+14
6.601450e+02 4.847553e+14
6.945180e+02 3.065897e+14
7.306800e+02 1.859610e+14
7.687260e+02 1.091161e+14
8.087520e+02 6.226099e+13
8.508630e+02 3.510129e+13
8.951660e+02 1.957696e+13
9.417770e+02 1.069203e+13
9.908140e+02 5.646509e+12
1.042400e+03 2.788183e+12
1.096680e+03 1.292946e+12
1.153780e+03 5.818901e+11
1.213860e+03 2.534335e+11
1.277060e+03 1.094451e+11
1.343560e+03 4.463768e+10
1.413520e+03 1.651074e+10
1.487120e+03 5.909115e+09
1.564550e+03 2.004900e+09
1.646010e+03 6.584052e+08
1.731720e+03 2.028871e+08
1.821890e+03 5.481228e+07
1.916750e+03 1.484332e+07
2.016550e+03 3.754569e+06
2.121550e+03 8.013114e+05
2.232020e+03 1.792509e+05
2.348230e+03 3.481767e+04
2.470500e+03 5.828167e+03
2.599140e+03 1.021920e+03
2.734470e+03 1.419991e+02
2.876850e+03 1.947445e+01
3.026650e+03 2.390550e+00
3.184240e+03 2.163430e-01
3.350040e+03 2.486442e-02
3.524470e+03 1.877291e-03
3.707990e+03 1.284538e-04
3.901060e+03 9.610429e-06
4.104180e+03 4.351118e-07
4.317880e+03 2.367439e-08
4.542710e+03 1.081072e-09
4.779240e+03 3.656435e-11
5.028090e+03 1.020800e-12
5.289890e+03 2.795278e-14
5.565330e+03 6.288104e-16
5.855110e+03 9.620133e-18
6.159980e+03 1.327132e-19
6.480720e+03 1.662557e-21
6.818160e+03 1.305048e-23
7.173170e+03 9.052210e-26
7.546670e+03 5.268719e-28
7.939620e+03 1.838414e-30
8.353020e+03 6.416245e-33
8.787950e+03 1.279425e-35
9.245530e+03 2.272868e-38
9.726930e+03 2.457115e-41
1.023340e+04 2.186459e-44
1.076620e+04 1.109461e-47
1.132680e+04 4.890856e-51
1.191660e+04 1.077588e-54
1.253710e+04 1.924194e-58
1.318990e+04 2.127093e-62
1.387660e+04 1.224705e-66
1.459920e+04 4.888117e-71
1.535930e+04 1.252362e-75
1.615910e+04 1.712095e-80
1.700050e+04 1.224235e-85
1.788570e+04 4.716419e-91
1.881690e+04 9.723067e-97
1.979670e+04 1.038931e-102
2.082750e+04 5.563828e-109
2.191200e+04 1.426600e-115
2.305290e+04 1.588485e-122
2.425320e+04 6.904576e-130
2.551610e+04 1.339525e-137
2.684460e+04 1.215933e-145
2.824240e+04 3.147030e-154
2.971300e+04 3.919562e-163
3.126010e+04 1.244116e-172
3.288770e+04 1.616817e-182
3.460020e+04 6.220547e-193
3.640170e+04 6.211332e-204
3.829710e+04 1.684709e-215
4.029120e+04 1.194020e-227
4.238910e+04 1.977105e-240
4.459630e+04 6.205499e-254
4.691830e+04 4.270946e-268
4.936130e+04 5.647280e-283
5.193150e+04 1.237658e-298
5.463550e+04 0.000000e+00
