# E_gamma(MeV)   IFA_secondary_masked(MeV^-1 s^-1)
5.145440e-01 1.036143e+20
5.413360e-01 1.690232e+20
5.695230e-01 2.446355e+20
5.991770e-01 3.097102e+20
6.303750e-01 3.618079e+20
6.631980e-01 3.990862e+20
6.977300e-01 4.229927e+20
7.340600e-01 4.359736e+20
7.722810e-01 4.404309e+20
8.124930e-01 4.384048e+20
8.547980e-01 4.315407e+20
8.993070e-01 4.211369e+20
9.461320e-01 4.082082e+20
9.953960e-01 3.935436e+20
1.047230e+00 3.777525e+20
1.101750e+00 3.613037e+20
1.159120e+00 3.445523e+20
1.219470e+00 3.277674e+20
1.282970e+00 3.111492e+20
1.349770e+00 2.948475e+20
1.420050e+00 2.789707e+20
1.493990e+00 2.635966e+20
1.571780e+00 2.487774e+20
1.653620e+00 2.345476e+20
1.739730e+00 2.209269e+20
1.830310e+00 2.079233e+20
1.925610e+00 1.955367e+20
2.025880e+00 1.837602e+20
2.131360e+00 1.725813e+20
2.242340e+00 1.619847e+20
2.359100e+00 1.519520e+20
2.481930e+00 1.424625e+20
2.611160e+00 1.334952e+20
2.747120e+00 1.250279e+20
2.890160e+00 1.170383e+20
3.040650e+00 1.095043e+20
3.198970e+00 1.024037e+20
3.365530e+00 9.571514e+19
3.540770e+00 8.941769e+19
3.725140e+00 8.349105e+19
3.919100e+00 7.791563e+19
4.123160e+00 7.267279e+19
4.337850e+00 6.774470e+19
4.563720e+00 6.311407e+19
4.801340e+00 5.876456e+19
5.051340e+00 5.468067e+19
5.314360e+00 5.084759e+19
5.591070e+00 4.725127e+19
5.882190e+00 4.387847e+19
6.188470e+00 4.071665e+19
6.510690e+00 3.775390e+19
6.849700e+00 3.497900e+19
7.206350e+00 3.238131e+19
7.581580e+00 2.995077e+19
7.976340e+00 2.767791e+19
8.391660e+00 2.555378e+19
8.828600e+00 2.356990e+19
9.288290e+00 2.171824e+19
9.771920e+00 1.999119e+19
1.028070e+01 1.838154e+19
1.081600e+01 1.688252e+19
1.137920e+01 1.548764e+19
1.197170e+01 1.419082e+19
1.259510e+01 1.298632e+19
1.325090e+01 1.186865e+19
1.394080e+01 1.083262e+19
1.466670e+01 9.873368e+18
1.543040e+01 8.986164e+18
1.623380e+01 8.166583e+18
1.707910e+01 7.410461e+18
1.796840e+01 6.713778e+18
1.890400e+01 6.072736e+18
1.988830e+01 5.483758e+18
2.092380e+01 4.943383e+18
2.201330e+01 4.448352e+18
2.315950e+01 3.995563e+18
2.436540e+01 3.582089e+18
2.563410e+01 3.205150e+18
2.696880e+01 2.862110e+18
2.837300e+01 2.550485e+18
2.985040e+01 2.267939e+18
3.140470e+01 2.012233e+18
3.303990e+01 1.781301e+18
3.476020e+01 1.573183e+18
3.657010e+01 1.386005e+18
3.847430e+01 1.218060e+18
4.047760e+01 1.067710e+18
4.258520e+01 9.334229e+17
4.480250e+01 8.137812e+17
4.713530e+01 7.074672e+17
4.958960e+01 6.132308e+17
5.217170e+01 5.299342e+17
5.488820e+01 4.565138e+17
5.774620e+01 3.919973e+17
6.075290e+01 3.354739e+17
6.391620e+01 2.860991e+17
6.724430e+01 2.431117e+17
7.074560e+01 2.058145e+17
7.442920e+01 1.735664e+17
7.830470e+01 1.457846e+17
8.238190e+01 1.219395e+17
8.667140e+01 1.015546e+17
9.118430e+01 8.420198e+16
9.593210e+01 6.949102e+16
1.009270e+02 5.706990e+16
1.061820e+02 4.663506e+16
1.117110e+02 3.791371e+16
1.175280e+02 3.065824e+16
1.236470e+02 2.464884e+16
1.300850e+02 1.970279e+16
1.368590e+02 1.565594e+16
1.439850e+02 1.236249e+16
1.514820e+02 9.695686e+15
1.593690e+02 7.554642e+15
1.676680e+02 5.845475e+15
1.763980e+02 4.491640e+15
1.855830e+02 3.424515e+15
1.952460e+02 2.592037e+15
2.054120e+02 1.945616e+15
2.161070e+02 1.449423e+15
2.273600e+02 1.070177e+15
2.391980e+02 7.842028e+14
2.516530e+02 5.694726e+14
2.647560e+02 4.102713e+14
2.785410e+02 2.927331e+14
2.930450e+02 2.067842e+14
3.083030e+02 1.446024e+14
3.243560e+02 9.997237e+13
3.412450e+02 6.839445e+13
3.590130e+02 4.624146e+13
3.777060e+02 3.084791e+13
3.973730e+02 2.031965e+13
4.180640e+02 1.321087e+13
4.398320e+02 8.460945e+12
4.627330e+02 5.340108e+12
4.868270e+02 3.313729e+12
5.121760e+02 2.019366e+12
5.388440e+02 1.219433e+12
5.669010e+02 7.286913e+11
5.964180e+02 4.274655e+11
6.274730e+02 2.445384e+11
6.601450e+02 1.338262e+11
6.945180e+02 7.125829e+10
7.306800e+02 3.873215e+10
7.687260e+02 2.098825e+10
8.087520e+02 1.044188e+10
8.508630e+02 4.390628e+09
8.951660e+02 1.260188e+09
