Hawking secondary spectra for each particle type.
energy/particle         photon       electron           nu_e          nu_mu         nu_tau         proton
    1.00000e-06    6.12927e+14    0.00000e+00    8.82056e+22    3.42176e+17    0.00000e+00    0.00000e+00
    1.05207e-06    1.12254e+15    0.00000e+00    8.42477e+22    5.23265e+17    3.31194e+11    0.00000e+00
    1.10685e-06    1.19592e+15    0.00000e+00    1.02892e+23    5.03132e+17    3.65308e+11    0.00000e+00
    1.16448e-06    1.26367e+15    0.00000e+00    1.10440e+23    5.88563e+17    4.02933e+11    0.00000e+00
    1.22511e-06    1.46420e+15    0.00000e+00    1.12202e+23    8.29291e+17    4.44434e+11    0.00000e+00
    1.28890e-06    2.45172e+15    0.00000e+00    1.47843e+23    8.64254e+17    4.90211e+11    0.00000e+00
    1.35602e-06    2.72566e+15    0.00000e+00    1.48468e+23    1.11169e+18    5.40710e+11    0.00000e+00
    1.42662e-06    2.95984e+15    0.00000e+00    1.66687e+23    1.11229e+18    5.96399e+11    0.00000e+00
    1.50090e-06    5.94019e+15    0.00000e+00    1.93864e+23    1.37752e+18    6.57827e+11    0.00000e+00
    1.57905e-06    6.90070e+15    0.00000e+00    1.85363e+23    1.72667e+18    7.25584e+11    0.00000e+00
    1.66127e-06    6.39801e+15    0.00000e+00    2.37108e+23    1.77263e+18    8.00321e+11    0.00000e+00
    1.74777e-06    1.11424e+16    0.00000e+00    2.49965e+23    2.54635e+18    8.82754e+11    0.00000e+00
    1.83878e-06    1.29853e+16    0.00000e+00    2.56382e+23    2.60615e+18    9.73685e+11    0.00000e+00
    1.93452e-06    1.33402e+16    0.00000e+00    3.07265e+23    2.99520e+18    1.07397e+12    0.00000e+00
    2.03525e-06    1.76603e+16    0.00000e+00    3.17993e+23    4.14842e+18    1.18460e+12    0.00000e+00
    2.14122e-06    2.18382e+16    0.00000e+00    3.46239e+23    4.69358e+18    1.30661e+12    0.00000e+00
    2.25271e-06    2.89609e+16    0.00000e+00    3.98876e+23    5.00871e+18    1.44119e+12    0.00000e+00
    2.37001e-06    2.97529e+16    0.00000e+00    3.96638e+23    6.02391e+18    1.58964e+12    0.00000e+00
    2.49341e-06    3.80852e+16    0.00000e+00    4.46057e+23    6.58159e+18    1.75337e+12    0.00000e+00
    2.62324e-06    4.35092e+16    0.00000e+00    4.82314e+23    8.65917e+18    1.93397e+12    0.00000e+00
    2.75983e-06    4.81047e+16    0.00000e+00    5.06774e+23    9.97869e+18    2.13317e+12    0.00000e+00
    2.90353e-06    6.62797e+16    0.00000e+00    5.74908e+23    1.03198e+19    2.35289e+12    0.00000e+00
    3.05471e-06    7.98817e+16    0.00000e+00    5.81295e+23    1.25079e+19    2.59524e+12    0.00000e+00
    3.21376e-06    8.85123e+16    0.00000e+00    6.57960e+23    1.39794e+19    2.86254e+12    0.00000e+00
    3.38110e-06    1.06297e+17    0.00000e+00    6.76469e+23    1.78831e+19    3.15739e+12    0.00000e+00
    3.55715e-06    1.40461e+17    0.00000e+00    7.39291e+23    2.20953e+19    3.48261e+12    0.00000e+00
    3.74237e-06    1.76264e+17    0.00000e+00    8.23272e+23    2.35564e+19    3.84133e+12    0.00000e+00
    3.93723e-06    1.68291e+17    0.00000e+00    8.54091e+23    2.73126e+19    4.23699e+12    0.00000e+00
    4.14223e-06    2.11388e+17    0.00000e+00    9.19711e+23    3.13856e+19    4.67339e+12    0.00000e+00
    4.35791e-06    2.98677e+17    0.00000e+00    9.78336e+23    3.68613e+19    5.15475e+12    0.00000e+00
    4.58482e-06    3.31559e+17    0.00000e+00    1.06244e+24    4.65170e+19    5.68570e+12    0.00000e+00
    4.82355e-06    3.60902e+17    0.00000e+00    1.14711e+24    5.08516e+19    6.27134e+12    0.00000e+00
    5.07471e-06    4.89189e+17    0.00000e+00    1.20751e+24    5.06847e+19    6.91731e+12    0.00000e+00
    5.33894e-06    5.28459e+17    0.00000e+00    1.28482e+24    6.99517e+19    7.62979e+12    0.00000e+00
    5.61693e-06    6.10379e+17    0.00000e+00    1.37055e+24    8.44841e+19    8.41566e+12    0.00000e+00
    5.90940e-06    6.94969e+17    0.00000e+00    1.44208e+24    9.31671e+19    9.28249e+12    0.00000e+00
    6.21709e-06    8.25135e+17    0.00000e+00    1.53152e+24    1.03497e+20    1.02386e+13    0.00000e+00
    6.54081e-06    1.00944e+18    0.00000e+00    1.66613e+24    1.20357e+20    1.12932e+13    0.00000e+00
    6.88138e-06    1.14871e+18    0.00000e+00    1.72203e+24    1.37871e+20    1.24564e+13    0.00000e+00
    7.23968e-06    1.47431e+18    0.00000e+00    1.81298e+24    1.56128e+20    1.37394e+13    0.00000e+00
    7.61664e-06    1.61664e+18    0.00000e+00    1.91541e+24    1.81944e+20    1.51546e+13    0.00000e+00
    8.01323e-06    1.66565e+18    0.00000e+00    2.00505e+24    2.27546e+20    1.67155e+13    0.00000e+00
    8.43047e-06    2.33541e+18    0.00000e+00    2.16361e+24    2.40149e+20    1.84372e+13    0.00000e+00
    8.86943e-06    2.86616e+18    0.00000e+00    2.20179e+24    2.70386e+20    2.03363e+13    0.00000e+00
    9.33125e-06    3.07291e+18    0.00000e+00    2.33534e+24    3.88300e+20    2.24309e+13    0.00000e+00
    9.81712e-06    3.52229e+18    0.00000e+00    2.44280e+24    4.52424e+20    2.47414e+13    0.00000e+00
    1.03283e-05    4.08478e+18    0.00000e+00    2.50776e+24    4.68258e+20    2.72898e+13    0.00000e+00
    1.08661e-05    4.83232e+18    0.00000e+00    2.66434e+24    5.56281e+20    3.01008e+13    0.00000e+00
    1.14318e-05    6.13598e+18    0.00000e+00    2.71361e+24    7.14736e+20    3.32008e+13    0.00000e+00
    1.20271e-05    6.65581e+18    0.00000e+00    2.85699e+24    8.87007e+20    3.66209e+13    0.00000e+00
    1.26533e-05    7.14751e+18    0.00000e+00    2.92091e+24    8.66778e+20    4.03926e+13    0.00000e+00
    1.33122e-05    8.11892e+18    0.00000e+00    3.01411e+24    1.10268e+21    4.45535e+13    0.00000e+00
    1.40053e-05    1.04274e+19    0.00000e+00    3.10969e+24    1.30618e+21    4.91422e+13    0.00000e+00
    1.47345e-05    1.26469e+19    0.00000e+00    3.18804e+24    1.43707e+21    5.42037e+13    0.00000e+00
    1.55018e-05    1.47457e+19    0.00000e+00    3.26080e+24    1.72504e+21    5.97874e+13    0.00000e+00
    1.63089e-05    1.62355e+19    0.00000e+00    3.29711e+24    2.07238e+21    6.59451e+13    0.00000e+00
    1.71581e-05    1.79321e+19    0.00000e+00    3.38485e+24    2.25407e+21    7.27377e+13    0.00000e+00
    1.80515e-05    2.06948e+19    0.00000e+00    3.40273e+24    2.58527e+21    8.02298e+13    0.00000e+00
    1.89914e-05    2.71599e+19    0.00000e+00    3.46185e+24    3.05996e+21    8.84934e+13    0.00000e+00
    1.99803e-05    3.18453e+19    0.00000e+00    3.47497e+24    3.52956e+21    9.76087e+13    0.00000e+00
    2.10206e-05    3.18947e+19    0.00000e+00    3.48658e+24    4.02615e+21    1.07662e+14    0.00000e+00
    2.21151e-05    3.84061e+19    0.00000e+00    3.49813e+24    4.17829e+21    1.18751e+14    0.00000e+00
    2.32666e-05    5.07404e+19    0.00000e+00    3.47822e+24    5.52964e+21    1.30983e+14    0.00000e+00
    2.44781e-05    5.24612e+19    0.00000e+00    3.48318e+24    5.74513e+21    1.44474e+14    0.00000e+00
    2.57526e-05    6.10197e+19    0.00000e+00    3.42468e+24    6.57326e+21    1.59355e+14    0.00000e+00
    2.70935e-05    7.37017e+19    0.00000e+00    3.37781e+24    7.70616e+21    1.75769e+14    0.00000e+00
    2.85043e-05    8.14360e+19    0.00000e+00    3.33938e+24    8.36354e+21    1.93874e+14    0.00000e+00
    2.99884e-05    8.75909e+19    0.00000e+00    3.25313e+24    9.83950e+21    2.13842e+14    0.00000e+00
    3.15499e-05    1.11581e+20    0.00000e+00    3.18156e+24    1.03320e+22    2.35869e+14    0.00000e+00
    3.31927e-05    1.33334e+20    0.00000e+00    3.08083e+24    1.22371e+22    2.60164e+14    0.00000e+00
    3.49210e-05    1.43169e+20    0.00000e+00    2.97673e+24    1.35642e+22    2.86961e+14    0.00000e+00
    3.67392e-05    1.51804e+20    0.00000e+00    2.88735e+24    1.48537e+22    3.16517e+14    0.00000e+00
    3.86522e-05    2.09381e+20    0.00000e+00    2.75558e+24    1.65528e+22    3.49119e+14    0.00000e+00
    4.06648e-05    2.39982e+20    0.00000e+00    2.63080e+24    1.91245e+22    3.85080e+14    0.00000e+00
    4.27821e-05    2.51651e+20    0.00000e+00    2.51206e+24    1.98155e+22    4.24742e+14    0.00000e+00
    4.50098e-05    2.92149e+20    0.00000e+00    2.37652e+24    2.29321e+22    4.68493e+14    0.00000e+00
    4.73533e-05    3.69764e+20    0.00000e+00    2.24170e+24    2.56445e+22    5.16746e+14    0.00000e+00
    4.98190e-05    4.42421e+20    0.00000e+00    2.09996e+24    2.66175e+22    5.69973e+14    0.00000e+00
    5.24130e-05    4.65007e+20    0.00000e+00    1.97057e+24    3.18801e+22    6.28681e+14    0.00000e+00
    5.51421e-05    5.53162e+20    0.00000e+00    1.83811e+24    3.27879e+22    6.93436e+14    0.00000e+00
    5.80132e-05    6.55184e+20    0.00000e+00    1.70550e+24    3.75626e+22    7.64859e+14    0.00000e+00
    6.10339e-05    6.96281e+20    0.00000e+00    1.57280e+24    3.99654e+22    8.43641e+14    0.00000e+00
    6.42119e-05    8.59417e+20    0.00000e+00    1.45396e+24    4.38985e+22    9.30539e+14    0.00000e+00
    6.75553e-05    1.04196e+21    0.00000e+00    1.33702e+24    5.01777e+22    1.02638e+15    0.00000e+00
    7.10728e-05    1.17202e+21    0.00000e+00    1.22487e+24    5.25533e+22    1.13210e+15    0.00000e+00
    7.47735e-05    1.29214e+21    0.00000e+00    1.12016e+24    5.79877e+22    1.24871e+15    0.00000e+00
    7.86668e-05    1.52676e+21    0.00000e+00    1.02070e+24    6.33327e+22    1.37733e+15    0.00000e+00
    8.27629e-05    1.78217e+21    0.00000e+00    9.29304e+23    6.93750e+22    1.51920e+15    0.00000e+00
    8.70722e-05    2.03310e+21    0.00000e+00    8.50362e+23    7.37902e+22    1.67567e+15    0.00000e+00
    9.16060e-05    2.21584e+21    0.00000e+00    7.66038e+23    8.19850e+22    1.84827e+15    0.00000e+00
    9.63758e-05    2.74953e+21    0.00000e+00    6.99885e+23    8.86289e+22    2.03864e+15    0.00000e+00
    1.01394e-04    3.06068e+21    0.00000e+00    6.33925e+23    9.39408e+22    2.24863e+15    0.00000e+00
    1.06673e-04    3.29877e+21    0.00000e+00    5.76519e+23    1.02405e+23    2.48022e+15    0.00000e+00
    1.12228e-04    3.94075e+21    0.00000e+00    5.27313e+23    1.10977e+23    2.73572e+15    0.00000e+00
    1.18071e-04    4.36557e+21    0.00000e+00    4.77928e+23    1.20162e+23    3.01747e+15    0.00000e+00
    1.24219e-04    5.14349e+21    0.00000e+00    4.39825e+23    1.27761e+23    3.32828e+15    0.00000e+00
    1.30687e-04    5.44271e+21    0.00000e+00    4.03165e+23    1.37329e+23    3.67111e+15    0.00000e+00
    1.37492e-04    6.39531e+21    0.00000e+00    3.73438e+23    1.49023e+23    4.04925e+15    0.00000e+00
    1.44651e-04    7.03009e+21    0.00000e+00    3.49000e+23    1.57983e+23    4.46633e+15    0.00000e+00
    1.52183e-04    7.80652e+21    0.00000e+00    3.24708e+23    1.68514e+23    4.92638e+15    0.00000e+00
    1.60106e-04    8.99657e+21    0.00000e+00    3.06631e+23    1.83114e+23    5.43374e+15    0.00000e+00
    1.68443e-04    9.94567e+21    0.00000e+00    2.91348e+23    1.92294e+23    5.99345e+15    0.00000e+00
    1.77214e-04    1.10407e+22    0.00000e+00    2.82892e+23    2.06383e+23    6.61081e+15    0.00000e+00
    1.86441e-04    1.21779e+22    0.00000e+00    2.69562e+23    2.18873e+23    7.29171e+15    0.00000e+00
    1.96149e-04    1.36234e+22    0.00000e+00    2.64833e+23    2.33432e+23    8.04279e+15    0.00000e+00
    2.06362e-04    1.49689e+22    0.00000e+00    2.61480e+23    2.48693e+23    8.87118e+15    0.00000e+00
    2.17107e-04    1.68793e+22    0.00000e+00    2.58976e+23    2.61394e+23    9.78493e+15    0.00000e+00
    2.28411e-04    1.83425e+22    0.00000e+00    2.58840e+23    2.78440e+23    1.07927e+16    0.00000e+00
    2.40304e-04    2.04789e+22    0.00000e+00    2.58875e+23    2.93516e+23    1.19066e+16    0.00000e+00
    2.52817e-04    2.19287e+22    0.00000e+00    2.63888e+23    3.07851e+23    1.31361e+16    0.00000e+00
    2.65980e-04    2.40814e+22    0.00000e+00    2.67579e+23    3.25909e+23    1.44830e+16    0.00000e+00
    2.79830e-04    2.68846e+22    0.00000e+00    2.71614e+23    3.43221e+23    1.59782e+16    0.00000e+00
    2.94400e-04    2.85311e+22    0.00000e+00    2.77219e+23    3.58391e+23    1.76287e+16    0.00000e+00
    3.09729e-04    3.20582e+22    0.00000e+00    2.84201e+23    3.78025e+23    1.94352e+16    0.00000e+00
    3.25856e-04    3.41345e+22    0.00000e+00    2.91732e+23    3.94276e+23    2.14484e+16    0.00000e+00
    3.42823e-04    3.69731e+22    0.00000e+00    3.00823e+23    4.11454e+23    2.36450e+16    0.00000e+00
    3.60673e-04    4.03392e+22    0.00000e+00    3.05228e+23    4.30869e+23    2.60958e+16    0.00000e+00
    3.79453e-04    4.35233e+22    0.00000e+00    3.15572e+23    4.48552e+23    2.87764e+16    0.00000e+00
    3.99211e-04    4.67880e+22    0.00000e+00    3.24206e+23    4.66915e+23    3.17410e+16    0.00000e+00
    4.19997e-04    5.03933e+22    0.00000e+00    3.31431e+23    4.84677e+23    3.50109e+16    0.00000e+00
    4.41866e-04    5.40113e+22    0.00000e+00    3.42031e+23    5.03386e+23    3.86029e+16    0.00000e+00
    4.64873e-04    5.81863e+22    0.00000e+00    3.48707e+23    5.20886e+23    4.25938e+16    0.00000e+00
    4.89079e-04    6.21972e+22    3.53549e-03    3.58738e+23    5.37644e+23    4.69820e+16    0.00000e+00
    5.14544e-04    6.61695e+22    2.89712e+23    3.66351e+23    5.55733e+23    5.18221e+16    0.00000e+00
    5.41336e-04    7.09092e+22    2.97191e+23    3.74251e+23    5.74790e+23    5.71611e+16    0.00000e+00
    5.69523e-04    7.50479e+22    3.02772e+23    3.82622e+23    5.89927e+23    6.30502e+16    0.00000e+00
    5.99177e-04    7.99822e+22    3.10250e+23    3.89648e+23    6.06032e+23    6.95825e+16    0.00000e+00
    6.30375e-04    8.48406e+22    3.17244e+23    3.97140e+23    6.22545e+23    7.67170e+16    0.00000e+00
    6.63198e-04    8.92041e+22    3.23506e+23    4.04337e+23    6.40435e+23    8.45722e+16    0.00000e+00
    6.97730e-04    9.44343e+22    3.29484e+23    4.09677e+23    6.53671e+23    9.33325e+16    0.00000e+00
    7.34060e-04    9.98611e+22    3.35498e+23    4.16861e+23    6.65448e+23    1.03015e+17    0.00000e+00
    7.72281e-04    1.04516e+23    3.42222e+23    4.21748e+23    6.82539e+23    1.13489e+17    0.00000e+00
    8.12493e-04    1.10151e+23    3.47759e+23    4.27174e+23    6.93948e+23    1.25346e+17    0.00000e+00
    8.54798e-04    1.15801e+23    3.52491e+23    4.32834e+23    7.06513e+23    1.38177e+17    0.00000e+00
    8.99307e-04    1.20806e+23    3.58568e+23    4.34378e+23    7.17138e+23    1.52415e+17    0.00000e+00
    9.46132e-04    1.25967e+23    3.62972e+23    4.39393e+23    7.28752e+23    1.68121e+17    0.00000e+00
    9.95396e-04    1.31645e+23    3.66434e+23    4.42565e+23    7.39621e+23    1.85283e+17    0.00000e+00
    1.04723e-03    1.37911e+23    3.69910e+23    4.45364e+23    7.46363e+23    2.04532e+17    0.00000e+00
    1.10175e-03    1.42683e+23    3.74564e+23    4.44947e+23    7.55850e+23    2.25605e+17    0.00000e+00
    1.15912e-03    1.47937e+23    3.77349e+23    4.47594e+23    7.63117e+23    2.48855e+17    0.00000e+00
    1.21947e-03    1.53540e+23    3.79063e+23    4.49458e+23    7.67749e+23    2.74792e+17    0.00000e+00
    1.28297e-03    1.59296e+23    3.81451e+23    4.49073e+23    7.74398e+23    3.02493e+17    0.00000e+00
    1.34977e-03    1.63387e+23    3.83147e+23    4.48548e+23    7.77618e+23    3.33990e+17    0.00000e+00
    1.42005e-03    1.69150e+23    3.84496e+23    4.47624e+23    7.80097e+23    3.68869e+17    0.00000e+00
    1.49399e-03    1.74304e+23    3.84730e+23    4.47117e+23    7.81859e+23    4.06451e+17    0.00000e+00
    1.57178e-03    1.78179e+23    3.85171e+23    4.44273e+23    7.82932e+23    4.48346e+17    0.00000e+00
    1.65362e-03    1.83282e+23    3.84473e+23    4.42604e+23    7.83626e+23    4.94559e+17    0.00000e+00
    1.73973e-03    1.87357e+23    3.83868e+23    4.38984e+23    7.80868e+23    5.44719e+17    0.00000e+00
    1.83031e-03    1.92416e+23    3.83242e+23    4.35883e+23    7.77905e+23    6.02600e+17    0.00000e+00
    1.92561e-03    1.95313e+23    3.80442e+23    4.31410e+23    7.75711e+23    6.63809e+17    0.00000e+00
    2.02588e-03    1.99135e+23    3.78813e+23    4.27802e+23    7.70580e+23    7.32245e+17    0.00000e+00
    2.13136e-03    2.03006e+23    3.75988e+23    4.23163e+23    7.64633e+23    8.06257e+17    0.00000e+00
    2.24234e-03    2.05910e+23    3.72942e+23    4.16556e+23    7.58162e+23    8.90778e+17    0.00000e+00
    2.35910e-03    2.08957e+23    3.69236e+23    4.11896e+23    7.50077e+23    9.82611e+17    0.00000e+00
    2.48193e-03    2.11754e+23    3.64798e+23    4.04894e+23    7.41270e+23    1.08617e+18    0.00000e+00
    2.61116e-03    2.14253e+23    3.61574e+23    3.98812e+23    7.32878e+23    1.19600e+18    0.00000e+00
    2.74712e-03    2.15775e+23    3.55483e+23    3.91124e+23    7.21696e+23    1.31932e+18    0.00000e+00
    2.89016e-03    2.17846e+23    3.50415e+23    3.83962e+23    7.10190e+23    1.45188e+18    0.00000e+00
    3.04065e-03    2.19143e+23    3.45383e+23    3.76696e+23    6.97699e+23    1.60491e+18    0.00000e+00
    3.19897e-03    2.20763e+23    3.38727e+23    3.67159e+23    6.85113e+23    1.77501e+18    0.00000e+00
    3.36553e-03    2.21038e+23    3.32680e+23    3.59169e+23    6.71994e+23    1.95363e+18    0.00000e+00
    3.54077e-03    2.21400e+23    3.25662e+23    3.50643e+23    6.56795e+23    2.14898e+18    0.00000e+00
    3.72514e-03    2.21552e+23    3.19051e+23    3.41907e+23    6.42027e+23    2.38350e+18    0.00000e+00
    3.91910e-03    2.20992e+23    3.12037e+23    3.31896e+23    6.26705e+23    2.62257e+18    0.00000e+00
    4.12316e-03    2.20811e+23    3.04156e+23    3.22668e+23    6.10063e+23    2.89306e+18    0.00000e+00
    4.33785e-03    2.19619e+23    2.96360e+23    3.13047e+23    5.94375e+23    3.19146e+18    0.00000e+00
    4.56372e-03    2.18283e+23    2.89021e+23    3.03163e+23    5.77610e+23    3.52066e+18    0.00000e+00
    4.80134e-03    2.16368e+23    2.80685e+23    2.93697e+23    5.59568e+23    3.86981e+18    0.00000e+00
    5.05134e-03    2.14548e+23    2.72514e+23    2.83008e+23    5.42547e+23    4.28240e+18    0.00000e+00
    5.31436e-03    2.11757e+23    2.64073e+23    2.73025e+23    5.24525e+23    4.72409e+18    0.00000e+00
    5.59107e-03    2.09804e+23    2.55504e+23    2.62542e+23    5.06668e+23    5.23231e+18    0.00000e+00
    5.88219e-03    2.06400e+23    2.47146e+23    2.52657e+23    4.88523e+23    5.72787e+18    0.00000e+00
    6.18847e-03    2.03081e+23    2.38044e+23    2.42796e+23    4.69765e+23    6.34183e+18    0.00000e+00
    6.51069e-03    1.99769e+23    2.29762e+23    2.31827e+23    4.52131e+23    7.02718e+18    0.00000e+00
    6.84970e-03    1.95361e+23    2.20610e+23    2.22028e+23    4.33195e+23    7.72196e+18    0.00000e+00
    7.20635e-03    1.92120e+23    2.11832e+23    2.12142e+23    4.14869e+23    8.51859e+18    0.00000e+00
    7.58158e-03    1.87523e+23    2.03388e+23    2.02264e+23    3.97145e+23    9.35134e+18    0.00000e+00
    7.97634e-03    1.82854e+23    1.94349e+23    1.92452e+23    3.78626e+23    1.04130e+19    0.00000e+00
    8.39166e-03    1.78427e+23    1.85830e+23    1.82715e+23    3.60829e+23    1.14364e+19    0.00000e+00
    8.82860e-03    1.73209e+23    1.77342e+23    1.73351e+23    3.42957e+23    1.26161e+19    0.00000e+00
    9.28829e-03    1.68550e+23    1.68818e+23    1.64206e+23    3.26258e+23    1.37935e+19    0.00000e+00
    9.77192e-03    1.63456e+23    1.60482e+23    1.55023e+23    3.08581e+23    1.52413e+19    0.00000e+00
    1.02807e-02    1.57955e+23    1.52131e+23    1.46382e+23    2.92154e+23    1.67458e+19    0.00000e+00
    1.08160e-02    1.52801e+23    1.44314e+23    1.37790e+23    2.75992e+23    1.87052e+19    0.00000e+00
    1.13792e-02    1.47236e+23    1.36325e+23    1.29475e+23    2.60029e+23    2.05538e+19    0.00000e+00
    1.19717e-02    1.41889e+23    1.28756e+23    1.21492e+23    2.44648e+23    2.27072e+19    0.00000e+00
    1.25951e-02    1.36522e+23    1.21193e+23    1.13743e+23    2.29331e+23    2.50773e+19    0.00000e+00
    1.32509e-02    1.30814e+23    1.14002e+23    1.06364e+23    2.15623e+23    2.75356e+19    0.00000e+00
    1.39408e-02    1.25506e+23    1.07128e+23    9.92520e+22    2.01210e+23    3.07228e+19    0.00000e+00
    1.46667e-02    1.19824e+23    1.00346e+23    9.21857e+22    1.87634e+23    3.35741e+19    0.00000e+00
    1.54304e-02    1.14414e+23    9.37401e+22    8.57696e+22    1.74944e+23    3.72309e+19    0.00000e+00
    1.62338e-02    1.09186e+23    8.74608e+22    7.95381e+22    1.62616e+23    4.12420e+19    0.00000e+00
    1.70791e-02    1.03711e+23    8.14375e+22    7.34731e+22    1.50782e+23    4.51503e+19    0.00000e+00
    1.79684e-02    9.84406e+22    7.57686e+22    6.79345e+22    1.39322e+23    4.99823e+19    0.00000e+00
    1.89040e-02    9.32794e+22    7.01258e+22    6.24584e+22    1.28825e+23    5.51157e+19    0.00000e+00
    1.98883e-02    8.81562e+22    6.48924e+22    5.75206e+22    1.18597e+23    6.08677e+19    0.00000e+00
    2.09238e-02    8.34485e+22    5.99250e+22    5.27404e+22    1.09125e+23    6.69820e+19    0.00000e+00
    2.20133e-02    7.83567e+22    5.51348e+22    4.81619e+22    9.98572e+22    7.37658e+19    0.00000e+00
    2.31595e-02    7.37089e+22    5.07759e+22    4.41026e+22    9.16221e+22    8.14036e+19    0.00000e+00
    2.43654e-02    6.91549e+22    4.65043e+22    4.01569e+22    8.35768e+22    8.97593e+19    0.00000e+00
    2.56341e-02    6.47442e+22    4.26002e+22    3.65022e+22    7.61730e+22    9.88325e+19    0.00000e+00
    2.69688e-02    6.04800e+22    3.88616e+22    3.30480e+22    6.93043e+22    1.08905e+20    0.00000e+00
    2.83730e-02    5.62511e+22    3.54040e+22    2.98826e+22    6.27787e+22    1.19941e+20    0.00000e+00
    2.98504e-02    5.24091e+22    3.22926e+22    2.71136e+22    5.68693e+22    1.32105e+20    0.00000e+00
    3.14047e-02    4.85912e+22    2.92320e+22    2.43008e+22    5.14410e+22    1.45479e+20    0.00000e+00
    3.30399e-02    4.49534e+22    2.64746e+22    2.18417e+22    4.63199e+22    1.60102e+20    0.00000e+00
    3.47602e-02    4.14639e+22    2.39549e+22    1.95952e+22    4.15767e+22    1.76177e+20    0.00000e+00
    3.65701e-02    3.82385e+22    2.15763e+22    1.75562e+22    3.73089e+22    1.93836e+20    0.00000e+00
    3.84743e-02    3.51934e+22    1.94468e+22    1.56695e+22    3.34305e+22    2.13133e+20    0.00000e+00
    4.04776e-02    3.21841e+22    1.74664e+22    1.39012e+22    2.98183e+22    2.34356e+20    0.00000e+00
    4.25852e-02    2.94365e+22    1.56938e+22    1.24027e+22    2.65491e+22    2.57556e+20    0.00000e+00
    4.48025e-02    2.68487e+22    1.40381e+22    1.10156e+22    2.35815e+22    2.82934e+20    0.00000e+00
    4.71353e-02    2.44654e+22    1.25547e+22    9.72890e+21    2.09437e+22    3.10756e+20    0.00000e+00
    4.95896e-02    2.21602e+22    1.12684e+22    8.58807e+21    1.85042e+22    3.41109e+20    0.00000e+00
    5.21717e-02    2.00243e+22    1.00537e+22    7.59772e+21    1.63495e+22    3.74309e+20    0.00000e+00
    5.48882e-02    1.80879e+22    8.99705e+21    6.73038e+21    1.44307e+22    4.10569e+20    0.00000e+00
    5.77462e-02    1.62695e+22    8.06812e+21    5.90164e+21    1.26936e+22    4.50052e+20    0.00000e+00
    6.07529e-02    1.45925e+22    7.24153e+21    5.21880e+21    1.11542e+22    4.93216e+20    0.00000e+00
    6.39162e-02    1.30375e+22    6.51664e+21    4.61735e+21    9.81891e+21    5.40178e+20    0.00000e+00
    6.72443e-02    1.16420e+22    5.88668e+21    4.09590e+21    8.62922e+21    5.91266e+20    0.00000e+00
    7.07456e-02    1.03519e+22    5.37151e+21    3.64312e+21    7.57940e+21    6.46934e+20    0.00000e+00
    7.44292e-02    9.18618e+21    4.91749e+21    3.25139e+21    6.66846e+21    7.07327e+20    0.00000e+00
    7.83047e-02    8.11605e+21    4.54985e+21    2.95455e+21    5.89494e+21    7.72972e+20    0.00000e+00
    8.23819e-02    7.15468e+21    4.24742e+21    2.67745e+21    5.22672e+21    8.44201e+20    0.00000e+00
    8.66714e-02    6.28810e+21    4.01374e+21    2.45938e+21    4.64667e+21    9.21284e+20    0.00000e+00
    9.11843e-02    5.50587e+21    3.85744e+21    2.29330e+21    4.16844e+21    1.00494e+21    0.00000e+00
    9.59321e-02    4.82398e+21    3.75096e+21    2.17556e+21    3.77648e+21    1.09537e+21    0.00000e+00
    1.00927e-01    4.19467e+21    3.68317e+21    2.09332e+21    3.45881e+21    1.19304e+21    0.00000e+00
    1.06182e-01    3.64539e+21    3.67961e+21    2.03023e+21    3.19599e+21    1.29867e+21    0.00000e+00
    1.11711e-01    3.15717e+21    3.72931e+21    2.01117e+21    2.99955e+21    1.41250e+21    0.00000e+00
    1.17528e-01    2.73117e+21    3.82007e+21    2.02967e+21    2.86111e+21    1.53524e+21    0.00000e+00
    1.23647e-01    2.36753e+21    3.94450e+21    2.07189e+21    2.77112e+21    1.66741e+21    0.00000e+00
    1.30085e-01    2.03824e+21    4.11508e+21    2.12937e+21    2.72037e+21    1.80940e+21    0.00000e+00
    1.36859e-01    1.75738e+21    4.33262e+21    2.21967e+21    2.70984e+21    1.96213e+21    0.00000e+00
    1.43985e-01    1.51894e+21    4.57911e+21    2.33013e+21    2.74040e+21    2.12576e+21    0.00000e+00
    1.51482e-01    1.31897e+21    4.86438e+21    2.46446e+21    2.80568e+21    2.30082e+21    0.00000e+00
    1.59369e-01    1.15704e+21    5.18348e+21    2.61599e+21    2.89762e+21    2.48785e+21    0.00000e+00
    1.67668e-01    1.01626e+21    5.53835e+21    2.78489e+21    3.01628e+21    2.68671e+21    0.00000e+00
    1.76398e-01    9.07651e+20    5.92494e+21    2.97355e+21    3.16271e+21    2.89731e+21    0.00000e+00
    1.85583e-01    8.21090e+20    6.33879e+21    3.17737e+21    3.33347e+21    3.11876e+21    0.00000e+00
    1.95246e-01    7.63160e+20    6.77700e+21    3.39424e+21    3.51903e+21    3.34972e+21    0.00000e+00
    2.05412e-01    7.23128e+20    7.23268e+21    3.62025e+21    3.72075e+21    3.58675e+21    0.00000e+00
    2.16107e-01    7.04823e+20    7.69683e+21    3.85019e+21    3.93143e+21    3.82587e+21    0.00000e+00
    2.27360e-01    7.00776e+20    8.15595e+21    4.07943e+21    4.14298e+21    4.06074e+21    0.00000e+00
    2.39198e-01    7.16840e+20    8.58347e+21    4.29263e+21    4.34263e+21    4.27912e+21    0.00000e+00
    2.51653e-01    7.49321e+20    8.96113e+21    4.48088e+21    4.51952e+21    4.47121e+21    0.00000e+00
    2.64756e-01    7.97767e+20    9.24822e+21    4.62423e+21    4.65451e+21    4.61727e+21    0.00000e+00
    2.78541e-01    8.58847e+20    9.40424e+21    4.70213e+21    4.72534e+21    4.69714e+21    0.00000e+00
    2.93045e-01    9.32136e+20    9.40039e+21    4.70007e+21    4.71723e+21    4.69660e+21    0.00000e+00
    3.08303e-01    1.01638e+21    9.17685e+21    4.58836e+21    4.60115e+21    4.58586e+21    0.00000e+00
    3.24356e-01    1.10834e+21    8.73587e+21    4.36783e+21    4.37738e+21    4.36617e+21    0.00000e+00
    3.41245e-01    1.20129e+21    8.07837e+21    4.03903e+21    4.04610e+21    4.03791e+21    0.00000e+00
    3.59013e-01    1.28630e+21    7.22806e+21    3.61395e+21    3.61913e+21    3.61316e+21    0.00000e+00
    3.77706e-01    1.35380e+21    6.25884e+21    3.12935e+21    3.13293e+21    3.12884e+21    0.00000e+00
    3.97373e-01    1.38788e+21    5.23845e+21    2.61916e+21    2.62171e+21    2.61883e+21    0.00000e+00
    4.18064e-01    1.37206e+21    4.24638e+21    2.12314e+21    2.12505e+21    2.12293e+21    0.00000e+00
    4.39832e-01    1.29964e+21    3.33162e+21    1.66577e+21    1.66705e+21    1.66563e+21    0.00000e+00
    4.62733e-01    1.16335e+21    2.55289e+21    1.27642e+21    1.27728e+21    1.27633e+21    0.00000e+00
    4.86827e-01    9.84387e+20    1.90872e+21    9.54339e+20    9.54951e+20    9.54292e+20    0.00000e+00
    5.12176e-01    7.84977e+20    1.40021e+21    7.00095e+20    7.00477e+20    7.00062e+20    0.00000e+00
    5.38844e-01    5.93978e+20    1.02482e+21    5.12402e+20    5.12662e+20    5.12384e+20    0.00000e+00
    5.66901e-01    4.27549e+20    7.46091e+20    3.73040e+20    3.73208e+20    3.73030e+20    0.00000e+00
    5.96418e-01    2.96644e+20    5.49833e+20    2.74913e+20    2.75014e+20    2.74907e+20    0.00000e+00
    6.27473e-01    2.00412e+20    4.09340e+20    2.04667e+20    2.04731e+20    2.04664e+20    0.00000e+00
    6.60145e-01    1.31836e+20    3.02382e+20    1.51190e+20    1.51227e+20    1.51188e+20    0.00000e+00
    6.94518e-01    8.76421e+19    2.18648e+20    1.09324e+20    1.09345e+20    1.09323e+20    0.00000e+00
    7.30680e-01    5.85144e+19    1.49750e+20    7.48750e+19    7.48873e+19    7.48745e+19    0.00000e+00
    7.68726e-01    3.96447e+19    9.58610e+19    4.79303e+19    4.79372e+19    4.79301e+19    0.00000e+00
    8.08752e-01    2.70476e+19    5.85580e+19    2.92789e+19    2.92825e+19    2.92788e+19    0.00000e+00
    8.50863e-01    1.75280e+19    3.37855e+19    1.68927e+19    1.68945e+19    1.68927e+19    0.00000e+00
    8.95166e-01    1.05632e+19    1.92064e+19    9.60321e+18    9.60411e+18    9.60318e+18    1.90930e-05
    9.41777e-01    5.91916e+18    1.09621e+19    5.48103e+18    5.48150e+18    5.48101e+18    5.46859e+15
    9.90814e-01    3.06700e+18    6.22494e+18    3.11247e+18    3.11270e+18    3.11247e+18    2.77920e+15
    1.04240e+00    1.59220e+18    3.55298e+18    1.77649e+18    1.77658e+18    1.77649e+18    1.15997e+15
    1.09668e+00    8.14063e+17    1.86580e+18    9.32898e+17    9.32929e+17    9.32898e+17    4.33218e+14
    1.15378e+00    4.19032e+17    8.84567e+17    4.42284e+17    4.42299e+17    4.42283e+17    1.87088e+14
    1.21386e+00    2.12504e+17    4.07319e+17    2.03659e+17    2.03664e+17    2.03659e+17    6.67698e+13
    1.27706e+00    9.50955e+16    1.77287e+17    8.86433e+16    8.86450e+16    8.86432e+16    2.25152e+13
    1.34356e+00    3.95048e+16    7.97178e+16    3.98589e+16    3.98595e+16    3.98589e+16    8.49914e+12
    1.41352e+00    1.58625e+16    3.47143e+16    1.73571e+16    1.73574e+16    1.73571e+16    3.39753e+12
    1.48712e+00    6.15754e+15    1.30217e+16    6.51083e+15    6.51095e+15    6.51083e+15    1.54377e+12
    1.56455e+00    2.47712e+15    4.78081e+15    2.39040e+15    2.39042e+15    2.39040e+15    4.45478e+11
    1.64601e+00    8.56637e+14    1.64015e+15    8.20075e+14    8.20081e+14    8.20075e+14    9.64848e+10
    1.73172e+00    2.61781e+14    5.52929e+14    2.76464e+14    2.76467e+14    2.76464e+14    3.32346e+10
    1.82189e+00    8.50796e+13    1.79869e+14    8.99344e+13    8.99356e+13    8.99344e+13    1.50463e+10
    1.91675e+00    2.50551e+13    4.81703e+13    2.40851e+13    2.40854e+13    2.40851e+13    4.93649e+09
    2.01655e+00    6.75922e+12    1.33074e+13    6.65370e+12    6.65373e+12    6.65370e+12    8.71835e+08
    2.12155e+00    1.67608e+12    3.54379e+12    1.77189e+12    1.77191e+12    1.77189e+12    1.91902e+08
    2.23202e+00    3.76495e+11    7.39317e+11    3.69659e+11    3.69661e+11    3.69659e+11    5.65788e+07
    2.34823e+00    8.77680e+10    1.71293e+11    8.56464e+10    8.56466e+10    8.56464e+10    7.74925e+06
    2.47050e+00    1.63278e+10    3.42756e+10    1.71378e+10    1.71379e+10    1.71378e+10    1.17122e+06
    2.59914e+00    2.88888e+09    5.63207e+09    2.81603e+09    2.81605e+09    2.81603e+09    3.09047e+05
    2.73447e+00    5.16132e+08    1.02956e+09    5.14778e+08    5.14778e+08    5.14778e+08    3.17947e+04
    2.87685e+00    6.97312e+07    1.42359e+08    7.11795e+07    7.11798e+07    7.11795e+07    3.00302e+03
    3.02665e+00    1.00642e+07    1.97413e+07    9.87066e+06    9.87068e+06    9.87066e+06    7.25840e+02
    3.18424e+00    1.21177e+06    2.50596e+06    1.25298e+06    1.25298e+06    1.25298e+06    7.11797e+01
    3.35004e+00    1.12232e+05    2.18384e+05    1.09192e+05    1.09192e+05    1.09192e+05    5.69248e+00
    3.52447e+00    1.27880e+04    2.61708e+04    1.30854e+04    1.30854e+04    1.30854e+04    5.61535e-02
    3.70799e+00    1.01361e+03    1.97853e+03    9.89265e+02    9.89266e+02    9.89265e+02    1.35700e-02
    3.90106e+00    6.60446e+01    1.33410e+02    6.67051e+01    6.67051e+01    6.67051e+01    2.46851e-03
    4.10418e+00    5.19909e+00    1.02663e+01    5.13316e+00    5.13316e+00    5.13316e+00    8.14987e-06
    4.31788e+00    2.31885e-01    4.56682e-01    2.28341e-01    2.28341e-01    2.28341e-01    4.35378e-07
    4.54271e+00    1.25637e-02    2.49318e-02    1.24659e-02    1.24659e-02    1.24659e-02    6.64358e-08
    4.77924e+00    5.79538e-04    1.14642e-03    5.73212e-04    5.73212e-04    5.73212e-04    1.67585e-08
    5.02809e+00    1.96592e-05    3.87743e-05    1.93871e-05    1.93871e-05    1.93871e-05    2.46890e-09
    5.28989e+00    5.45727e-07    1.07640e-06    5.38200e-07    5.38200e-07    5.38200e-07    1.08396e-10
    5.56533e+00    1.49253e-08    2.94326e-08    1.47163e-08    1.47163e-08    1.47163e-08    3.10904e-12
    5.85511e+00    3.38495e-10    6.63048e-10    3.31524e-10    3.31524e-10    3.31524e-10    3.74220e-15
    6.15998e+00    5.17482e-12    1.00941e-11    5.04706e-12    5.04706e-12    5.04706e-12    1.42670e-16
    6.48072e+00    7.06857e-14    1.38545e-13    6.92727e-14    6.92727e-14    6.92727e-14    6.83776e-18
    6.81816e+00    8.91205e-16    1.73435e-15    8.67176e-16    8.67176e-16    8.67176e-16    3.03935e-21
    7.17317e+00    7.02514e-18    1.35570e-17    6.77849e-18    6.77849e-18    6.77849e-18    2.28075e-22
    7.54667e+00    4.79941e-20    9.34784e-20    4.67392e-20    4.67392e-20    4.67392e-20    2.93883e-24
    7.93962e+00    2.82110e-22    5.41469e-22    2.70734e-22    2.70734e-22    2.70734e-22    2.52257e-26
    8.35302e+00    9.80013e-25    1.88166e-24    9.40832e-25    9.40832e-25    9.40832e-25    1.19520e-30
    8.78795e+00    3.39917e-27    6.53950e-27    3.26975e-27    3.26975e-27    3.26975e-27    2.13441e-31
    9.24553e+00    6.84733e-30    1.29432e-29    6.47160e-30    6.47160e-30    6.47160e-30    6.43309e-34
    9.72693e+00    1.19516e-32    2.29381e-32    1.14690e-32    1.14690e-32    1.14690e-32    5.35891e-39
    1.02334e+01    1.31879e-35    2.46414e-35    1.23207e-35    1.23207e-35    1.23207e-35    1.69666e-41
    1.07662e+01    1.24285e-38    2.36419e-38    1.18210e-38    1.18210e-38    1.18210e-38    7.57560e-43
    1.13268e+01    6.42710e-42    1.19476e-41    5.97381e-42    5.97381e-42    5.97381e-42    1.78533e-46
    1.19166e+01    2.56653e-45    4.80054e-45    2.40027e-45    2.40027e-45    2.40027e-45    1.24027e-52
    1.25371e+01    5.62099e-49    1.05137e-48    5.25687e-49    5.25687e-49    5.25687e-49    1.19328e-53
    1.31899e+01    1.03209e-52    1.86632e-52    9.33162e-53    9.33162e-53    9.33162e-53    2.09903e-57
    1.38766e+01    1.82274e-56    3.35325e-56    1.67663e-56    1.67663e-56    1.67663e-56    1.86786e-64
    1.45992e+01    6.35943e-61    1.17389e-60    5.86944e-61    5.86944e-61    5.86944e-61    4.86278e-69
    1.53593e+01    6.54154e-65    1.18804e-64    5.94021e-65    5.94021e-65    5.94021e-65    7.29062e-70
    1.61591e+01    6.71640e-70    1.18646e-69    5.93228e-70    5.93228e-70    5.93228e-70    2.54395e-74
    1.70005e+01    8.93253e-75    1.61266e-74    8.06332e-75    8.06332e-75    8.06332e-75    9.53705e-84
    1.78857e+01    6.28159e-80    1.14651e-79    5.73253e-80    5.73253e-80    5.73253e-80    3.01684e-85
    1.88169e+01    3.22655e-84    5.88703e-84    2.94351e-84    2.94351e-84    2.94351e-84    2.04192e-90
    1.97967e+01    4.82622e-90    8.75861e-90    4.37931e-90    4.37931e-90    4.37931e-90    7.81546e-96
    2.08275e+01    3.59255e-96    6.46007e-96    3.23003e-96    3.23003e-96    3.23003e-96   4.61569e-107
    2.19120e+01   2.85591e-103   5.09306e-103   2.54653e-103   2.54653e-103   2.54653e-103   4.41365e-108
    2.30529e+01   7.40307e-110   1.29869e-109   6.49345e-110   6.49345e-110   6.49345e-110   2.40541e-114
    2.42532e+01   1.69935e-114   2.98082e-114   1.49041e-114   1.49041e-114   1.49041e-114   8.42687e-128
    2.55161e+01   3.92095e-124   6.21521e-124   3.10760e-124   3.10760e-124   3.10760e-124   1.06604e-135
    2.68446e+01   1.42058e-128   2.25186e-128   1.12593e-128   1.12593e-128   1.12593e-128   4.41535e-137
    2.82424e+01   6.78773e-137   1.13890e-136   5.69452e-137   5.69452e-137   5.69452e-137   8.34125e-145
    2.97130e+01   1.80993e-148   2.78656e-148   1.39328e-148   1.39328e-148   1.39328e-148   2.78807e-161
    3.12601e+01   2.09385e-157   3.45201e-157   1.72600e-157   1.72600e-157   1.72600e-157   8.33887e-163
    3.28877e+01   5.51329e-162   9.08976e-162   4.54488e-162   4.54488e-162   4.54488e-162   1.09579e-180
    3.46002e+01   9.66367e-177   1.40860e-176   7.04298e-177   7.04298e-177   7.04298e-177   6.42586e-191
    3.64017e+01   2.59969e-181   3.79013e-181   1.89506e-181   1.89506e-181   1.89506e-181   1.07206e-202
    3.82971e+01   7.07456e-192   1.11330e-191   5.56648e-192   5.56648e-192   5.56648e-192   4.36714e-203
    4.02912e+01   3.38587e-203   5.44527e-203   2.72263e-203   2.72263e-203   2.72263e-203   5.77973e-226
    4.23891e+01   1.32745e-214   2.10524e-214   1.05262e-214   1.05262e-214   1.05262e-214   2.08757e-238
    4.45963e+01   1.14095e-234   1.67756e-234   8.38781e-235   8.38781e-235   8.38781e-235   1.26127e-240
    4.69183e+01   2.21630e-239   3.25869e-239   1.62934e-239   1.62934e-239   1.62934e-239   4.05430e-266
    4.93613e+01   3.53612e-253   4.49914e-253   2.24957e-253   2.24957e-253   2.24957e-253   5.51207e-281
    5.19315e+01   3.76794e-277   4.71791e-277   2.35895e-277   2.35895e-277   2.35895e-277   7.09392e-297
    5.46355e+01   4.90792e-283   6.14539e-283   3.07270e-283   3.07270e-283   3.07270e-283    0.00000e+00
    5.74803e+01   3.95537e-299   5.71793e-299   2.85897e-299   2.85897e-299   2.85897e-299    0.00000e+00
    6.04732e+01    0.00000e+00    0.00000e+00    0.00000e+00    0.00000e+00    0.00000e+00    0.00000e+00
    6.36220e+01    0.00000e+00    0.00000e+00    0.00000e+00    0.00000e+00    0.00000e+00    0.00000e+00
    6.69347e+01    0.00000e+00    0.00000e+00    0.00000e+00    0.00000e+00    0.00000e+00    0.00000e+00
    7.04199e+01    0.00000e+00    0.00000e+00    0.00000e+00    0.00000e+00    0.00000e+00    0.00000e+00
    7.40866e+01    0.00000e+00    0.00000e+00    0.00000e+00    0.00000e+00    0.00000e+00    0.00000e+00
    7.79442e+01    0.00000e+00    0.00000e+00    0.00000e+00    0.00000e+00    0.00000e+00    0.00000e+00
    8.20026e+01    0.00000e+00    0.00000e+00    0.00000e+00    0.00000e+00    0.00000e+00    0.00000e+00
    8.62724e+01    0.00000e+00    0.00000e+00    0.00000e+00    0.00000e+00    0.00000e+00    0.00000e+00
    9.07645e+01    0.00000e+00    0.00000e+00    0.00000e+00    0.00000e+00    0.00000e+00    0.00000e+00
    9.54904e+01    0.00000e+00    0.00000e+00    0.00000e+00    0.00000e+00    0.00000e+00    0.00000e+00
    1.00463e+02    0.00000e+00    0.00000e+00    0.00000e+00    0.00000e+00    0.00000e+00    0.00000e+00
    1.05693e+02    0.00000e+00    0.00000e+00    0.00000e+00    0.00000e+00    0.00000e+00    0.00000e+00
    1.11197e+02    0.00000e+00    0.00000e+00    0.00000e+00    0.00000e+00    0.00000e+00    0.00000e+00
    1.16987e+02    0.00000e+00    0.00000e+00    0.00000e+00    0.00000e+00    0.00000e+00    0.00000e+00
    1.23078e+02    0.00000e+00    0.00000e+00    0.00000e+00    0.00000e+00    0.00000e+00    0.00000e+00
    1.29486e+02    0.00000e+00    0.00000e+00    0.00000e+00    0.00000e+00    0.00000e+00    0.00000e+00
    1.36229e+02    0.00000e+00    0.00000e+00    0.00000e+00    0.00000e+00    0.00000e+00    0.00000e+00
    1.43322e+02    0.00000e+00    0.00000e+00    0.00000e+00    0.00000e+00    0.00000e+00    0.00000e+00
    1.50785e+02    0.00000e+00    0.00000e+00    0.00000e+00    0.00000e+00    0.00000e+00    0.00000e+00
    1.58636e+02    0.00000e+00    0.00000e+00    0.00000e+00    0.00000e+00    0.00000e+00    0.00000e+00
    1.66896e+02    0.00000e+00    0.00000e+00    0.00000e+00    0.00000e+00    0.00000e+00    0.00000e+00
    1.75586e+02    0.00000e+00    0.00000e+00    0.00000e+00    0.00000e+00    0.00000e+00    0.00000e+00
    1.84728e+02    0.00000e+00    0.00000e+00    0.00000e+00    0.00000e+00    0.00000e+00    0.00000e+00
    1.94347e+02    0.00000e+00    0.00000e+00    0.00000e+00    0.00000e+00    0.00000e+00    0.00000e+00
    2.04466e+02    0.00000e+00    0.00000e+00    0.00000e+00    0.00000e+00    0.00000e+00    0.00000e+00
    2.15112e+02    0.00000e+00    0.00000e+00    0.00000e+00    0.00000e+00    0.00000e+00    0.00000e+00
    2.26313e+02    0.00000e+00    0.00000e+00    0.00000e+00    0.00000e+00    0.00000e+00    0.00000e+00
    2.38097e+02    0.00000e+00    0.00000e+00    0.00000e+00    0.00000e+00    0.00000e+00    0.00000e+00
    2.50494e+02    0.00000e+00    0.00000e+00    0.00000e+00    0.00000e+00    0.00000e+00    0.00000e+00
    2.63537e+02    0.00000e+00    0.00000e+00    0.00000e+00    0.00000e+00    0.00000e+00    0.00000e+00
    2.77259e+02    0.00000e+00    0.00000e+00    0.00000e+00    0.00000e+00    0.00000e+00    0.00000e+00
    2.91696e+02    0.00000e+00    0.00000e+00    0.00000e+00    0.00000e+00    0.00000e+00    0.00000e+00
    3.06884e+02    0.00000e+00    0.00000e+00    0.00000e+00    0.00000e+00    0.00000e+00    0.00000e+00
    3.22863e+02    0.00000e+00    0.00000e+00    0.00000e+00    0.00000e+00    0.00000e+00    0.00000e+00
    3.39674e+02    0.00000e+00    0.00000e+00    0.00000e+00    0.00000e+00    0.00000e+00    0.00000e+00
    3.57360e+02    0.00000e+00    0.00000e+00    0.00000e+00    0.00000e+00    0.00000e+00    0.00000e+00
    3.75967e+02    0.00000e+00    0.00000e+00    0.00000e+00    0.00000e+00    0.00000e+00    0.00000e+00
    3.95544e+02    0.00000e+00    0.00000e+00    0.00000e+00    0.00000e+00    0.00000e+00    0.00000e+00
    4.16139e+02    0.00000e+00    0.00000e+00    0.00000e+00    0.00000e+00    0.00000e+00    0.00000e+00
    4.37807e+02    0.00000e+00    0.00000e+00    0.00000e+00    0.00000e+00    0.00000e+00    0.00000e+00
    4.60603e+02    0.00000e+00    0.00000e+00    0.00000e+00    0.00000e+00    0.00000e+00    0.00000e+00
    4.84586e+02    0.00000e+00    0.00000e+00    0.00000e+00    0.00000e+00    0.00000e+00    0.00000e+00
    5.09818e+02    0.00000e+00    0.00000e+00    0.00000e+00    0.00000e+00    0.00000e+00    0.00000e+00
    5.36363e+02    0.00000e+00    0.00000e+00    0.00000e+00    0.00000e+00    0.00000e+00    0.00000e+00
    5.64291e+02    0.00000e+00    0.00000e+00    0.00000e+00    0.00000e+00    0.00000e+00    0.00000e+00
    5.93673e+02    0.00000e+00    0.00000e+00    0.00000e+00    0.00000e+00    0.00000e+00    0.00000e+00
    6.24584e+02    0.00000e+00    0.00000e+00    0.00000e+00    0.00000e+00    0.00000e+00    0.00000e+00
    6.57106e+02    0.00000e+00    0.00000e+00    0.00000e+00    0.00000e+00    0.00000e+00    0.00000e+00
    6.91320e+02    0.00000e+00    0.00000e+00    0.00000e+00    0.00000e+00    0.00000e+00    0.00000e+00
    7.27317e+02    0.00000e+00    0.00000e+00    0.00000e+00    0.00000e+00    0.00000e+00    0.00000e+00
    7.65187e+02    0.00000e+00    0.00000e+00    0.00000e+00    0.00000e+00    0.00000e+00    0.00000e+00
    8.05029e+02    0.00000e+00    0.00000e+00    0.00000e+00    0.00000e+00    0.00000e+00    0.00000e+00
    8.46946e+02    0.00000e+00    0.00000e+00    0.00000e+00    0.00000e+00    0.00000e+00    0.00000e+00
    8.91045e+02    0.00000e+00    0.00000e+00    0.00000e+00    0.00000e+00    0.00000e+00    0.00000e+00
    9.37441e+02    0.00000e+00    0.00000e+00    0.00000e+00    0.00000e+00    0.00000e+00    0.00000e+00
    9.86252e+02    0.00000e+00    0.00000e+00    0.00000e+00    0.00000e+00    0.00000e+00    0.00000e+00
    1.03761e+03    0.00000e+00    0.00000e+00    0.00000e+00    0.00000e+00    0.00000e+00    0.00000e+00
    1.09163e+03    0.00000e+00    0.00000e+00    0.00000e+00    0.00000e+00    0.00000e+00    0.00000e+00
    1.14847e+03    0.00000e+00    0.00000e+00    0.00000e+00    0.00000e+00    0.00000e+00    0.00000e+00
    1.20827e+03    0.00000e+00    0.00000e+00    0.00000e+00    0.00000e+00    0.00000e+00    0.00000e+00
    1.27118e+03    0.00000e+00    0.00000e+00    0.00000e+00    0.00000e+00    0.00000e+00    0.00000e+00
    1.33737e+03    0.00000e+00    0.00000e+00    0.00000e+00    0.00000e+00    0.00000e+00    0.00000e+00
    1.40701e+03    0.00000e+00    0.00000e+00    0.00000e+00    0.00000e+00    0.00000e+00    0.00000e+00
    1.48027e+03    0.00000e+00    0.00000e+00    0.00000e+00    0.00000e+00    0.00000e+00    0.00000e+00
    1.55734e+03    0.00000e+00    0.00000e+00    0.00000e+00    0.00000e+00    0.00000e+00    0.00000e+00
    1.63843e+03    0.00000e+00    0.00000e+00    0.00000e+00    0.00000e+00    0.00000e+00    0.00000e+00
    1.72374e+03    0.00000e+00    0.00000e+00    0.00000e+00    0.00000e+00    0.00000e+00    0.00000e+00
    1.81350e+03    0.00000e+00    0.00000e+00    0.00000e+00    0.00000e+00    0.00000e+00    0.00000e+00
    1.90792e+03    0.00000e+00    0.00000e+00    0.00000e+00    0.00000e+00    0.00000e+00    0.00000e+00
    2.00727e+03    0.00000e+00    0.00000e+00    0.00000e+00    0.00000e+00    0.00000e+00    0.00000e+00
    2.11178e+03    0.00000e+00    0.00000e+00    0.00000e+00    0.00000e+00    0.00000e+00    0.00000e+00
    2.22174e+03    0.00000e+00    0.00000e+00    0.00000e+00    0.00000e+00    0.00000e+00    0.00000e+00
    2.33742e+03    0.00000e+00    0.00000e+00    0.00000e+00    0.00000e+00    0.00000e+00    0.00000e+00
    2.45913e+03    0.00000e+00    0.00000e+00    0.00000e+00    0.00000e+00    0.00000e+00    0.00000e+00
    2.58717e+03    0.00000e+00    0.00000e+00    0.00000e+00    0.00000e+00    0.00000e+00    0.00000e+00
    2.72188e+03    0.00000e+00    0.00000e+00    0.00000e+00    0.00000e+00    0.00000e+00    0.00000e+00
    2.86361e+03    0.00000e+00    0.00000e+00    0.00000e+00    0.00000e+00    0.00000e+00    0.00000e+00
    3.01271e+03    0.00000e+00    0.00000e+00    0.00000e+00    0.00000e+00    0.00000e+00    0.00000e+00
    3.16958e+03    0.00000e+00    0.00000e+00    0.00000e+00    0.00000e+00    0.00000e+00    0.00000e+00
    3.33462e+03    0.00000e+00    0.00000e+00    0.00000e+00    0.00000e+00    0.00000e+00    0.00000e+00
    3.50825e+03    0.00000e+00    0.00000e+00    0.00000e+00    0.00000e+00    0.00000e+00    0.00000e+00
    3.69092e+03    0.00000e+00    0.00000e+00    0.00000e+00    0.00000e+00    0.00000e+00    0.00000e+00
    3.88310e+03    0.00000e+00    0.00000e+00    0.00000e+00    0.00000e+00    0.00000e+00    0.00000e+00
    4.08529e+03    0.00000e+00    0.00000e+00    0.00000e+00    0.00000e+00    0.00000e+00    0.00000e+00
    4.29800e+03    0.00000e+00    0.00000e+00    0.00000e+00    0.00000e+00    0.00000e+00    0.00000e+00
    4.52179e+03    0.00000e+00    0.00000e+00    0.00000e+00    0.00000e+00    0.00000e+00    0.00000e+00
    4.75724e+03    0.00000e+00    0.00000e+00    0.00000e+00    0.00000e+00    0.00000e+00    0.00000e+00
    5.00494e+03    0.00000e+00    0.00000e+00    0.00000e+00    0.00000e+00    0.00000e+00    0.00000e+00
    5.26554e+03    0.00000e+00    0.00000e+00    0.00000e+00    0.00000e+00    0.00000e+00    0.00000e+00
    5.53971e+03    0.00000e+00    0.00000e+00    0.00000e+00    0.00000e+00    0.00000e+00    0.00000e+00
    5.82815e+03    0.00000e+00    0.00000e+00    0.00000e+00    0.00000e+00    0.00000e+00    0.00000e+00
    6.13162e+03    0.00000e+00    0.00000e+00    0.00000e+00    0.00000e+00    0.00000e+00    0.00000e+00
    6.45088e+03    0.00000e+00    0.00000e+00    0.00000e+00    0.00000e+00    0.00000e+00    0.00000e+00
    6.78677e+03    0.00000e+00    0.00000e+00    0.00000e+00    0.00000e+00    0.00000e+00    0.00000e+00
    7.14015e+03    0.00000e+00    0.00000e+00    0.00000e+00    0.00000e+00    0.00000e+00    0.00000e+00
    7.51193e+03    0.00000e+00    0.00000e+00    0.00000e+00    0.00000e+00    0.00000e+00    0.00000e+00
    7.90307e+03    0.00000e+00    0.00000e+00    0.00000e+00    0.00000e+00    0.00000e+00    0.00000e+00
    8.31457e+03    0.00000e+00    0.00000e+00    0.00000e+00    0.00000e+00    0.00000e+00    0.00000e+00
    8.74750e+03    0.00000e+00    0.00000e+00    0.00000e+00    0.00000e+00    0.00000e+00    0.00000e+00
    9.20297e+03    0.00000e+00    0.00000e+00    0.00000e+00    0.00000e+00    0.00000e+00    0.00000e+00
    9.68215e+03    0.00000e+00    0.00000e+00    0.00000e+00    0.00000e+00    0.00000e+00    0.00000e+00
    1.01863e+04    0.00000e+00    0.00000e+00    0.00000e+00    0.00000e+00    0.00000e+00    0.00000e+00
    1.07167e+04    0.00000e+00    0.00000e+00    0.00000e+00    0.00000e+00    0.00000e+00    0.00000e+00
    1.12747e+04    0.00000e+00    0.00000e+00    0.00000e+00    0.00000e+00    0.00000e+00    0.00000e+00
    1.18617e+04    0.00000e+00    0.00000e+00    0.00000e+00    0.00000e+00    0.00000e+00    0.00000e+00
    1.24794e+04    0.00000e+00    0.00000e+00    0.00000e+00    0.00000e+00    0.00000e+00    0.00000e+00
    1.31291e+04    0.00000e+00    0.00000e+00    0.00000e+00    0.00000e+00    0.00000e+00    0.00000e+00
    1.38128e+04    0.00000e+00    0.00000e+00    0.00000e+00    0.00000e+00    0.00000e+00    0.00000e+00
    1.45320e+04    0.00000e+00    0.00000e+00    0.00000e+00    0.00000e+00    0.00000e+00    0.00000e+00
    1.52886e+04    0.00000e+00    0.00000e+00    0.00000e+00    0.00000e+00    0.00000e+00    0.00000e+00
    1.60847e+04    0.00000e+00    0.00000e+00    0.00000e+00    0.00000e+00    0.00000e+00    0.00000e+00
    1.69222e+04    0.00000e+00    0.00000e+00    0.00000e+00    0.00000e+00    0.00000e+00    0.00000e+00
    1.78033e+04    0.00000e+00    0.00000e+00    0.00000e+00    0.00000e+00    0.00000e+00    0.00000e+00
    1.87303e+04    0.00000e+00    0.00000e+00    0.00000e+00    0.00000e+00    0.00000e+00    0.00000e+00
    1.97056e+04    0.00000e+00    0.00000e+00    0.00000e+00    0.00000e+00    0.00000e+00    0.00000e+00
    2.07316e+04    0.00000e+00    0.00000e+00    0.00000e+00    0.00000e+00    0.00000e+00    0.00000e+00
    2.18111e+04    0.00000e+00    0.00000e+00    0.00000e+00    0.00000e+00    0.00000e+00    0.00000e+00
    2.29468e+04    0.00000e+00    0.00000e+00    0.00000e+00    0.00000e+00    0.00000e+00    0.00000e+00
    2.41416e+04    0.00000e+00    0.00000e+00    0.00000e+00    0.00000e+00    0.00000e+00    0.00000e+00
    2.53986e+04    0.00000e+00    0.00000e+00    0.00000e+00    0.00000e+00    0.00000e+00    0.00000e+00
    2.67211e+04    0.00000e+00    0.00000e+00    0.00000e+00    0.00000e+00    0.00000e+00    0.00000e+00
    2.81124e+04    0.00000e+00    0.00000e+00    0.00000e+00    0.00000e+00    0.00000e+00    0.00000e+00
    2.95762e+04    0.00000e+00    0.00000e+00    0.00000e+00    0.00000e+00    0.00000e+00    0.00000e+00
    3.11162e+04    0.00000e+00    0.00000e+00    0.00000e+00    0.00000e+00    0.00000e+00    0.00000e+00
    3.27363e+04    0.00000e+00    0.00000e+00    0.00000e+00    0.00000e+00    0.00000e+00    0.00000e+00
    3.44409e+04    0.00000e+00    0.00000e+00    0.00000e+00    0.00000e+00    0.00000e+00    0.00000e+00
    3.62342e+04    0.00000e+00    0.00000e+00    0.00000e+00    0.00000e+00    0.00000e+00    0.00000e+00
    3.81208e+04    0.00000e+00    0.00000e+00    0.00000e+00    0.00000e+00    0.00000e+00    0.00000e+00
    4.01057e+04    0.00000e+00    0.00000e+00    0.00000e+00    0.00000e+00    0.00000e+00    0.00000e+00
    4.21940e+04    0.00000e+00    0.00000e+00    0.00000e+00    0.00000e+00    0.00000e+00    0.00000e+00
    4.43910e+04    0.00000e+00    0.00000e+00    0.00000e+00    0.00000e+00    0.00000e+00    0.00000e+00
    4.67023e+04    0.00000e+00    0.00000e+00    0.00000e+00    0.00000e+00    0.00000e+00    0.00000e+00
    4.91341e+04    0.00000e+00    0.00000e+00    0.00000e+00    0.00000e+00    0.00000e+00    0.00000e+00
    5.16924e+04    0.00000e+00    0.00000e+00    0.00000e+00    0.00000e+00    0.00000e+00    0.00000e+00
    5.43840e+04    0.00000e+00    0.00000e+00    0.00000e+00    0.00000e+00    0.00000e+00    0.00000e+00
    5.72157e+04    0.00000e+00    0.00000e+00    0.00000e+00    0.00000e+00    0.00000e+00    0.00000e+00
    6.01948e+04    0.00000e+00    0.00000e+00    0.00000e+00    0.00000e+00    0.00000e+00    0.00000e+00
    6.33291e+04    0.00000e+00    0.00000e+00    0.00000e+00    0.00000e+00    0.00000e+00    0.00000e+00
    6.66265e+04    0.00000e+00    0.00000e+00    0.00000e+00    0.00000e+00    0.00000e+00    0.00000e+00
    7.00957e+04    0.00000e+00    0.00000e+00    0.00000e+00    0.00000e+00    0.00000e+00    0.00000e+00
    7.37455e+04    0.00000e+00    0.00000e+00    0.00000e+00    0.00000e+00    0.00000e+00    0.00000e+00
    7.75853e+04    0.00000e+00    0.00000e+00    0.00000e+00    0.00000e+00    0.00000e+00    0.00000e+00
    8.16251e+04    0.00000e+00    0.00000e+00    0.00000e+00    0.00000e+00    0.00000e+00    0.00000e+00
    8.58752e+04    0.00000e+00    0.00000e+00    0.00000e+00    0.00000e+00    0.00000e+00    0.00000e+00
    9.03466e+04    0.00000e+00    0.00000e+00    0.00000e+00    0.00000e+00    0.00000e+00    0.00000e+00
    9.50508e+04    0.00000e+00    0.00000e+00    0.00000e+00    0.00000e+00    0.00000e+00    0.00000e+00
    1.00000e+05    0.00000e+00    0.00000e+00    0.00000e+00    0.00000e+00    0.00000e+00    0.00000e+00
