# E_gamma(MeV)   IFA_secondary_masked(MeV^-1 s^-1)
5.145440e-01 1.703261e+12
5.413360e-01 7.903468e+12
5.695230e-01 2.627719e+13
5.991770e-01 6.353069e+13
6.303750e-01 1.133263e+14
6.631980e-01 1.881808e+14
6.977300e-01 2.803791e+14
7.340600e-01 3.687990e+14
7.722810e-01 4.435608e+14
8.124930e-01 5.050124e+14
8.547980e-01 5.358696e+14
8.993070e-01 5.358964e+14
9.461320e-01 5.224577e+14
9.953960e-01 4.926038e+14
1.047230e+00 4.496035e+14
1.101750e+00 3.964620e+14
1.159120e+00 3.432462e+14
1.219470e+00 2.912276e+14
1.282970e+00 2.465097e+14
1.349770e+00 2.114894e+14
1.420050e+00 1.872558e+14
1.493990e+00 1.679033e+14
1.571780e+00 1.485970e+14
1.653620e+00 1.293545e+14
1.739730e+00 1.101446e+14
1.830310e+00 9.088343e+13
1.925610e+00 7.146453e+13
2.025880e+00 5.521351e+13
2.131360e+00 4.214517e+13
2.242340e+00 3.229518e+13
2.359100e+00 2.573645e+13
2.481930e+00 2.255394e+13
2.611160e+00 1.939779e+13
2.747120e+00 1.623135e+13
2.890160e+00 1.301174e+13
3.040650e+00 1.003941e+13
3.198970e+00 7.592861e+12
3.365530e+00 5.681780e+12
3.540770e+00 4.325966e+12
3.725140e+00 3.555060e+12
3.919100e+00 3.055236e+12
4.123160e+00 2.537218e+12
4.337850e+00 2.056464e+12
4.563720e+00 1.654177e+12
4.801340e+00 1.333068e+12
5.051340e+00 1.098692e+12
5.314360e+00 9.613940e+11
5.591070e+00 8.639108e+11
5.882190e+00 7.710502e+11
6.188470e+00 6.842156e+11
6.510690e+00 6.029802e+11
6.849700e+00 5.267702e+11
7.206350e+00 4.551466e+11
7.581580e+00 3.882728e+11
7.976340e+00 3.245610e+11
8.391660e+00 2.628506e+11
8.828600e+00 2.012410e+11
9.288290e+00 1.486798e+11
9.771920e+00 1.042034e+11
1.028070e+01 6.714675e+10
1.081600e+01 3.829937e+10
1.137920e+01 2.345663e+10
1.197170e+01 1.494820e+10
1.259510e+01 8.253317e+09
1.325090e+01 4.065165e+09
1.394080e+01 3.050618e+09
1.466670e+01 2.113067e+09
1.543040e+01 1.389366e+09
1.623380e+01 9.433813e+08
1.707910e+01 5.860571e+08
1.796840e+01 3.228826e+08
1.890400e+01 1.922105e+08
1.988830e+01 9.371001e+07
2.092380e+01 4.344285e+07
2.201330e+01 1.128908e+07
2.315950e+01 5.636587e+06
2.436540e+01 2.381024e+06
2.563410e+01 1.221711e+06
2.696880e+01 5.913250e+05
2.837300e+01 2.471751e+05
2.985040e+01 6.925083e+04
3.140470e+01 2.245167e+04
3.303990e+01 7.315229e+03
3.476020e+01 1.541025e+03
3.657010e+01 5.693302e+02
3.847430e+01 1.484205e+02
4.047760e+01 5.874001e+01
4.258520e+01 1.621399e+01
4.480250e+01 6.446747e+00
4.713530e+01 1.319692e+00
4.958960e+01 1.935262e-01
5.217170e+01 1.783679e-02
5.488820e+01 6.825173e-03
5.774620e+01 1.737269e-03
6.075290e+01 6.423800e-04
6.391620e+01 1.513800e-04
6.724430e+01 5.274482e-05
7.074560e+01 1.180145e-05
7.442920e+01 4.832658e-06
7.830470e+01 1.107990e-06
8.238190e+01 4.047875e-07
8.667140e+01 9.985597e-08
9.118430e+01 3.920670e-08
9.593210e+01 9.019766e-09
1.009270e+02 0.000000e+00
1.061820e+02 0.000000e+00
1.117110e+02 0.000000e+00
1.175280e+02 0.000000e+00
1.236470e+02 0.000000e+00
1.300850e+02 0.000000e+00
1.368590e+02 0.000000e+00
1.439850e+02 0.000000e+00
1.514820e+02 0.000000e+00
1.593690e+02 0.000000e+00
1.676680e+02 0.000000e+00
1.763980e+02 0.000000e+00
1.855830e+02 0.000000e+00
1.952460e+02 0.000000e+00
2.054120e+02 0.000000e+00
2.161070e+02 0.000000e+00
2.273600e+02 0.000000e+00
2.391980e+02 0.000000e+00
2.516530e+02 0.000000e+00
2.647560e+02 0.000000e+00
2.785410e+02 0.000000e+00
2.930450e+02 0.000000e+00
3.083030e+02 0.000000e+00
3.243560e+02 0.000000e+00
3.412450e+02 0.000000e+00
3.590130e+02 0.000000e+00
3.777060e+02 0.000000e+00
3.973730e+02 0.000000e+00
4.180640e+02 0.000000e+00
4.398320e+02 0.000000e+00
4.627330e+02 0.000000e+00
4.868270e+02 0.000000e+00
5.121760e+02 0.000000e+00
5.388440e+02 0.000000e+00
5.669010e+02 0.000000e+00
5.964180e+02 0.000000e+00
6.274730e+02 0.000000e+00
6.601450e+02 0.000000e+00
6.945180e+02 0.000000e+00
7.306800e+02 0.000000e+00
7.687260e+02 0.000000e+00
8.087520e+02 0.000000e+00
8.508630e+02 0.000000e+00
8.951660e+02 0.000000e+00
9.417770e+02 0.000000e+00
9.908140e+02 0.000000e+00
1.042400e+03 0.000000e+00
