Hawking secondary spectra for each particle type.
energy/particle         photon       electron           nu_e          nu_mu         nu_tau         proton
    1.00000e-06    1.02066e+18    0.00000e+00    2.32545e+22    1.77595e+20    0.00000e+00    0.00000e+00
    1.05207e-06    1.78820e+18    0.00000e+00    2.17074e+22    2.30733e+20    7.17147e+14    0.00000e+00
    1.10685e-06    1.92546e+18    0.00000e+00    2.01175e+22    2.35907e+20    7.91014e+14    0.00000e+00
    1.16448e-06    2.04162e+18    0.00000e+00    1.87481e+22    2.59356e+20    8.72486e+14    0.00000e+00
    1.22511e-06    2.29319e+18    0.00000e+00    1.71732e+22    3.17159e+20    9.62349e+14    0.00000e+00
    1.28890e-06    3.69800e+18    0.00000e+00    1.59677e+22    3.24267e+20    1.06147e+15    0.00000e+00
    1.35602e-06    4.16468e+18    0.00000e+00    1.45556e+22    3.65947e+20    1.17082e+15    0.00000e+00
    1.42662e-06    4.42326e+18    0.00000e+00    1.33797e+22    4.13147e+20    1.29140e+15    0.00000e+00
    1.50090e-06    7.95961e+18    0.00000e+00    1.21272e+22    4.53583e+20    1.42442e+15    0.00000e+00
    1.57905e-06    9.29150e+18    0.00000e+00    1.11563e+22    4.84851e+20    1.57113e+15    0.00000e+00
    1.66127e-06    8.82538e+18    0.00000e+00    1.00718e+22    5.25071e+20    1.73296e+15    0.00000e+00
    1.74777e-06    1.30576e+19    0.00000e+00    9.19205e+21    6.19121e+20    1.91146e+15    0.00000e+00
    1.83878e-06    1.51546e+19    0.00000e+00    8.27685e+21    6.23512e+20    2.10836e+15    0.00000e+00
    1.93452e-06    1.48053e+19    0.00000e+00    7.53139e+21    7.29811e+20    2.32551e+15    0.00000e+00
    2.03525e-06    1.82565e+19    0.00000e+00    6.81132e+21    7.50874e+20    2.56505e+15    0.00000e+00
    2.14122e-06    2.19648e+19    0.00000e+00    6.14577e+21    8.40581e+20    2.82924e+15    0.00000e+00
    2.25271e-06    2.41547e+19    0.00000e+00    5.61264e+21    8.95605e+20    3.12066e+15    0.00000e+00
    2.37001e-06    2.46447e+19    0.00000e+00    5.06303e+21    9.82086e+20    3.44210e+15    0.00000e+00
    2.49341e-06    3.07980e+19    0.00000e+00    4.60749e+21    1.08652e+21    3.79663e+15    0.00000e+00
    2.62324e-06    3.65735e+19    0.00000e+00    4.25663e+21    1.15948e+21    4.18769e+15    0.00000e+00
    2.75983e-06    3.99037e+19    0.00000e+00    3.86204e+21    1.23921e+21    4.61903e+15    0.00000e+00
    2.90353e-06    4.62453e+19    0.00000e+00    3.56706e+21    1.37720e+21    5.09480e+15    0.00000e+00
    3.05471e-06    5.57862e+19    0.00000e+00    3.29519e+21    1.46577e+21    5.61956e+15    0.00000e+00
    3.21376e-06    5.83950e+19    0.00000e+00    3.12126e+21    1.55141e+21    6.19836e+15    0.00000e+00
    3.38110e-06    6.80450e+19    0.00000e+00    2.88073e+21    1.68790e+21    6.83681e+15    0.00000e+00
    3.55715e-06    7.83525e+19    0.00000e+00    2.75806e+21    1.81085e+21    7.54102e+15    0.00000e+00
    3.74237e-06    8.98151e+19    0.00000e+00    2.64706e+21    1.93483e+21    8.31777e+15    0.00000e+00
    3.93723e-06    9.63180e+19    0.00000e+00    2.56531e+21    2.05581e+21    9.17450e+15    0.00000e+00
    4.14223e-06    1.13929e+20    0.00000e+00    2.52278e+21    2.21995e+21    1.01195e+16    0.00000e+00
    4.35791e-06    1.26217e+20    0.00000e+00    2.46503e+21    2.34977e+21    1.11618e+16    0.00000e+00
    4.58482e-06    1.42057e+20    0.00000e+00    2.47806e+21    2.48431e+21    1.23114e+16    0.00000e+00
    4.82355e-06    1.60786e+20    0.00000e+00    2.44644e+21    2.67930e+21    1.35796e+16    0.00000e+00
    5.07471e-06    1.74323e+20    0.00000e+00    2.50024e+21    2.80483e+21    1.49783e+16    0.00000e+00
    5.33894e-06    1.88771e+20    0.00000e+00    2.51100e+21    2.98502e+21    1.65211e+16    0.00000e+00
    5.61693e-06    2.17730e+20    0.00000e+00    2.53143e+21    3.13995e+21    1.82227e+16    0.00000e+00
    5.90940e-06    2.33537e+20    0.00000e+00    2.60682e+21    3.32007e+21    2.00997e+16    0.00000e+00
    6.21709e-06    2.57589e+20    0.00000e+00    2.68089e+21    3.46183e+21    2.21700e+16    0.00000e+00
    6.54081e-06    2.81196e+20    0.00000e+00    2.72324e+21    3.68121e+21    2.44535e+16    0.00000e+00
    6.88138e-06    3.13170e+20    0.00000e+00    2.82058e+21    3.83457e+21    2.69723e+16    0.00000e+00
    7.23968e-06    3.43914e+20    0.00000e+00    2.89966e+21    4.02091e+21    2.97504e+16    0.00000e+00
    7.61664e-06    3.66786e+20    0.00000e+00    2.96137e+21    4.17624e+21    3.28147e+16    0.00000e+00
    8.01323e-06    4.13289e+20    0.00000e+00    3.07217e+21    4.39388e+21    3.61947e+16    0.00000e+00
    8.43047e-06    4.35234e+20    0.00000e+00    3.14609e+21    4.57461e+21    3.99228e+16    0.00000e+00
    8.86943e-06    4.74089e+20    0.00000e+00    3.23553e+21    4.75882e+21    4.40349e+16    0.00000e+00
    9.33125e-06    5.15046e+20    0.00000e+00    3.31706e+21    4.92619e+21    4.85705e+16    0.00000e+00
    9.81712e-06    5.52006e+20    0.00000e+00    3.41638e+21    5.13207e+21    5.35734e+16    0.00000e+00
    1.03283e-05    5.94926e+20    0.00000e+00    3.50234e+21    5.33483e+21    5.90917e+16    0.00000e+00
    1.08661e-05    6.30625e+20    0.00000e+00    3.58189e+21    5.46771e+21    6.51784e+16    0.00000e+00
    1.14318e-05    6.76981e+20    0.00000e+00    3.70545e+21    5.65671e+21    7.18909e+16    0.00000e+00
    1.20271e-05    7.12712e+20    0.00000e+00    3.72202e+21    5.84335e+21    7.92965e+16    0.00000e+00
    1.26533e-05    7.70357e+20    0.00000e+00    3.84143e+21    5.99484e+21    8.74636e+16    0.00000e+00
    1.33122e-05    8.14949e+20    0.00000e+00    3.90160e+21    6.15026e+21    9.64733e+16    0.00000e+00
    1.40053e-05    8.62232e+20    0.00000e+00    3.96115e+21    6.33438e+21    1.06409e+17    0.00000e+00
    1.47345e-05    9.05141e+20    0.00000e+00    4.04427e+21    6.45005e+21    1.17369e+17    0.00000e+00
    1.55018e-05    9.73445e+20    0.00000e+00    4.10892e+21    6.63964e+21    1.29460e+17    0.00000e+00
    1.63089e-05    1.02763e+21    0.00000e+00    4.15956e+21    6.73543e+21    1.42793e+17    0.00000e+00
    1.71581e-05    1.06699e+21    0.00000e+00    4.19814e+21    6.90171e+21    1.57502e+17    0.00000e+00
    1.80515e-05    1.13350e+21    0.00000e+00    4.25711e+21    7.02750e+21    1.73724e+17    0.00000e+00
    1.89914e-05    1.19359e+21    0.00000e+00    4.29699e+21    7.12629e+21    1.91618e+17    0.00000e+00
    1.99803e-05    1.24265e+21    0.00000e+00    4.33401e+21    7.26771e+21    2.11356e+17    0.00000e+00
    2.10206e-05    1.29812e+21    0.00000e+00    4.34931e+21    7.35314e+21    2.33124e+17    0.00000e+00
    2.21151e-05    1.36176e+21    0.00000e+00    4.39220e+21    7.44170e+21    2.57136e+17    0.00000e+00
    2.32666e-05    1.42163e+21    0.00000e+00    4.39475e+21    7.54071e+21    2.83621e+17    0.00000e+00
    2.44781e-05    1.46889e+21    0.00000e+00    4.41637e+21    7.60242e+21    3.12836e+17    0.00000e+00
    2.57526e-05    1.53050e+21    0.00000e+00    4.41855e+21    7.67039e+21    3.45057e+17    0.00000e+00
    2.70935e-05    1.58848e+21    0.00000e+00    4.42837e+21    7.70608e+21    3.80598e+17    0.00000e+00
    2.85043e-05    1.63486e+21    0.00000e+00    4.41864e+21    7.75962e+21    4.19802e+17    0.00000e+00
    2.99884e-05    1.68701e+21    0.00000e+00    4.40923e+21    7.80724e+21    4.63040e+17    0.00000e+00
    3.15499e-05    1.73922e+21    0.00000e+00    4.41774e+21    7.81242e+21    5.10735e+17    0.00000e+00
    3.31927e-05    1.79100e+21    0.00000e+00    4.38192e+21    7.82296e+21    5.63343e+17    0.00000e+00
    3.49210e-05    1.83155e+21    0.00000e+00    4.35617e+21    7.83549e+21    6.21368e+17    0.00000e+00
    3.67392e-05    1.87564e+21    0.00000e+00    4.33342e+21    7.80183e+21    6.85366e+17    0.00000e+00
    3.86522e-05    1.92686e+21    0.00000e+00    4.30797e+21    7.79105e+21    7.55961e+17    0.00000e+00
    4.06648e-05    1.96098e+21    0.00000e+00    4.25286e+21    7.75224e+21    8.33827e+17    0.00000e+00
    4.27821e-05    1.99578e+21    0.00000e+00    4.22502e+21    7.69499e+21    9.19710e+17    0.00000e+00
    4.50098e-05    2.04103e+21    0.00000e+00    4.16989e+21    7.63917e+21    1.01444e+18    0.00000e+00
    4.73533e-05    2.07114e+21    0.00000e+00    4.12191e+21    7.56915e+21    1.11893e+18    0.00000e+00
    4.98190e-05    2.10145e+21    0.00000e+00    4.04596e+21    7.49545e+21    1.23418e+18    0.00000e+00
    5.24130e-05    2.13413e+21    0.00000e+00    3.99866e+21    7.39617e+21    1.36131e+18    0.00000e+00
    5.51421e-05    2.15798e+21    0.00000e+00    3.92814e+21    7.29358e+21    1.50152e+18    0.00000e+00
    5.80132e-05    2.17696e+21    0.00000e+00    3.84738e+21    7.19529e+21    1.65618e+18    0.00000e+00
    6.10339e-05    2.19925e+21    0.00000e+00    3.78338e+21    7.06838e+21    1.82677e+18    0.00000e+00
    6.42119e-05    2.21057e+21    0.00000e+00    3.69946e+21    6.95088e+21    2.01493e+18    0.00000e+00
    6.75553e-05    2.22565e+21    0.00000e+00    3.62246e+21    6.82005e+21    2.22247e+18    0.00000e+00
    7.10728e-05    2.22773e+21    0.00000e+00    3.53288e+21    6.67766e+21    2.45138e+18    0.00000e+00
    7.47735e-05    2.23970e+21    0.00000e+00    3.44635e+21    6.53521e+21    2.70388e+18    0.00000e+00
    7.86668e-05    2.23470e+21    0.00000e+00    3.35576e+21    6.37940e+21    2.98238e+18    0.00000e+00
    8.27629e-05    2.23771e+21    0.00000e+00    3.25345e+21    6.23601e+21    3.28957e+18    0.00000e+00
    8.70722e-05    2.22689e+21    0.00000e+00    3.16524e+21    6.05603e+21    3.62839e+18    0.00000e+00
    9.16060e-05    2.21582e+21    0.00000e+00    3.06976e+21    5.89858e+21    4.00213e+18    0.00000e+00
    9.63758e-05    2.20353e+21    0.00000e+00    2.96871e+21    5.72684e+21    4.41435e+18    0.00000e+00
    1.01394e-04    2.18701e+21    0.00000e+00    2.86636e+21    5.55323e+21    4.86904e+18    0.00000e+00
    1.06673e-04    2.16403e+21    0.00000e+00    2.76075e+21    5.37310e+21    5.37051e+18    0.00000e+00
    1.12228e-04    2.14341e+21    0.00000e+00    2.66926e+21    5.18778e+21    5.92375e+18    0.00000e+00
    1.18071e-04    2.11465e+21    0.00000e+00    2.55623e+21    5.01386e+21    6.53384e+18    0.00000e+00
    1.24219e-04    2.07785e+21    0.00000e+00    2.46624e+21    4.81550e+21    7.20686e+18    0.00000e+00
    1.30687e-04    2.05295e+21    0.00000e+00    2.35480e+21    4.63615e+21    7.94918e+18    0.00000e+00
    1.37492e-04    2.00816e+21    0.00000e+00    2.26159e+21    4.45538e+21    8.76799e+18    0.00000e+00
    1.44651e-04    1.97246e+21    0.00000e+00    2.15823e+21    4.25936e+21    9.67110e+18    0.00000e+00
    1.52183e-04    1.93330e+21    0.00000e+00    2.06183e+21    4.08326e+21    1.06673e+19    0.00000e+00
    1.60106e-04    1.88224e+21    0.00000e+00    1.96011e+21    3.89401e+21    1.17659e+19    0.00000e+00
    1.68443e-04    1.84266e+21    0.00000e+00    1.86429e+21    3.72098e+21    1.28461e+19    0.00000e+00
    1.77214e-04    1.78983e+21    0.00000e+00    1.77081e+21    3.53528e+21    1.41931e+19    0.00000e+00
    1.86441e-04    1.74326e+21    0.00000e+00    1.67891e+21    3.36143e+21    1.56845e+19    0.00000e+00
    1.96149e-04    1.68738e+21    0.00000e+00    1.58884e+21    3.18893e+21    1.73291e+19    0.00000e+00
    2.06362e-04    1.64079e+21    0.00000e+00    1.50101e+21    3.02311e+21    1.91412e+19    0.00000e+00
    2.17107e-04    1.58323e+21    0.00000e+00    1.41835e+21    2.85841e+21    2.11483e+19    0.00000e+00
    2.28411e-04    1.52630e+21    0.00000e+00    1.33474e+21    2.69315e+21    2.33581e+19    0.00000e+00
    2.40304e-04    1.47381e+21    0.00000e+00    1.25685e+21    2.54265e+21    2.57999e+19    0.00000e+00
    2.52817e-04    1.41763e+21    0.00000e+00    1.18160e+21    2.39079e+21    2.84979e+19    0.00000e+00
    2.65980e-04    1.36043e+21    0.00000e+00    1.10757e+21    2.24050e+21    3.14567e+19    0.00000e+00
    2.79830e-04    1.30435e+21    0.00000e+00    1.03726e+21    2.10663e+21    3.47382e+19    0.00000e+00
    2.94400e-04    1.24727e+21    0.00000e+00    9.73344e+20    1.96496e+21    3.83518e+19    0.00000e+00
    3.09729e-04    1.19369e+21    0.00000e+00    9.08871e+20    1.84139e+21    4.23179e+19    0.00000e+00
    3.25856e-04    1.13820e+21    0.00000e+00    8.52950e+20    1.71439e+21    4.67156e+19    0.00000e+00
    3.42823e-04    1.08290e+21    0.00000e+00    7.93134e+20    1.59914e+21    5.15380e+19    0.00000e+00
    3.60673e-04    1.02819e+21    0.00000e+00    7.44191e+20    1.48435e+21    5.68627e+19    0.00000e+00
    3.79453e-04    9.77911e+20    0.00000e+00    6.94493e+20    1.38437e+21    6.27271e+19    0.00000e+00
    3.99211e-04    9.24291e+20    0.00000e+00    6.49036e+20    1.28265e+21    6.91718e+19    0.00000e+00
    4.19997e-04    8.73667e+20    0.00000e+00    6.08405e+20    1.19442e+21    7.62844e+19    0.00000e+00
    4.41866e-04    8.22417e+20    0.00000e+00    5.69619e+20    1.10578e+21    8.41030e+19    0.00000e+00
    4.64873e-04    7.74231e+20    0.00000e+00    5.36400e+20    1.02925e+21    9.26901e+19    0.00000e+00
    4.89079e-04    7.27644e+20    0.00000e+00    5.05990e+20    9.58183e+20    1.02162e+20    0.00000e+00
    5.14544e-04    6.80142e+20    6.51766e+20    4.77693e+20    8.89402e+20    1.12551e+20    0.00000e+00
    5.41336e-04    6.37206e+20    6.38101e+20    4.56428e+20    8.31610e+20    1.23975e+20    0.00000e+00
    5.69523e-04    5.93238e+20    6.26381e+20    4.35252e+20    7.77075e+20    1.36540e+20    0.00000e+00
    5.99177e-04    5.53731e+20    6.22188e+20    4.21029e+20    7.29785e+20    1.50305e+20    0.00000e+00
    6.30375e-04    5.13979e+20    6.22288e+20    4.07732e+20    6.87988e+20    1.65448e+20    0.00000e+00
    6.63198e-04    4.76895e+20    6.26784e+20    3.99715e+20    6.51132e+20    1.82050e+20    0.00000e+00
    6.97730e-04    4.42205e+20    6.37417e+20    3.95515e+20    6.21393e+20    2.00228e+20    0.00000e+00
    7.34060e-04    4.08045e+20    6.52765e+20    3.93254e+20    5.96336e+20    2.20216e+20    0.00000e+00
    7.72281e-04    3.77344e+20    6.75262e+20    3.96890e+20    5.77767e+20    2.42064e+20    0.00000e+00
    8.12493e-04    3.46396e+20    7.02048e+20    4.03176e+20    5.64640e+20    2.65995e+20    0.00000e+00
    8.54798e-04    3.18725e+20    7.36151e+20    4.13242e+20    5.56956e+20    2.92216e+20    0.00000e+00
    8.99307e-04    2.92881e+20    7.76714e+20    4.27899e+20    5.54607e+20    3.20835e+20    0.00000e+00
    9.46132e-04    2.67832e+20    8.23964e+20    4.45906e+20    5.58183e+20    3.52178e+20    0.00000e+00
    9.95396e-04    2.45678e+20    8.78383e+20    4.68866e+20    5.67806e+20    3.86395e+20    0.00000e+00
    1.04723e-03    2.24303e+20    9.40353e+20    4.95265e+20    5.82194e+20    4.23691e+20    0.00000e+00
    1.10175e-03    2.05877e+20    1.01063e+21    5.26980e+20    6.02766e+20    4.64474e+20    0.00000e+00
    1.15912e-03    1.88157e+20    1.08922e+21    5.63098e+20    6.29318e+20    5.08858e+20    0.00000e+00
    1.21947e-03    1.73047e+20    1.17649e+21    6.04030e+20    6.61632e+20    5.57200e+20    0.00000e+00
    1.28297e-03    1.59192e+20    1.27401e+21    6.50403e+20    6.99815e+20    6.09871e+20    0.00000e+00
    1.34977e-03    1.47348e+20    1.38081e+21    7.01433e+20    7.44528e+20    6.67036e+20    0.00000e+00
    1.42005e-03    1.37272e+20    1.49899e+21    7.59001e+20    7.95553e+20    7.29253e+20    0.00000e+00
    1.49399e-03    1.28391e+20    1.62835e+21    8.21819e+20    8.53361e+20    7.96759e+20    0.00000e+00
    1.57178e-03    1.21760e+20    1.76928e+21    8.91274e+20    9.18033e+20    8.69879e+20    0.00000e+00
    1.65362e-03    1.16365e+20    1.92394e+21    9.67238e+20    9.89955e+20    9.49289e+20    0.00000e+00
    1.73973e-03    1.13217e+20    2.09174e+21    1.05014e+21    1.06939e+21    1.03514e+21    0.00000e+00
    1.83031e-03    1.11241e+20    2.27416e+21    1.14066e+21    1.15675e+21    1.12800e+21    0.00000e+00
    1.92561e-03    1.11526e+20    2.47204e+21    1.23878e+21    1.25239e+21    1.22842e+21    0.00000e+00
    2.02588e-03    1.13427e+20    2.68612e+21    1.34537e+21    1.35670e+21    1.33669e+21    0.00000e+00
    2.13136e-03    1.17420e+20    2.91782e+21    1.46061e+21    1.47002e+21    1.45359e+21    0.00000e+00
    2.24234e-03    1.23598e+20    3.16779e+21    1.58530e+21    1.59310e+21    1.57949e+21    0.00000e+00
    2.35910e-03    1.31756e+20    3.43698e+21    1.71961e+21    1.72595e+21    1.71489e+21    0.00000e+00
    2.48193e-03    1.42624e+20    3.72723e+21    1.86448e+21    1.86970e+21    1.86065e+21    0.00000e+00
    2.61116e-03    1.55920e+20    4.03866e+21    2.01999e+21    2.02422e+21    2.01695e+21    0.00000e+00
    2.74712e-03    1.71933e+20    4.37284e+21    2.18690e+21    2.19036e+21    2.18447e+21    0.00000e+00
    2.89016e-03    1.91296e+20    4.73045e+21    2.36561e+21    2.36843e+21    2.36367e+21    0.00000e+00
    3.04065e-03    2.13746e+20    5.11181e+21    2.55616e+21    2.55844e+21    2.55466e+21    0.00000e+00
    3.19897e-03    2.40202e+20    5.51726e+21    2.75883e+21    2.76064e+21    2.75765e+21    0.00000e+00
    3.36553e-03    2.70625e+20    5.94567e+21    2.97296e+21    2.97443e+21    2.97207e+21    0.00000e+00
    3.54077e-03    3.05520e+20    6.39537e+21    3.19778e+21    3.19891e+21    3.19708e+21    0.00000e+00
    3.72514e-03    3.45632e+20    6.86157e+21    3.43085e+21    3.43176e+21    3.43032e+21    0.00000e+00
    3.91910e-03    3.91247e+20    7.33851e+21    3.66930e+21    3.67000e+21    3.66890e+21    0.00000e+00
    4.12316e-03    4.42837e+20    7.81558e+21    3.90782e+21    3.90836e+21    3.90752e+21    0.00000e+00
    4.33785e-03    5.01164e+20    8.27502e+21    4.13753e+21    4.13796e+21    4.13731e+21    0.00000e+00
    4.56372e-03    5.66522e+20    8.69999e+21    4.35001e+21    4.35033e+21    4.34984e+21    0.00000e+00
    4.80134e-03    6.39706e+20    9.05391e+21    4.52696e+21    4.52720e+21    4.52684e+21    0.00000e+00
    5.05134e-03    7.20726e+20    9.30512e+21    4.65256e+21    4.65274e+21    4.65247e+21    0.00000e+00
    5.31436e-03    8.09432e+20    9.42044e+21    4.71022e+21    4.71036e+21    4.71016e+21    0.00000e+00
    5.59107e-03    9.05343e+20    9.33675e+21    4.66837e+21    4.66848e+21    4.66833e+21    0.00000e+00
    5.88219e-03    1.00639e+21    9.04849e+21    4.52425e+21    4.52432e+21    4.52422e+21    0.00000e+00
    6.18847e-03    1.10982e+21    8.53222e+21    4.26611e+21    4.26616e+21    4.26609e+21    0.00000e+00
    6.51069e-03    1.20897e+21    7.79964e+21    3.89982e+21    3.89986e+21    3.89980e+21    0.00000e+00
    6.84970e-03    1.29672e+21    6.90624e+21    3.45312e+21    3.45315e+21    3.45311e+21    0.00000e+00
    7.20635e-03    1.35829e+21    5.90933e+21    2.95466e+21    2.95468e+21    2.95466e+21    0.00000e+00
    7.58158e-03    1.38002e+21    4.89210e+21    2.44605e+21    2.44606e+21    2.44605e+21    0.00000e+00
    7.97634e-03    1.35022e+21    3.91592e+21    1.95796e+21    1.95797e+21    1.95796e+21    0.00000e+00
    8.39166e-03    1.25368e+21    3.05330e+21    1.52665e+21    1.52666e+21    1.52665e+21    0.00000e+00
    8.82860e-03    1.10352e+21    2.31433e+21    1.15716e+21    1.15717e+21    1.15716e+21    0.00000e+00
    9.28829e-03    9.14944e+20    1.71788e+21    8.58938e+20    8.58941e+20    8.58938e+20    0.00000e+00
    9.77192e-03    7.16725e+20    1.26156e+21    6.30782e+20    6.30784e+20    6.30782e+20    0.00000e+00
    1.02807e-02    5.31688e+20    9.16081e+20    4.58041e+20    4.58042e+20    4.58040e+20    0.00000e+00
    1.08160e-02    3.78503e+20    6.71941e+20    3.35970e+20    3.35971e+20    3.35970e+20    0.00000e+00
    1.13792e-02    2.59932e+20    4.96868e+20    2.48434e+20    2.48434e+20    2.48434e+20    0.00000e+00
    1.19717e-02    1.72760e+20    3.68431e+20    1.84215e+20    1.84216e+20    1.84215e+20    0.00000e+00
    1.25951e-02    1.15007e+20    2.72338e+20    1.36169e+20    1.36169e+20    1.36169e+20    0.00000e+00
    1.32509e-02    7.59432e+19    1.93180e+20    9.65900e+19    9.65901e+19    9.65900e+19    0.00000e+00
    1.39408e-02    5.10224e+19    1.29344e+20    6.46721e+19    6.46721e+19    6.46721e+19    0.00000e+00
    1.46667e-02    3.49434e+19    8.17875e+19    4.08937e+19    4.08937e+19    4.08937e+19    0.00000e+00
    1.54304e-02    2.33916e+19    4.83912e+19    2.41956e+19    2.41956e+19    2.41956e+19    0.00000e+00
    1.62338e-02    1.48891e+19    2.79704e+19    1.39852e+19    1.39852e+19    1.39852e+19    0.00000e+00
    1.70791e-02    8.74174e+18    1.58580e+19    7.92900e+18    7.92900e+18    7.92900e+18    0.00000e+00
    1.79684e-02    4.69576e+18    8.92661e+18    4.46331e+18    4.46331e+18    4.46331e+18    0.00000e+00
    1.89040e-02    2.48099e+18    5.20285e+18    2.60143e+18    2.60143e+18    2.60143e+18    0.00000e+00
    1.98883e-02    1.25621e+18    2.86940e+18    1.43470e+18    1.43470e+18    1.43470e+18    0.00000e+00
    2.09238e-02    6.46565e+17    1.45513e+18    7.27563e+17    7.27563e+17    7.27563e+17    0.00000e+00
    2.20133e-02    3.37716e+17    6.89983e+17    3.44991e+17    3.44991e+17    3.44991e+17    0.00000e+00
    2.31595e-02    1.61456e+17    3.01358e+17    1.50679e+17    1.50679e+17    1.50679e+17    0.00000e+00
    2.43654e-02    7.14625e+16    1.35790e+17    6.78951e+16    6.78951e+16    6.78951e+16    0.00000e+00
    2.56341e-02    2.90476e+16    6.06138e+16    3.03069e+16    3.03069e+16    3.03069e+16    0.00000e+00
    2.69688e-02    1.11339e+16    2.45907e+16    1.22954e+16    1.22954e+16    1.22954e+16    0.00000e+00
    2.83730e-02    4.64500e+15    9.53876e+15    4.76938e+15    4.76938e+15    4.76938e+15    0.00000e+00
    2.98504e-02    1.73068e+15    3.26843e+15    1.63422e+15    1.63422e+15    1.63422e+15    0.00000e+00
    3.14047e-02    5.72209e+14    1.13068e+15    5.65339e+14    5.65339e+14    5.65339e+14    0.00000e+00
    3.30399e-02    1.83044e+14    3.91200e+14    1.95600e+14    1.95600e+14    1.95600e+14    0.00000e+00
    3.47602e-02    5.46569e+13    1.11539e+14    5.57697e+13    5.57697e+13    5.57697e+13    0.00000e+00
    3.65701e-02    1.65583e+13    3.16805e+13    1.58402e+13    1.58402e+13    1.58402e+13    0.00000e+00
    3.84743e-02    4.22994e+12    8.57558e+12    4.28779e+12    4.28779e+12    4.28779e+12    0.00000e+00
    4.04776e-02    9.47166e+11    1.98541e+12    9.92706e+11    9.92706e+11    9.92706e+11    0.00000e+00
    4.25852e-02    2.45451e+11    4.77292e+11    2.38646e+11    2.38646e+11    2.38646e+11    0.00000e+00
    4.48025e-02    4.80487e+10    9.67415e+10    4.83708e+10    4.83708e+10    4.83708e+10    0.00000e+00
    4.71353e-02    9.06618e+09    1.87211e+10    9.36057e+09    9.36057e+09    9.36057e+09    0.00000e+00
    4.95896e-02    1.72679e+09    3.34544e+09    1.67272e+09    1.67272e+09    1.67272e+09    0.00000e+00
    5.21717e-02    2.38214e+08    4.95720e+08    2.47860e+08    2.47860e+08    2.47860e+08    0.00000e+00
    5.48882e-02    3.86953e+07    7.72389e+07    3.86195e+07    3.86195e+07    3.86195e+07    0.00000e+00
    5.77462e-02    4.91305e+06    9.81448e+06    4.90724e+06    4.90724e+06    4.90724e+06    0.00000e+00
    6.07529e-02    4.80195e+05    9.57215e+05    4.78607e+05    4.78607e+05    4.78607e+05    0.00000e+00
    6.39162e-02    6.19688e+04    1.22398e+05    6.11989e+04    6.11989e+04    6.11989e+04    0.00000e+00
    6.72443e-02    5.00340e+03    1.00828e+04    5.04142e+03    5.04142e+03    5.04142e+03    0.00000e+00
    7.07456e-02    4.10418e+02    8.22604e+02    4.11302e+02    4.11302e+02    4.11302e+02    0.00000e+00
    7.44292e-02    3.14204e+01    6.28764e+01    3.14382e+01    3.14382e+01    3.14382e+01    0.00000e+00
    7.83047e-02    1.47922e+00    3.04511e+00    1.52256e+00    1.52256e+00    1.52256e+00    0.00000e+00
    8.23819e-02    1.02045e-01    2.02004e-01    1.01002e-01    1.01002e-01    1.01002e-01    0.00000e+00
    8.66714e-02    4.49869e-03    8.91861e-03    4.45930e-03    4.45930e-03    4.45930e-03    0.00000e+00
    9.11843e-02    1.88247e-04    3.71950e-04    1.85975e-04    1.85975e-04    1.85975e-04    0.00000e+00
    9.59321e-02    5.80508e-06    1.14458e-05    5.72291e-06    5.72291e-06    5.72291e-06    0.00000e+00
    1.00927e-01    1.59130e-07    3.14002e-07    1.57001e-07    1.57001e-07    1.57001e-07    0.00000e+00
    1.06182e-01    4.24618e-09    8.36023e-09    4.18011e-09    4.18011e-09    4.18011e-09    0.00000e+00
    1.11711e-01    8.39602e-11    1.64038e-10    8.20190e-11    8.20190e-11    8.20190e-11    0.00000e+00
    1.17528e-01    1.17978e-12    2.30456e-12    1.15228e-12    1.15228e-12    1.15228e-12    0.00000e+00
    1.23647e-01    1.63340e-14    3.20076e-14    1.60038e-14    1.60038e-14    1.60038e-14    0.00000e+00
    1.30085e-01    1.79580e-16    3.47764e-16    1.73882e-16    1.73882e-16    1.73882e-16    0.00000e+00
    1.36859e-01    1.25320e-18    2.42541e-18    1.21271e-18    1.21271e-18    1.21271e-18    0.00000e+00
    1.43985e-01    8.70847e-21    1.69355e-20    8.46774e-21    8.46774e-21    8.46774e-21    0.00000e+00
    1.51482e-01    4.18733e-23    7.99485e-23    3.99743e-23    3.99743e-23    3.99743e-23    0.00000e+00
    1.59369e-01    1.42282e-25    2.74893e-25    1.37446e-25    1.37446e-25    1.37446e-25    0.00000e+00
    1.67668e-01    4.39336e-28    8.36282e-28    4.18141e-28    4.18141e-28    4.18141e-28    0.00000e+00
    1.76398e-01    7.55000e-31    1.43960e-30    7.19798e-31    7.19798e-31    7.19798e-31    0.00000e+00
    1.85583e-01    1.28153e-33    2.43052e-33    1.21526e-33    1.21526e-33    1.21526e-33    0.00000e+00
    1.95246e-01    1.13332e-36    2.13983e-36    1.06992e-36    1.06992e-36    1.06992e-36    0.00000e+00
    2.05412e-01    9.57194e-40    1.79381e-39    8.96906e-40    8.96906e-40    8.96906e-40    0.00000e+00
    2.16107e-01    4.30117e-43    8.11141e-43    4.05571e-43    4.05571e-43    4.05571e-43    0.00000e+00
    2.27360e-01    1.53271e-46    2.80757e-46    1.40379e-46    1.40379e-46    1.40379e-46    0.00000e+00
    2.39198e-01    3.23499e-50    6.10085e-50    3.05043e-50    3.05043e-50    3.05043e-50    0.00000e+00
    2.51653e-01    4.25945e-54    7.78085e-54    3.89042e-54    3.89042e-54    3.89042e-54    0.00000e+00
    2.64756e-01    4.34490e-58    7.82776e-58    3.91388e-58    3.91388e-58    3.91388e-58    0.00000e+00
    2.78541e-01    3.61731e-62    6.64161e-62    3.32080e-62    3.32080e-62    3.32080e-62    0.00000e+00
    2.93045e-01    6.87200e-67    1.26030e-66    6.30148e-67    6.30148e-67    6.30148e-67    0.00000e+00
    3.08303e-01    2.01028e-71    3.59205e-71    1.79603e-71    1.79603e-71    1.79603e-71    0.00000e+00
    3.24356e-01    2.28294e-76    3.97274e-76    1.98637e-76    1.98637e-76    1.98637e-76    0.00000e+00
    3.41245e-01    1.01176e-81    1.75287e-81    8.76434e-82    8.76434e-82    8.76434e-82    0.00000e+00
    3.59013e-01    5.44615e-87    9.46054e-87    4.73027e-87    4.73027e-87    4.73027e-87    0.00000e+00
    3.77706e-01    7.07254e-92    1.23038e-91    6.15190e-92    6.15190e-92    6.15190e-92    0.00000e+00
    3.97373e-01    1.53278e-98    2.64625e-98    1.32313e-98    1.32313e-98    1.32313e-98    0.00000e+00
    4.18064e-01   1.85502e-105   3.08262e-105   1.54131e-105   1.54131e-105   1.54131e-105    0.00000e+00
    4.39832e-01   3.31746e-112   5.37355e-112   2.68677e-112   2.68677e-112   2.68677e-112    0.00000e+00
    4.62733e-01   2.93996e-117   4.76284e-117   2.38142e-117   2.38142e-117   2.38142e-117    0.00000e+00
    4.86827e-01   1.11267e-124   1.83628e-124   9.18142e-125   9.18142e-125   9.18142e-125    0.00000e+00
    5.12176e-01   1.55178e-134   2.51894e-134   1.25947e-134   1.25947e-134   1.25947e-134    0.00000e+00
    5.38844e-01   7.85643e-143   1.23720e-142   6.18600e-143   6.18600e-143   6.18600e-143    0.00000e+00
    5.66901e-01   1.82606e-151   3.03470e-151   1.51735e-151   1.51735e-151   1.51735e-151    0.00000e+00
    5.96418e-01   3.05980e-156   5.08503e-156   2.54251e-156   2.54251e-156   2.54251e-156    0.00000e+00
    6.27473e-01   8.74083e-166   1.33849e-165   6.69244e-166   6.69244e-166   6.69244e-166    0.00000e+00
    6.60145e-01   2.62240e-180   4.30312e-180   2.15156e-180   2.15156e-180   2.15156e-180    0.00000e+00
    6.94518e-01   6.03380e-191   9.26275e-191   4.63137e-191   4.63137e-191   4.63137e-191    0.00000e+00
    7.30680e-01   6.59158e-196   1.01190e-195   5.05951e-196   5.05951e-196   5.05951e-196    0.00000e+00
    7.68726e-01   7.38700e-214   1.03241e-213   5.16204e-214   5.16204e-214   5.16204e-214    0.00000e+00
    8.08752e-01   9.05927e-219   1.26613e-218   6.33063e-219   6.33063e-219   6.33063e-219    0.00000e+00
    8.50863e-01   1.15344e-231   1.65119e-231   8.25594e-232   8.25594e-232   8.25594e-232    0.00000e+00
    8.95166e-01   3.18299e-244   4.86615e-244   2.43308e-244   2.43308e-244   2.43308e-244    0.00000e+00
    9.41777e-01   2.48228e-267   3.22771e-267   1.61386e-267   1.61386e-267   1.61386e-267   8.85686e-302
    9.90814e-01   1.92188e-282   2.54580e-282   1.27290e-282   1.27290e-282   1.27290e-282   1.59506e-302
    1.04240e+00   1.49273e-286   1.97733e-286   9.88666e-287   9.88666e-287   9.88666e-287    0.00000e+00
    1.09668e+00   2.15142e-303   3.06164e-303   1.51703e-303   1.51703e-303   1.51703e-303    0.00000e+00
    1.15378e+00    0.00000e+00    0.00000e+00    0.00000e+00    0.00000e+00    0.00000e+00    0.00000e+00
    1.21386e+00    0.00000e+00    0.00000e+00    0.00000e+00    0.00000e+00    0.00000e+00    0.00000e+00
    1.27706e+00    0.00000e+00    0.00000e+00    0.00000e+00    0.00000e+00    0.00000e+00    0.00000e+00
    1.34356e+00    0.00000e+00    0.00000e+00    0.00000e+00    0.00000e+00    0.00000e+00    0.00000e+00
    1.41352e+00    0.00000e+00    0.00000e+00    0.00000e+00    0.00000e+00    0.00000e+00    0.00000e+00
    1.48712e+00    0.00000e+00    0.00000e+00    0.00000e+00    0.00000e+00    0.00000e+00    0.00000e+00
    1.56455e+00    0.00000e+00    0.00000e+00    0.00000e+00    0.00000e+00    0.00000e+00    0.00000e+00
    1.64601e+00    0.00000e+00    0.00000e+00    0.00000e+00    0.00000e+00    0.00000e+00    0.00000e+00
    1.73172e+00    0.00000e+00    0.00000e+00    0.00000e+00    0.00000e+00    0.00000e+00    0.00000e+00
    1.82189e+00    0.00000e+00    0.00000e+00    0.00000e+00    0.00000e+00    0.00000e+00    0.00000e+00
    1.91675e+00    0.00000e+00    0.00000e+00    0.00000e+00    0.00000e+00    0.00000e+00    0.00000e+00
    2.01655e+00    0.00000e+00    0.00000e+00    0.00000e+00    0.00000e+00    0.00000e+00    0.00000e+00
    2.12155e+00    0.00000e+00    0.00000e+00    0.00000e+00    0.00000e+00    0.00000e+00    0.00000e+00
    2.23202e+00    0.00000e+00    0.00000e+00    0.00000e+00    0.00000e+00    0.00000e+00    0.00000e+00
    2.34823e+00    0.00000e+00    0.00000e+00    0.00000e+00    0.00000e+00    0.00000e+00    0.00000e+00
    2.47050e+00    0.00000e+00    0.00000e+00    0.00000e+00    0.00000e+00    0.00000e+00    0.00000e+00
    2.59914e+00    0.00000e+00    0.00000e+00    0.00000e+00    0.00000e+00    0.00000e+00    0.00000e+00
    2.73447e+00    0.00000e+00    0.00000e+00    0.00000e+00    0.00000e+00    0.00000e+00    0.00000e+00
    2.87685e+00    0.00000e+00    0.00000e+00    0.00000e+00    0.00000e+00    0.00000e+00    0.00000e+00
    3.02665e+00    0.00000e+00    0.00000e+00    0.00000e+00    0.00000e+00    0.00000e+00    0.00000e+00
    3.18424e+00    0.00000e+00    0.00000e+00    0.00000e+00    0.00000e+00    0.00000e+00    0.00000e+00
    3.35004e+00    0.00000e+00    0.00000e+00    0.00000e+00    0.00000e+00    0.00000e+00    0.00000e+00
    3.52447e+00    0.00000e+00    0.00000e+00    0.00000e+00    0.00000e+00    0.00000e+00    0.00000e+00
    3.70799e+00    0.00000e+00    0.00000e+00    0.00000e+00    0.00000e+00    0.00000e+00    0.00000e+00
    3.90106e+00    0.00000e+00    0.00000e+00    0.00000e+00    0.00000e+00    0.00000e+00    0.00000e+00
    4.10418e+00    0.00000e+00    0.00000e+00    0.00000e+00    0.00000e+00    0.00000e+00    0.00000e+00
    4.31788e+00    0.00000e+00    0.00000e+00    0.00000e+00    0.00000e+00    0.00000e+00    0.00000e+00
    4.54271e+00    0.00000e+00    0.00000e+00    0.00000e+00    0.00000e+00    0.00000e+00    0.00000e+00
    4.77924e+00    0.00000e+00    0.00000e+00    0.00000e+00    0.00000e+00    0.00000e+00    0.00000e+00
    5.02809e+00    0.00000e+00    0.00000e+00    0.00000e+00    0.00000e+00    0.00000e+00    0.00000e+00
    5.28989e+00    0.00000e+00    0.00000e+00    0.00000e+00    0.00000e+00    0.00000e+00    0.00000e+00
    5.56533e+00    0.00000e+00    0.00000e+00    0.00000e+00    0.00000e+00    0.00000e+00    0.00000e+00
    5.85511e+00    0.00000e+00    0.00000e+00    0.00000e+00    0.00000e+00    0.00000e+00    0.00000e+00
    6.15998e+00    0.00000e+00    0.00000e+00    0.00000e+00    0.00000e+00    0.00000e+00    0.00000e+00
    6.48072e+00    0.00000e+00    0.00000e+00    0.00000e+00    0.00000e+00    0.00000e+00    0.00000e+00
    6.81816e+00    0.00000e+00    0.00000e+00    0.00000e+00    0.00000e+00    0.00000e+00    0.00000e+00
    7.17317e+00    0.00000e+00    0.00000e+00    0.00000e+00    0.00000e+00    0.00000e+00    0.00000e+00
    7.54667e+00    0.00000e+00    0.00000e+00    0.00000e+00    0.00000e+00    0.00000e+00    0.00000e+00
    7.93962e+00    0.00000e+00    0.00000e+00    0.00000e+00    0.00000e+00    0.00000e+00    0.00000e+00
    8.35302e+00    0.00000e+00    0.00000e+00    0.00000e+00    0.00000e+00    0.00000e+00    0.00000e+00
    8.78795e+00    0.00000e+00    0.00000e+00    0.00000e+00    0.00000e+00    0.00000e+00    0.00000e+00
    9.24553e+00    0.00000e+00    0.00000e+00    0.00000e+00    0.00000e+00    0.00000e+00    0.00000e+00
    9.72693e+00    0.00000e+00    0.00000e+00    0.00000e+00    0.00000e+00    0.00000e+00    0.00000e+00
    1.02334e+01    0.00000e+00    0.00000e+00    0.00000e+00    0.00000e+00    0.00000e+00    0.00000e+00
    1.07662e+01    0.00000e+00    0.00000e+00    0.00000e+00    0.00000e+00    0.00000e+00    0.00000e+00
    1.13268e+01    0.00000e+00    0.00000e+00    0.00000e+00    0.00000e+00    0.00000e+00    0.00000e+00
    1.19166e+01    0.00000e+00    0.00000e+00    0.00000e+00    0.00000e+00    0.00000e+00    0.00000e+00
    1.25371e+01    0.00000e+00    0.00000e+00    0.00000e+00    0.00000e+00    0.00000e+00    0.00000e+00
    1.31899e+01    0.00000e+00    0.00000e+00    0.00000e+00    0.00000e+00    0.00000e+00    0.00000e+00
    1.38766e+01    0.00000e+00    0.00000e+00    0.00000e+00    0.00000e+00    0.00000e+00    0.00000e+00
    1.45992e+01    0.00000e+00    0.00000e+00    0.00000e+00    0.00000e+00    0.00000e+00    0.00000e+00
    1.53593e+01    0.00000e+00    0.00000e+00    0.00000e+00    0.00000e+00    0.00000e+00    0.00000e+00
    1.61591e+01    0.00000e+00    0.00000e+00    0.00000e+00    0.00000e+00    0.00000e+00    0.00000e+00
    1.70005e+01    0.00000e+00    0.00000e+00    0.00000e+00    0.00000e+00    0.00000e+00    0.00000e+00
    1.78857e+01    0.00000e+00    0.00000e+00    0.00000e+00    0.00000e+00    0.00000e+00    0.00000e+00
    1.88169e+01    0.00000e+00    0.00000e+00    0.00000e+00    0.00000e+00    0.00000e+00    0.00000e+00
    1.97967e+01    0.00000e+00    0.00000e+00    0.00000e+00    0.00000e+00    0.00000e+00    0.00000e+00
    2.08275e+01    0.00000e+00    0.00000e+00    0.00000e+00    0.00000e+00    0.00000e+00    0.00000e+00
    2.19120e+01    0.00000e+00    0.00000e+00    0.00000e+00    0.00000e+00    0.00000e+00    0.00000e+00
    2.30529e+01    0.00000e+00    0.00000e+00    0.00000e+00    0.00000e+00    0.00000e+00    0.00000e+00
    2.42532e+01    0.00000e+00    0.00000e+00    0.00000e+00    0.00000e+00    0.00000e+00    0.00000e+00
    2.55161e+01    0.00000e+00    0.00000e+00    0.00000e+00    0.00000e+00    0.00000e+00    0.00000e+00
    2.68446e+01    0.00000e+00    0.00000e+00    0.00000e+00    0.00000e+00    0.00000e+00    0.00000e+00
    2.82424e+01    0.00000e+00    0.00000e+00    0.00000e+00    0.00000e+00    0.00000e+00    0.00000e+00
    2.97130e+01    0.00000e+00    0.00000e+00    0.00000e+00    0.00000e+00    0.00000e+00    0.00000e+00
    3.12601e+01    0.00000e+00    0.00000e+00    0.00000e+00    0.00000e+00    0.00000e+00    0.00000e+00
    3.28877e+01    0.00000e+00    0.00000e+00    0.00000e+00    0.00000e+00    0.00000e+00    0.00000e+00
    3.46002e+01    0.00000e+00    0.00000e+00    0.00000e+00    0.00000e+00    0.00000e+00    0.00000e+00
    3.64017e+01    0.00000e+00    0.00000e+00    0.00000e+00    0.00000e+00    0.00000e+00    0.00000e+00
    3.82971e+01    0.00000e+00    0.00000e+00    0.00000e+00    0.00000e+00    0.00000e+00    0.00000e+00
    4.02912e+01    0.00000e+00    0.00000e+00    0.00000e+00    0.00000e+00    0.00000e+00    0.00000e+00
    4.23891e+01    0.00000e+00    0.00000e+00    0.00000e+00    0.00000e+00    0.00000e+00    0.00000e+00
    4.45963e+01    0.00000e+00    0.00000e+00    0.00000e+00    0.00000e+00    0.00000e+00    0.00000e+00
    4.69183e+01    0.00000e+00    0.00000e+00    0.00000e+00    0.00000e+00    0.00000e+00    0.00000e+00
    4.93613e+01    0.00000e+00    0.00000e+00    0.00000e+00    0.00000e+00    0.00000e+00    0.00000e+00
    5.19315e+01    0.00000e+00    0.00000e+00    0.00000e+00    0.00000e+00    0.00000e+00    0.00000e+00
    5.46355e+01    0.00000e+00    0.00000e+00    0.00000e+00    0.00000e+00    0.00000e+00    0.00000e+00
    5.74803e+01    0.00000e+00    0.00000e+00    0.00000e+00    0.00000e+00    0.00000e+00    0.00000e+00
    6.04732e+01    0.00000e+00    0.00000e+00    0.00000e+00    0.00000e+00    0.00000e+00    0.00000e+00
    6.36220e+01    0.00000e+00    0.00000e+00    0.00000e+00    0.00000e+00    0.00000e+00    0.00000e+00
    6.69347e+01    0.00000e+00    0.00000e+00    0.00000e+00    0.00000e+00    0.00000e+00    0.00000e+00
    7.04199e+01    0.00000e+00    0.00000e+00    0.00000e+00    0.00000e+00    0.00000e+00    0.00000e+00
    7.40866e+01    0.00000e+00    0.00000e+00    0.00000e+00    0.00000e+00    0.00000e+00    0.00000e+00
    7.79442e+01    0.00000e+00    0.00000e+00    0.00000e+00    0.00000e+00    0.00000e+00    0.00000e+00
    8.20026e+01    0.00000e+00    0.00000e+00    0.00000e+00    0.00000e+00    0.00000e+00    0.00000e+00
    8.62724e+01    0.00000e+00    0.00000e+00    0.00000e+00    0.00000e+00    0.00000e+00    0.00000e+00
    9.07645e+01    0.00000e+00    0.00000e+00    0.00000e+00    0.00000e+00    0.00000e+00    0.00000e+00
    9.54904e+01    0.00000e+00    0.00000e+00    0.00000e+00    0.00000e+00    0.00000e+00    0.00000e+00
    1.00463e+02    0.00000e+00    0.00000e+00    0.00000e+00    0.00000e+00    0.00000e+00    0.00000e+00
    1.05693e+02    0.00000e+00    0.00000e+00    0.00000e+00    0.00000e+00    0.00000e+00    0.00000e+00
    1.11197e+02    0.00000e+00    0.00000e+00    0.00000e+00    0.00000e+00    0.00000e+00    0.00000e+00
    1.16987e+02    0.00000e+00    0.00000e+00    0.00000e+00    0.00000e+00    0.00000e+00    0.00000e+00
    1.23078e+02    0.00000e+00    0.00000e+00    0.00000e+00    0.00000e+00    0.00000e+00    0.00000e+00
    1.29486e+02    0.00000e+00    0.00000e+00    0.00000e+00    0.00000e+00    0.00000e+00    0.00000e+00
    1.36229e+02    0.00000e+00    0.00000e+00    0.00000e+00    0.00000e+00    0.00000e+00    0.00000e+00
    1.43322e+02    0.00000e+00    0.00000e+00    0.00000e+00    0.00000e+00    0.00000e+00    0.00000e+00
    1.50785e+02    0.00000e+00    0.00000e+00    0.00000e+00    0.00000e+00    0.00000e+00    0.00000e+00
    1.58636e+02    0.00000e+00    0.00000e+00    0.00000e+00    0.00000e+00    0.00000e+00    0.00000e+00
    1.66896e+02    0.00000e+00    0.00000e+00    0.00000e+00    0.00000e+00    0.00000e+00    0.00000e+00
    1.75586e+02    0.00000e+00    0.00000e+00    0.00000e+00    0.00000e+00    0.00000e+00    0.00000e+00
    1.84728e+02    0.00000e+00    0.00000e+00    0.00000e+00    0.00000e+00    0.00000e+00    0.00000e+00
    1.94347e+02    0.00000e+00    0.00000e+00    0.00000e+00    0.00000e+00    0.00000e+00    0.00000e+00
    2.04466e+02    0.00000e+00    0.00000e+00    0.00000e+00    0.00000e+00    0.00000e+00    0.00000e+00
    2.15112e+02    0.00000e+00    0.00000e+00    0.00000e+00    0.00000e+00    0.00000e+00    0.00000e+00
    2.26313e+02    0.00000e+00    0.00000e+00    0.00000e+00    0.00000e+00    0.00000e+00    0.00000e+00
    2.38097e+02    0.00000e+00    0.00000e+00    0.00000e+00    0.00000e+00    0.00000e+00    0.00000e+00
    2.50494e+02    0.00000e+00    0.00000e+00    0.00000e+00    0.00000e+00    0.00000e+00    0.00000e+00
    2.63537e+02    0.00000e+00    0.00000e+00    0.00000e+00    0.00000e+00    0.00000e+00    0.00000e+00
    2.77259e+02    0.00000e+00    0.00000e+00    0.00000e+00    0.00000e+00    0.00000e+00    0.00000e+00
    2.91696e+02    0.00000e+00    0.00000e+00    0.00000e+00    0.00000e+00    0.00000e+00    0.00000e+00
    3.06884e+02    0.00000e+00    0.00000e+00    0.00000e+00    0.00000e+00    0.00000e+00    0.00000e+00
    3.22863e+02    0.00000e+00    0.00000e+00    0.00000e+00    0.00000e+00    0.00000e+00    0.00000e+00
    3.39674e+02    0.00000e+00    0.00000e+00    0.00000e+00    0.00000e+00    0.00000e+00    0.00000e+00
    3.57360e+02    0.00000e+00    0.00000e+00    0.00000e+00    0.00000e+00    0.00000e+00    0.00000e+00
    3.75967e+02    0.00000e+00    0.00000e+00    0.00000e+00    0.00000e+00    0.00000e+00    0.00000e+00
    3.95544e+02    0.00000e+00    0.00000e+00    0.00000e+00    0.00000e+00    0.00000e+00    0.00000e+00
    4.16139e+02    0.00000e+00    0.00000e+00    0.00000e+00    0.00000e+00    0.00000e+00    0.00000e+00
    4.37807e+02    0.00000e+00    0.00000e+00    0.00000e+00    0.00000e+00    0.00000e+00    0.00000e+00
    4.60603e+02    0.00000e+00    0.00000e+00    0.00000e+00    0.00000e+00    0.00000e+00    0.00000e+00
    4.84586e+02    0.00000e+00    0.00000e+00    0.00000e+00    0.00000e+00    0.00000e+00    0.00000e+00
    5.09818e+02    0.00000e+00    0.00000e+00    0.00000e+00    0.00000e+00    0.00000e+00    0.00000e+00
    5.36363e+02    0.00000e+00    0.00000e+00    0.00000e+00    0.00000e+00    0.00000e+00    0.00000e+00
    5.64291e+02    0.00000e+00    0.00000e+00    0.00000e+00    0.00000e+00    0.00000e+00    0.00000e+00
    5.93673e+02    0.00000e+00    0.00000e+00    0.00000e+00    0.00000e+00    0.00000e+00    0.00000e+00
    6.24584e+02    0.00000e+00    0.00000e+00    0.00000e+00    0.00000e+00    0.00000e+00    0.00000e+00
    6.57106e+02    0.00000e+00    0.00000e+00    0.00000e+00    0.00000e+00    0.00000e+00    0.00000e+00
    6.91320e+02    0.00000e+00    0.00000e+00    0.00000e+00    0.00000e+00    0.00000e+00    0.00000e+00
    7.27317e+02    0.00000e+00    0.00000e+00    0.00000e+00    0.00000e+00    0.00000e+00    0.00000e+00
    7.65187e+02    0.00000e+00    0.00000e+00    0.00000e+00    0.00000e+00    0.00000e+00    0.00000e+00
    8.05029e+02    0.00000e+00    0.00000e+00    0.00000e+00    0.00000e+00    0.00000e+00    0.00000e+00
    8.46946e+02    0.00000e+00    0.00000e+00    0.00000e+00    0.00000e+00    0.00000e+00    0.00000e+00
    8.91045e+02    0.00000e+00    0.00000e+00    0.00000e+00    0.00000e+00    0.00000e+00    0.00000e+00
    9.37441e+02    0.00000e+00    0.00000e+00    0.00000e+00    0.00000e+00    0.00000e+00    0.00000e+00
    9.86252e+02    0.00000e+00    0.00000e+00    0.00000e+00    0.00000e+00    0.00000e+00    0.00000e+00
    1.03761e+03    0.00000e+00    0.00000e+00    0.00000e+00    0.00000e+00    0.00000e+00    0.00000e+00
    1.09163e+03    0.00000e+00    0.00000e+00    0.00000e+00    0.00000e+00    0.00000e+00    0.00000e+00
    1.14847e+03    0.00000e+00    0.00000e+00    0.00000e+00    0.00000e+00    0.00000e+00    0.00000e+00
    1.20827e+03    0.00000e+00    0.00000e+00    0.00000e+00    0.00000e+00    0.00000e+00    0.00000e+00
    1.27118e+03    0.00000e+00    0.00000e+00    0.00000e+00    0.00000e+00    0.00000e+00    0.00000e+00
    1.33737e+03    0.00000e+00    0.00000e+00    0.00000e+00    0.00000e+00    0.00000e+00    0.00000e+00
    1.40701e+03    0.00000e+00    0.00000e+00    0.00000e+00    0.00000e+00    0.00000e+00    0.00000e+00
    1.48027e+03    0.00000e+00    0.00000e+00    0.00000e+00    0.00000e+00    0.00000e+00    0.00000e+00
    1.55734e+03    0.00000e+00    0.00000e+00    0.00000e+00    0.00000e+00    0.00000e+00    0.00000e+00
    1.63843e+03    0.00000e+00    0.00000e+00    0.00000e+00    0.00000e+00    0.00000e+00    0.00000e+00
    1.72374e+03    0.00000e+00    0.00000e+00    0.00000e+00    0.00000e+00    0.00000e+00    0.00000e+00
    1.81350e+03    0.00000e+00    0.00000e+00    0.00000e+00    0.00000e+00    0.00000e+00    0.00000e+00
    1.90792e+03    0.00000e+00    0.00000e+00    0.00000e+00    0.00000e+00    0.00000e+00    0.00000e+00
    2.00727e+03    0.00000e+00    0.00000e+00    0.00000e+00    0.00000e+00    0.00000e+00    0.00000e+00
    2.11178e+03    0.00000e+00    0.00000e+00    0.00000e+00    0.00000e+00    0.00000e+00    0.00000e+00
    2.22174e+03    0.00000e+00    0.00000e+00    0.00000e+00    0.00000e+00    0.00000e+00    0.00000e+00
    2.33742e+03    0.00000e+00    0.00000e+00    0.00000e+00    0.00000e+00    0.00000e+00    0.00000e+00
    2.45913e+03    0.00000e+00    0.00000e+00    0.00000e+00    0.00000e+00    0.00000e+00    0.00000e+00
    2.58717e+03    0.00000e+00    0.00000e+00    0.00000e+00    0.00000e+00    0.00000e+00    0.00000e+00
    2.72188e+03    0.00000e+00    0.00000e+00    0.00000e+00    0.00000e+00    0.00000e+00    0.00000e+00
    2.86361e+03    0.00000e+00    0.00000e+00    0.00000e+00    0.00000e+00    0.00000e+00    0.00000e+00
    3.01271e+03    0.00000e+00    0.00000e+00    0.00000e+00    0.00000e+00    0.00000e+00    0.00000e+00
    3.16958e+03    0.00000e+00    0.00000e+00    0.00000e+00    0.00000e+00    0.00000e+00    0.00000e+00
    3.33462e+03    0.00000e+00    0.00000e+00    0.00000e+00    0.00000e+00    0.00000e+00    0.00000e+00
    3.50825e+03    0.00000e+00    0.00000e+00    0.00000e+00    0.00000e+00    0.00000e+00    0.00000e+00
    3.69092e+03    0.00000e+00    0.00000e+00    0.00000e+00    0.00000e+00    0.00000e+00    0.00000e+00
    3.88310e+03    0.00000e+00    0.00000e+00    0.00000e+00    0.00000e+00    0.00000e+00    0.00000e+00
    4.08529e+03    0.00000e+00    0.00000e+00    0.00000e+00    0.00000e+00    0.00000e+00    0.00000e+00
    4.29800e+03    0.00000e+00    0.00000e+00    0.00000e+00    0.00000e+00    0.00000e+00    0.00000e+00
    4.52179e+03    0.00000e+00    0.00000e+00    0.00000e+00    0.00000e+00    0.00000e+00    0.00000e+00
    4.75724e+03    0.00000e+00    0.00000e+00    0.00000e+00    0.00000e+00    0.00000e+00    0.00000e+00
    5.00494e+03    0.00000e+00    0.00000e+00    0.00000e+00    0.00000e+00    0.00000e+00    0.00000e+00
    5.26554e+03    0.00000e+00    0.00000e+00    0.00000e+00    0.00000e+00    0.00000e+00    0.00000e+00
    5.53971e+03    0.00000e+00    0.00000e+00    0.00000e+00    0.00000e+00    0.00000e+00    0.00000e+00
    5.82815e+03    0.00000e+00    0.00000e+00    0.00000e+00    0.00000e+00    0.00000e+00    0.00000e+00
    6.13162e+03    0.00000e+00    0.00000e+00    0.00000e+00    0.00000e+00    0.00000e+00    0.00000e+00
    6.45088e+03    0.00000e+00    0.00000e+00    0.00000e+00    0.00000e+00    0.00000e+00    0.00000e+00
    6.78677e+03    0.00000e+00    0.00000e+00    0.00000e+00    0.00000e+00    0.00000e+00    0.00000e+00
    7.14015e+03    0.00000e+00    0.00000e+00    0.00000e+00    0.00000e+00    0.00000e+00    0.00000e+00
    7.51193e+03    0.00000e+00    0.00000e+00    0.00000e+00    0.00000e+00    0.00000e+00    0.00000e+00
    7.90307e+03    0.00000e+00    0.00000e+00    0.00000e+00    0.00000e+00    0.00000e+00    0.00000e+00
    8.31457e+03    0.00000e+00    0.00000e+00    0.00000e+00    0.00000e+00    0.00000e+00    0.00000e+00
    8.74750e+03    0.00000e+00    0.00000e+00    0.00000e+00    0.00000e+00    0.00000e+00    0.00000e+00
    9.20297e+03    0.00000e+00    0.00000e+00    0.00000e+00    0.00000e+00    0.00000e+00    0.00000e+00
    9.68215e+03    0.00000e+00    0.00000e+00    0.00000e+00    0.00000e+00    0.00000e+00    0.00000e+00
    1.01863e+04    0.00000e+00    0.00000e+00    0.00000e+00    0.00000e+00    0.00000e+00    0.00000e+00
    1.07167e+04    0.00000e+00    0.00000e+00    0.00000e+00    0.00000e+00    0.00000e+00    0.00000e+00
    1.12747e+04    0.00000e+00    0.00000e+00    0.00000e+00    0.00000e+00    0.00000e+00    0.00000e+00
    1.18617e+04    0.00000e+00    0.00000e+00    0.00000e+00    0.00000e+00    0.00000e+00    0.00000e+00
    1.24794e+04    0.00000e+00    0.00000e+00    0.00000e+00    0.00000e+00    0.00000e+00    0.00000e+00
    1.31291e+04    0.00000e+00    0.00000e+00    0.00000e+00    0.00000e+00    0.00000e+00    0.00000e+00
    1.38128e+04    0.00000e+00    0.00000e+00    0.00000e+00    0.00000e+00    0.00000e+00    0.00000e+00
    1.45320e+04    0.00000e+00    0.00000e+00    0.00000e+00    0.00000e+00    0.00000e+00    0.00000e+00
    1.52886e+04    0.00000e+00    0.00000e+00    0.00000e+00    0.00000e+00    0.00000e+00    0.00000e+00
    1.60847e+04    0.00000e+00    0.00000e+00    0.00000e+00    0.00000e+00    0.00000e+00    0.00000e+00
    1.69222e+04    0.00000e+00    0.00000e+00    0.00000e+00    0.00000e+00    0.00000e+00    0.00000e+00
    1.78033e+04    0.00000e+00    0.00000e+00    0.00000e+00    0.00000e+00    0.00000e+00    0.00000e+00
    1.87303e+04    0.00000e+00    0.00000e+00    0.00000e+00    0.00000e+00    0.00000e+00    0.00000e+00
    1.97056e+04    0.00000e+00    0.00000e+00    0.00000e+00    0.00000e+00    0.00000e+00    0.00000e+00
    2.07316e+04    0.00000e+00    0.00000e+00    0.00000e+00    0.00000e+00    0.00000e+00    0.00000e+00
    2.18111e+04    0.00000e+00    0.00000e+00    0.00000e+00    0.00000e+00    0.00000e+00    0.00000e+00
    2.29468e+04    0.00000e+00    0.00000e+00    0.00000e+00    0.00000e+00    0.00000e+00    0.00000e+00
    2.41416e+04    0.00000e+00    0.00000e+00    0.00000e+00    0.00000e+00    0.00000e+00    0.00000e+00
    2.53986e+04    0.00000e+00    0.00000e+00    0.00000e+00    0.00000e+00    0.00000e+00    0.00000e+00
    2.67211e+04    0.00000e+00    0.00000e+00    0.00000e+00    0.00000e+00    0.00000e+00    0.00000e+00
    2.81124e+04    0.00000e+00    0.00000e+00    0.00000e+00    0.00000e+00    0.00000e+00    0.00000e+00
    2.95762e+04    0.00000e+00    0.00000e+00    0.00000e+00    0.00000e+00    0.00000e+00    0.00000e+00
    3.11162e+04    0.00000e+00    0.00000e+00    0.00000e+00    0.00000e+00    0.00000e+00    0.00000e+00
    3.27363e+04    0.00000e+00    0.00000e+00    0.00000e+00    0.00000e+00    0.00000e+00    0.00000e+00
    3.44409e+04    0.00000e+00    0.00000e+00    0.00000e+00    0.00000e+00    0.00000e+00    0.00000e+00
    3.62342e+04    0.00000e+00    0.00000e+00    0.00000e+00    0.00000e+00    0.00000e+00    0.00000e+00
    3.81208e+04    0.00000e+00    0.00000e+00    0.00000e+00    0.00000e+00    0.00000e+00    0.00000e+00
    4.01057e+04    0.00000e+00    0.00000e+00    0.00000e+00    0.00000e+00    0.00000e+00    0.00000e+00
    4.21940e+04    0.00000e+00    0.00000e+00    0.00000e+00    0.00000e+00    0.00000e+00    0.00000e+00
    4.43910e+04    0.00000e+00    0.00000e+00    0.00000e+00    0.00000e+00    0.00000e+00    0.00000e+00
    4.67023e+04    0.00000e+00    0.00000e+00    0.00000e+00    0.00000e+00    0.00000e+00    0.00000e+00
    4.91341e+04    0.00000e+00    0.00000e+00    0.00000e+00    0.00000e+00    0.00000e+00    0.00000e+00
    5.16924e+04    0.00000e+00    0.00000e+00    0.00000e+00    0.00000e+00    0.00000e+00    0.00000e+00
    5.43840e+04    0.00000e+00    0.00000e+00    0.00000e+00    0.00000e+00    0.00000e+00    0.00000e+00
    5.72157e+04    0.00000e+00    0.00000e+00    0.00000e+00    0.00000e+00    0.00000e+00    0.00000e+00
    6.01948e+04    0.00000e+00    0.00000e+00    0.00000e+00    0.00000e+00    0.00000e+00    0.00000e+00
    6.33291e+04    0.00000e+00    0.00000e+00    0.00000e+00    0.00000e+00    0.00000e+00    0.00000e+00
    6.66265e+04    0.00000e+00    0.00000e+00    0.00000e+00    0.00000e+00    0.00000e+00    0.00000e+00
    7.00957e+04    0.00000e+00    0.00000e+00    0.00000e+00    0.00000e+00    0.00000e+00    0.00000e+00
    7.37455e+04    0.00000e+00    0.00000e+00    0.00000e+00    0.00000e+00    0.00000e+00    0.00000e+00
    7.75853e+04    0.00000e+00    0.00000e+00    0.00000e+00    0.00000e+00    0.00000e+00    0.00000e+00
    8.16251e+04    0.00000e+00    0.00000e+00    0.00000e+00    0.00000e+00    0.00000e+00    0.00000e+00
    8.58752e+04    0.00000e+00    0.00000e+00    0.00000e+00    0.00000e+00    0.00000e+00    0.00000e+00
    9.03466e+04    0.00000e+00    0.00000e+00    0.00000e+00    0.00000e+00    0.00000e+00    0.00000e+00
    9.50508e+04    0.00000e+00    0.00000e+00    0.00000e+00    0.00000e+00    0.00000e+00    0.00000e+00
    1.00000e+05    0.00000e+00    0.00000e+00    0.00000e+00    0.00000e+00    0.00000e+00    0.00000e+00
