# # E_gamma (MeV)  Final State Radiation (MeV^-1 s^-1)
5.145440e-01 1.898059e+19
5.413360e-01 1.802995e+19
5.695230e-01 1.712637e+19
5.991770e-01 1.626754e+19
6.303750e-01 1.545122e+19
6.631980e-01 1.467530e+19
6.977300e-01 1.393780e+19
7.340600e-01 1.323680e+19
7.722810e-01 1.257053e+19
8.124930e-01 1.193723e+19
8.547980e-01 1.133529e+19
8.993070e-01 1.076315e+19
9.461320e-01 1.021935e+19
9.953960e-01 9.702479e+18
1.047230e+00 9.211158e+18
1.101750e+00 8.744279e+18
1.159120e+00 8.300435e+18
1.219470e+00 7.878630e+18
1.282970e+00 7.477670e+18
1.349770e+00 7.096612e+18
1.420050e+00 6.734424e+18
1.493990e+00 6.390186e+18
1.571780e+00 6.063005e+18
1.653620e+00 5.752044e+18
1.739730e+00 5.456471e+18
1.830310e+00 5.175601e+18
1.925610e+00 4.908646e+18
2.025880e+00 4.654915e+18
2.131360e+00 4.413799e+18
2.242340e+00 4.184632e+18
2.359100e+00 3.966849e+18
2.481930e+00 3.759891e+18
2.611160e+00 3.563207e+18
2.747120e+00 3.376296e+18
2.890160e+00 3.198676e+18
3.040650e+00 3.029890e+18
3.198970e+00 2.869523e+18
3.365530e+00 2.717133e+18
3.540770e+00 2.572329e+18
3.725140e+00 2.434741e+18
3.919100e+00 2.304024e+18
4.123160e+00 2.179834e+18
4.337850e+00 2.061847e+18
4.563720e+00 1.949761e+18
4.801340e+00 1.843324e+18
5.051340e+00 1.742194e+18
5.314360e+00 1.646139e+18
5.591070e+00 1.554914e+18
5.882190e+00 1.468279e+18
6.188470e+00 1.386012e+18
6.510690e+00 1.307900e+18
6.849700e+00 1.233737e+18
7.206350e+00 1.163335e+18
7.581580e+00 1.096508e+18
7.976340e+00 1.033083e+18
8.391660e+00 9.728945e+17
8.828600e+00 9.157855e+17
9.288290e+00 8.616062e+17
9.771920e+00 8.102139e+17
1.028070e+01 7.616288e+17
1.081600e+01 7.154329e+17
1.137920e+01 6.716385e+17
1.197170e+01 6.301331e+17
1.259510e+01 5.908011e+17
1.325090e+01 5.535436e+17
1.394080e+01 5.182586e+17
1.466670e+01 4.848442e+17
1.543040e+01 4.532128e+17
1.623380e+01 4.232795e+17
1.707910e+01 3.949561e+17
1.796840e+01 3.681656e+17
1.890400e+01 3.428314e+17
1.988830e+01 3.188805e+17
2.092380e+01 2.962433e+17
2.201330e+01 2.748494e+17
2.315950e+01 2.546364e+17
2.436540e+01 2.355407e+17
2.563410e+01 2.175023e+17
2.696880e+01 2.004637e+17
2.837300e+01 1.843679e+17
2.985040e+01 1.691598e+17
3.140470e+01 1.547883e+17
3.303990e+01 1.412033e+17
3.476020e+01 1.283570e+17
3.657010e+01 1.162041e+17
3.847430e+01 1.047038e+17
4.047760e+01 9.382026e+16
4.258520e+01 8.352336e+16
4.480250e+01 7.379248e+16
4.713530e+01 6.461494e+16
4.958960e+01 5.599338e+16
5.217170e+01 4.794332e+16
5.488820e+01 4.049061e+16
5.774620e+01 3.367994e+16
6.075290e+01 2.755134e+16
6.391620e+01 2.214213e+16
6.724430e+01 1.747575e+16
7.074560e+01 1.354726e+16
7.442920e+01 1.032458e+16
7.830470e+01 7.747135e+15
8.238190e+01 5.738291e+15
8.667140e+01 4.202406e+15
9.118430e+01 3.051681e+15
9.593210e+01 2.201789e+15
1.009270e+02 1.576847e+15
1.061820e+02 1.119728e+15
1.117110e+02 7.829843e+14
1.175280e+02 5.344735e+14
1.236470e+02 3.531719e+14
1.300850e+02 2.238501e+14
1.368590e+02 1.361451e+14
1.439850e+02 8.007114e+13
1.514820e+02 4.581297e+13
1.593690e+02 2.591008e+13
1.676680e+02 1.447216e+13
1.763980e+02 7.921630e+12
1.855830e+02 4.196381e+12
1.952460e+02 2.077775e+12
2.054120e+02 9.678730e+11
2.161070e+02 4.359603e+11
2.273600e+02 1.902620e+11
2.391980e+02 8.249191e+10
2.516530e+02 3.367313e+10
2.647560e+02 1.249409e+10
2.785410e+02 4.500099e+09
2.930450e+02 1.528359e+09
3.083030e+02 5.058139e+08
3.243560e+02 1.556278e+08
3.412450e+02 4.209936e+07
3.590130e+02 1.150647e+07
3.777060e+02 2.899665e+06
3.973730e+02 6.196930e+05
4.180640e+02 1.402537e+05
4.398320e+02 2.722600e+04
4.627330e+02 4.670245e+03
4.868270e+02 8.045928e+02
5.121760e+02 1.116250e+02
5.388440e+02 1.568044e+01
5.669010e+02 1.894428e+00
5.964180e+02 1.708454e-01
6.274730e+02 2.013440e-02
6.601450e+02 1.502826e-03
6.945180e+02 1.097323e-04
7.306800e+02 7.795430e-06
7.687260e+02 3.485735e-07
8.087520e+02 1.952249e-08
8.508630e+02 8.977506e-10
8.951660e+02 3.060678e-11
9.417770e+02 8.573963e-13
9.908140e+02 2.353819e-14
1.042400e+03 5.344375e-16
1.096680e+03 8.241467e-18
1.153780e+03 1.138342e-19
1.213860e+03 1.437996e-21
1.277060e+03 1.140704e-23
1.343560e+03 7.913814e-26
1.413520e+03 4.663695e-28
1.487120e+03 1.637361e-30
1.564550e+03 5.741640e-33
1.646010e+03 1.161317e-35
1.731720e+03 2.063715e-38
1.821890e+03 2.270491e-41
1.916750e+03 2.020450e-44
2.016550e+03 1.043102e-47
2.121550e+03 4.622547e-51
2.232020e+03 1.026719e-54
2.348230e+03 1.870957e-58
2.470500e+03 2.069071e-62
2.599140e+03 1.204758e-66
2.734470e+03 4.920389e-71
2.876850e+03 1.275936e-75
3.026650e+03 1.752755e-80
3.184240e+03 1.263539e-85
3.350040e+03 4.932259e-91
3.524470e+03 1.032199e-96
3.707990e+03 1.119657e-102
3.901060e+03 6.090188e-109
4.104180e+03 1.594211e-115
4.317880e+03 1.829841e-122
4.542710e+03 8.166228e-130
4.779240e+03 1.583875e-137
5.028090e+03 1.475956e-145
5.289890e+03 3.944647e-154
5.565330e+03 4.954269e-163
5.855110e+03 1.617690e-172
6.159980e+03 2.197193e-182
6.480720e+03 8.506234e-193
6.818160e+03 8.615054e-204
7.173170e+03 2.398976e-215
7.546670e+03 1.755763e-227
7.939620e+03 3.056375e-240
8.353020e+03 1.015743e-253
8.787950e+03 6.924600e-268
9.245530e+03 9.944450e-283
9.726930e+03 2.161161e-298
1.023340e+04 0.000000e+00
