# E_gamma(MeV)   IFA_secondary_masked(MeV^-1 s^-1)
5.145440e-01 2.673910e+17
5.413360e-01 5.766808e+17
5.695230e-01 1.012325e+18
5.991770e-01 1.539307e+18
6.303750e-01 2.089786e+18
6.631980e-01 2.589850e+18
6.977300e-01 2.993298e+18
7.340600e-01 3.285033e+18
7.722810e-01 3.469689e+18
8.124930e-01 3.560886e+18
8.547980e-01 3.575150e+18
8.993070e-01 3.528908e+18
9.461320e-01 3.437016e+18
9.953960e-01 3.312297e+18
1.047230e+00 3.165167e+18
1.101750e+00 3.004081e+18
1.159120e+00 2.835350e+18
1.219470e+00 2.663677e+18
1.282970e+00 2.492453e+18
1.349770e+00 2.324414e+18
1.420050e+00 2.161235e+18
1.493990e+00 2.004219e+18
1.571780e+00 1.854205e+18
1.653620e+00 1.711729e+18
1.739730e+00 1.577042e+18
1.830310e+00 1.450303e+18
1.925610e+00 1.331462e+18
2.025880e+00 1.220360e+18
2.131360e+00 1.116783e+18
2.242340e+00 1.020448e+18
2.359100e+00 9.310657e+17
2.481930e+00 8.482791e+17
2.611160e+00 7.717601e+17
2.747120e+00 7.011471e+17
2.890160e+00 6.361038e+17
3.040650e+00 5.762726e+17
3.198970e+00 5.213238e+17
3.365530e+00 4.709320e+17
3.540770e+00 4.247906e+17
3.725140e+00 3.826061e+17
3.919100e+00 3.440796e+17
4.123160e+00 3.089496e+17
4.337850e+00 2.769652e+17
4.563720e+00 2.478851e+17
4.801340e+00 2.214763e+17
5.051340e+00 1.975420e+17
5.314360e+00 1.758785e+17
5.591070e+00 1.562994e+17
5.882190e+00 1.386328e+17
6.188470e+00 1.227173e+17
6.510690e+00 1.084063e+17
6.849700e+00 9.556018e+16
7.206350e+00 8.404980e+16
7.581580e+00 7.375768e+16
7.976340e+00 6.457317e+16
8.391660e+00 5.639260e+16
8.828600e+00 4.912186e+16
9.288290e+00 4.267561e+16
9.771920e+00 3.697265e+16
1.028070e+01 3.194208e+16
1.081600e+01 2.751306e+16
1.137920e+01 2.362782e+16
1.197170e+01 2.022624e+16
1.259510e+01 1.725711e+16
1.325090e+01 1.467253e+16
1.394080e+01 1.243217e+16
1.466670e+01 1.049485e+16
1.543040e+01 8.825590e+15
1.623380e+01 7.391857e+15
1.707910e+01 6.165489e+15
1.796840e+01 5.120463e+15
1.890400e+01 4.232661e+15
1.988830e+01 3.482046e+15
2.092380e+01 2.851218e+15
2.201330e+01 2.322828e+15
2.315950e+01 1.882490e+15
2.436540e+01 1.516860e+15
2.563410e+01 1.215883e+15
2.696880e+01 9.688552e+14
2.837300e+01 7.670749e+14
2.985040e+01 6.034369e+14
3.140470e+01 4.716421e+14
3.303990e+01 3.661966e+14
3.476020e+01 2.822907e+14
3.657010e+01 2.161260e+14
3.847430e+01 1.642104e+14
4.047760e+01 1.237983e+14
4.258520e+01 9.256406e+13
4.480250e+01 6.862476e+13
4.713530e+01 5.044253e+13
4.958960e+01 3.670842e+13
5.217170e+01 2.644219e+13
5.488820e+01 1.885842e+13
5.774620e+01 1.330387e+13
6.075290e+01 9.301851e+12
6.391620e+01 6.462495e+12
6.724430e+01 4.463981e+12
7.074560e+01 3.084150e+12
7.442920e+01 2.148608e+12
7.830470e+01 1.516614e+12
8.238190e+01 1.091571e+12
8.667140e+01 8.111182e+11
9.118430e+01 6.130917e+11
9.593210e+01 4.600265e+11
1.009270e+02 3.411597e+11
1.061820e+02 2.476421e+11
1.117110e+02 1.719613e+11
1.175280e+02 1.169311e+11
1.236470e+02 8.140452e+10
1.300850e+02 5.543066e+10
1.368590e+02 3.581751e+10
1.439850e+02 2.235710e+10
1.514820e+02 1.421048e+10
1.593690e+02 9.137216e+09
1.676680e+02 5.478499e+09
1.763980e+02 2.780386e+09
1.855830e+02 1.363627e+09
1.952460e+02 7.438013e+08
2.054120e+02 3.542219e+08
2.161070e+02 1.489206e+08
2.273600e+02 6.019090e+07
