# E_gamma(MeV)   IFA_primary_masked(MeV^-1 s^-1)
5.145440e-01 3.696061e+19
5.413360e-01 5.314215e+19
5.695230e-01 7.008357e+19
5.991770e-01 7.795989e+19
6.303750e-01 8.260096e+19
6.631980e-01 8.493618e+19
6.977300e-01 8.562356e+19
7.340600e-01 8.513090e+19
7.722810e-01 8.379531e+19
8.124930e-01 8.186299e+19
8.547980e-01 7.951579e+19
8.993070e-01 7.688873e+19
9.461320e-01 7.408318e+19
9.953960e-01 7.117509e+19
1.047230e+00 6.822151e+19
1.101750e+00 6.526554e+19
1.159120e+00 6.233957e+19
1.219470e+00 5.946732e+19
1.282970e+00 5.666614e+19
1.349770e+00 5.394860e+19
1.420050e+00 5.132281e+19
1.493990e+00 4.879412e+19
1.571780e+00 4.636539e+19
1.653620e+00 4.403811e+19
1.739730e+00 4.181214e+19
1.830310e+00 3.968659e+19
1.925610e+00 3.765962e+19
2.025880e+00 3.572886e+19
2.131360e+00 3.389142e+19
2.242340e+00 3.214433e+19
2.359100e+00 3.048420e+19
2.481930e+00 2.890657e+19
2.611160e+00 2.741000e+19
2.747120e+00 2.598998e+19
2.890160e+00 2.464301e+19
3.040650e+00 2.336569e+19
3.198970e+00 2.215566e+19
3.365530e+00 2.100766e+19
3.540770e+00 1.991956e+19
3.725140e+00 1.888833e+19
3.919100e+00 1.791102e+19
4.123160e+00 1.698487e+19
4.337850e+00 1.610720e+19
4.563720e+00 1.527541e+19
4.801340e+00 1.448709e+19
5.051340e+00 1.373990e+19
5.314360e+00 1.303163e+19
5.591070e+00 1.236016e+19
5.882190e+00 1.172351e+19
6.188470e+00 1.111976e+19
6.510690e+00 1.054715e+19
6.849700e+00 1.000396e+19
7.206350e+00 9.488572e+18
7.581580e+00 8.999457e+18
7.976340e+00 8.535165e+18
8.391660e+00 8.094314e+18
8.828600e+00 7.675595e+18
9.288290e+00 7.277790e+18
9.771920e+00 6.899597e+18
1.028070e+01 6.540042e+18
1.081600e+01 6.198082e+18
1.137920e+01 5.872844e+18
1.197170e+01 5.563267e+18
1.259510e+01 5.268603e+18
1.325090e+01 4.987870e+18
1.394080e+01 4.720142e+18
1.466670e+01 4.464670e+18
1.543040e+01 4.220961e+18
1.623380e+01 3.988089e+18
1.707910e+01 3.765618e+18
1.796840e+01 3.552905e+18
1.890400e+01 3.349314e+18
1.988830e+01 3.154175e+18
2.092380e+01 2.967209e+18
2.201330e+01 2.787814e+18
2.315950e+01 2.615561e+18
2.436540e+01 2.449819e+18
2.563410e+01 2.290404e+18
2.696880e+01 2.136811e+18
2.837300e+01 1.988574e+18
2.985040e+01 1.845470e+18
3.140470e+01 1.707329e+18
3.303990e+01 1.573666e+18
3.476020e+01 1.444396e+18
3.657010e+01 1.319369e+18
3.847430e+01 1.198562e+18
4.047760e+01 1.081927e+18
4.258520e+01 9.695635e+17
4.480250e+01 8.616864e+17
4.713530e+01 7.586223e+17
4.958960e+01 6.607707e+17
5.217170e+01 5.687345e+17
5.488820e+01 4.830802e+17
5.774620e+01 4.044989e+17
6.075290e+01 3.335645e+17
6.391620e+01 2.707195e+17
6.724430e+01 2.161604e+17
7.074560e+01 1.698747e+17
7.442920e+01 1.314482e+17
7.830470e+01 1.002596e+17
8.238190e+01 7.547912e+16
8.667140e+01 5.618325e+16
9.118430e+01 4.140759e+16
9.593210e+01 3.024752e+16
1.009270e+02 2.189955e+16
1.061820e+02 1.569529e+16
1.117110e+02 1.109224e+16
1.175280e+02 7.697750e+15
1.236470e+02 5.217098e+15
1.300850e+02 3.436385e+15
1.368590e+02 2.188516e+15
1.439850e+02 1.338611e+15
1.514820e+02 8.040736e+14
1.593690e+02 4.625619e+14
1.676680e+02 2.617187e+14
1.763980e+02 1.410465e+14
1.855830e+02 8.436711e+13
1.952460e+02 3.947827e+13
2.054120e+02 2.286895e+13
2.161070e+02 9.947436e+12
2.273600e+02 5.373967e+12
2.391980e+02 2.135776e+12
2.516530e+02 8.904664e+11
2.647560e+02 4.155697e+11
2.785410e+02 1.575258e+11
2.930450e+02 6.472623e+10
3.083030e+02 2.275813e+10
3.243560e+02 8.420306e+09
3.412450e+02 2.917630e+09
3.590130e+02 9.312940e+08
3.777060e+02 2.668005e+08
3.973730e+02 7.095622e+07
4.180640e+02 1.822241e+07
4.398320e+02 4.133340e+06
4.627330e+02 8.994993e+05
4.868270e+02 1.825230e+05
5.121760e+02 1.982370e+04
5.388440e+02 4.930537e+03
5.669010e+02 6.336229e+02
5.964180e+02 1.202450e+02
6.274730e+02 1.437899e+01
6.601450e+02 4.070566e+00
6.945180e+02 6.155562e-01
7.306800e+02 0.000000e+00
7.687260e+02 0.000000e+00
8.087520e+02 0.000000e+00
8.508630e+02 0.000000e+00
8.951660e+02 0.000000e+00
9.417770e+02 0.000000e+00
9.908140e+02 0.000000e+00
1.042400e+03 0.000000e+00
1.096680e+03 0.000000e+00
1.153780e+03 0.000000e+00
1.213860e+03 0.000000e+00
1.277060e+03 0.000000e+00
1.343560e+03 0.000000e+00
1.413520e+03 0.000000e+00
1.487120e+03 0.000000e+00
1.564550e+03 0.000000e+00
1.646010e+03 0.000000e+00
1.731720e+03 0.000000e+00
1.821890e+03 0.000000e+00
1.916750e+03 0.000000e+00
2.016550e+03 0.000000e+00
2.121550e+03 0.000000e+00
2.232020e+03 0.000000e+00
2.348230e+03 0.000000e+00
2.470500e+03 0.000000e+00
2.599140e+03 0.000000e+00
2.734470e+03 0.000000e+00
2.876850e+03 0.000000e+00
3.026650e+03 0.000000e+00
3.184240e+03 0.000000e+00
3.350040e+03 0.000000e+00
3.524470e+03 0.000000e+00
3.707990e+03 0.000000e+00
3.901060e+03 0.000000e+00
4.104180e+03 0.000000e+00
4.317880e+03 0.000000e+00
4.542710e+03 0.000000e+00
4.779240e+03 0.000000e+00
5.028090e+03 0.000000e+00
5.289890e+03 0.000000e+00
5.565330e+03 0.000000e+00
5.855110e+03 0.000000e+00
6.159980e+03 0.000000e+00
6.480720e+03 0.000000e+00
6.818160e+03 0.000000e+00
7.173170e+03 0.000000e+00
7.546670e+03 0.000000e+00
7.939620e+03 0.000000e+00
8.353020e+03 0.000000e+00
8.787950e+03 0.000000e+00
9.245530e+03 0.000000e+00
9.726930e+03 0.000000e+00
1.023340e+04 0.000000e+00
