# # E_gamma (MeV)  Final State Radiation (MeV^-1 s^-1)
5.145440e-01 3.372912e+19
5.413360e-01 3.204733e+19
5.695230e-01 3.044879e+19
5.991770e-01 2.892941e+19
6.303750e-01 2.748523e+19
6.631980e-01 2.611251e+19
6.977300e-01 2.480774e+19
7.340600e-01 2.356755e+19
7.722810e-01 2.238877e+19
8.124930e-01 2.126831e+19
8.547980e-01 2.020334e+19
8.993070e-01 1.919106e+19
9.461320e-01 1.822892e+19
9.953960e-01 1.731439e+19
1.047230e+00 1.644505e+19
1.101750e+00 1.561895e+19
1.159120e+00 1.483359e+19
1.219470e+00 1.408720e+19
1.282970e+00 1.337767e+19
1.349770e+00 1.270335e+19
1.420050e+00 1.206239e+19
1.493990e+00 1.145317e+19
1.571780e+00 1.087411e+19
1.653620e+00 1.032374e+19
1.739730e+00 9.800569e+18
1.830310e+00 9.303391e+18
1.925610e+00 8.830819e+18
2.025880e+00 8.381623e+18
2.131360e+00 7.954726e+18
2.242340e+00 7.548951e+18
2.359100e+00 7.163285e+18
2.481930e+00 6.796758e+18
2.611160e+00 6.448387e+18
2.747120e+00 6.117283e+18
2.890160e+00 5.802596e+18
3.040650e+00 5.503511e+18
3.198970e+00 5.219278e+18
3.365530e+00 4.949149e+18
3.540770e+00 4.692415e+18
3.725140e+00 4.448419e+18
3.919100e+00 4.216551e+18
4.123160e+00 3.996201e+18
4.337850e+00 3.786796e+18
4.563720e+00 3.587800e+18
4.801340e+00 3.398723e+18
5.051340e+00 3.219039e+18
5.314360e+00 3.048300e+18
5.591070e+00 2.886069e+18
5.882190e+00 2.731926e+18
6.188470e+00 2.585471e+18
6.510690e+00 2.446331e+18
6.849700e+00 2.314139e+18
7.206350e+00 2.188563e+18
7.581580e+00 2.069270e+18
7.976340e+00 1.955959e+18
8.391660e+00 1.848332e+18
8.828600e+00 1.746114e+18
9.288290e+00 1.649039e+18
9.771920e+00 1.556854e+18
1.028070e+01 1.469392e+18
1.081600e+01 1.386295e+18
1.137920e+01 1.307406e+18
1.197170e+01 1.232526e+18
1.259510e+01 1.161452e+18
1.325090e+01 1.094011e+18
1.394080e+01 1.030023e+18
1.466670e+01 9.693116e+17
1.543040e+01 9.117234e+17
1.623380e+01 8.571120e+17
1.707910e+01 8.053243e+17
1.796840e+01 7.562288e+17
1.890400e+01 7.096946e+17
1.988830e+01 6.655978e+17
2.092380e+01 6.238215e+17
2.201330e+01 5.842479e+17
2.315950e+01 5.467739e+17
2.436540e+01 5.112954e+17
2.563410e+01 4.777151e+17
2.696880e+01 4.459411e+17
2.837300e+01 4.158824e+17
2.985040e+01 3.874521e+17
3.140470e+01 3.605706e+17
3.303990e+01 3.351590e+17
3.476020e+01 3.111420e+17
3.657010e+01 2.884460e+17
3.847430e+01 2.670006e+17
4.047760e+01 2.467395e+17
4.258520e+01 2.275973e+17
4.480250e+01 2.095110e+17
4.713530e+01 1.924194e+17
4.958960e+01 1.762637e+17
5.217170e+01 1.609879e+17
5.488820e+01 1.465385e+17
5.774620e+01 1.328644e+17
6.075290e+01 1.199194e+17
6.391620e+01 1.076609e+17
6.724430e+01 9.605418e+16
7.074560e+01 8.507248e+16
7.442920e+01 7.470153e+16
7.830470e+01 6.493899e+16
8.238190e+01 5.579695e+16
8.667140e+01 4.730963e+16
9.118430e+01 3.951609e+16
9.593210e+01 3.246731e+16
1.009270e+02 2.621207e+16
1.061820e+02 2.077861e+16
1.117110e+02 1.617489e+16
1.175280e+02 1.237268e+16
1.236470e+02 9.315531e+15
1.300850e+02 6.914313e+15
1.368590e+02 5.073237e+15
1.439850e+02 3.689174e+15
1.514820e+02 2.662424e+15
1.593690e+02 1.910592e+15
1.676680e+02 1.359055e+15
1.763980e+02 9.541760e+14
1.855830e+02 6.565135e+14
1.952460e+02 4.373804e+14
2.054120e+02 2.802250e+14
2.161070e+02 1.722200e+14
2.273600e+02 1.018069e+14
2.391980e+02 5.870983e+13
2.516530e+02 3.319816e+13
2.647560e+02 1.855445e+13
2.785410e+02 1.028600e+13
2.930450e+02 5.480908e+12
3.083030e+02 2.764382e+12
3.243560e+02 1.310120e+12
3.412450e+02 5.877790e+11
3.590130e+02 2.609616e+11
3.777060e+02 1.128930e+11
3.973730e+02 4.670029e+10
4.180640e+02 1.817780e+10
4.398320e+02 6.422179e+09
4.627330e+02 2.214633e+09
4.868270e+02 7.499115e+08
5.121760e+02 2.292577e+08
5.388440e+02 6.612519e+07
5.669010e+02 1.759648e+07
5.964180e+02 4.429315e+06
6.274730e+02 1.078576e+06
6.601450e+02 2.217465e+05
6.945180e+02 4.569622e+04
7.306800e+02 8.460545e+03
7.687260e+02 1.302257e+03
8.087520e+02 2.176730e+02
8.508630e+02 2.827614e+01
8.951660e+02 3.221385e+00
9.417770e+02 4.075946e-01
9.908140e+02 3.678116e-02
1.042400e+03 3.247513e-03
1.096680e+03 2.632402e-04
1.153780e+03 1.400747e-05
1.213860e+03 1.030529e-06
1.277060e+03 4.544058e-08
1.343560e+03 2.214879e-09
1.413520e+03 8.175063e-11
1.487120e+03 2.353297e-12
1.564550e+03 6.488646e-14
1.646010e+03 1.597614e-15
1.731720e+03 2.695694e-17
1.821890e+03 3.706369e-19
1.916750e+03 4.992437e-21
2.016550e+03 4.474663e-23
2.121550e+03 3.062108e-25
2.232020e+03 2.012817e-27
2.348230e+03 7.726962e-30
2.470500e+03 2.729387e-32
2.599140e+03 6.595853e-35
2.734470e+03 1.137281e-37
2.876850e+03 1.542659e-40
3.026650e+03 1.326115e-43
3.184240e+03 8.572298e-47
3.350040e+03 3.775813e-50
3.524470e+03 9.809873e-54
3.707990e+03 2.113625e-57
3.901060e+03 2.298833e-61
4.104180e+03 1.642281e-65
4.317880e+03 8.378739e-70
4.542710e+03 2.306595e-74
4.779240e+03 3.336540e-79
5.028090e+03 2.769063e-84
5.289890e+03 1.312598e-89
5.565330e+03 3.342612e-95
5.855110e+03 4.323356e-101
6.159980e+03 2.737650e-107
6.480720e+03 8.373265e-114
6.818160e+03 1.237697e-120
7.173170e+03 8.180457e-128
7.546670e+03 1.952626e-135
7.939620e+03 1.884605e-143
8.353020e+03 8.602829e-152
8.787950e+03 1.065502e-160
9.245530e+03 6.166809e-170
9.726930e+03 9.428794e-180
1.023340e+04 4.451748e-190
1.076620e+04 6.893186e-201
1.132680e+04 2.876950e-212
1.191660e+04 2.917793e-224
1.253710e+04 6.748690e-237
1.318990e+04 3.695162e-250
1.387660e+04 4.585741e-264
1.459920e+04 8.064655e-279
1.535930e+04 3.270266e-294
1.615910e+04 0.000000e+00
