# # E_gamma (MeV)  Final State Radiation (MeV^-1 s^-1)
5.145440e-01 3.940797e+18
5.413360e-01 3.710407e+18
5.695230e-01 3.496679e+18
5.991770e-01 3.289436e+18
6.303750e-01 3.097767e+18
6.631980e-01 2.911532e+18
6.977300e-01 2.739789e+18
7.340600e-01 2.572633e+18
7.722810e-01 2.414000e+18
8.124930e-01 2.269063e+18
8.547980e-01 2.126970e+18
8.993070e-01 1.997451e+18
9.461320e-01 1.870384e+18
9.953960e-01 1.750012e+18
1.047230e+00 1.641278e+18
1.101750e+00 1.533917e+18
1.159120e+00 1.432346e+18
1.219470e+00 1.341426e+18
1.282970e+00 1.251076e+18
1.349770e+00 1.165752e+18
1.420050e+00 1.085234e+18
1.493990e+00 1.014358e+18
1.571780e+00 9.430392e+17
1.653620e+00 8.758585e+17
1.739730e+00 8.126105e+17
1.830310e+00 7.578846e+17
1.925610e+00 7.021531e+17
2.025880e+00 6.497986e+17
2.131360e+00 6.006633e+17
2.242340e+00 5.545911e+17
2.359100e+00 5.157498e+17
2.481930e+00 4.754363e+17
2.611160e+00 4.377225e+17
2.747120e+00 4.024881e+17
2.890160e+00 3.696016e+17
3.040650e+00 3.389433e+17
3.198970e+00 3.140118e+17
3.365530e+00 2.874517e+17
3.540770e+00 2.627609e+17
3.725140e+00 2.398375e+17
3.919100e+00 2.185795e+17
4.123160e+00 1.988948e+17
4.337850e+00 1.806858e+17
4.563720e+00 1.638759e+17
4.801340e+00 1.509650e+17
5.051340e+00 1.366378e+17
5.314360e+00 1.234567e+17
5.591070e+00 1.113470e+17
5.882190e+00 1.002419e+17
6.188470e+00 9.007410e+16
6.510690e+00 8.078271e+16
6.849700e+00 7.230568e+16
7.206350e+00 6.458830e+16
7.581580e+00 5.757091e+16
7.976340e+00 5.120560e+16
8.391660e+00 4.544531e+16
8.828600e+00 4.023896e+16
9.288290e+00 3.554482e+16
9.771920e+00 3.132138e+16
1.028070e+01 2.851442e+16
1.081600e+01 2.505493e+16
1.137920e+01 2.195809e+16
1.197170e+01 1.919197e+16
1.259510e+01 1.673040e+16
1.325090e+01 1.454267e+16
1.394080e+01 1.260368e+16
1.466670e+01 1.089073e+16
1.543040e+01 9.381748e+15
1.623380e+01 8.055523e+15
1.707910e+01 6.893367e+15
1.796840e+01 5.879554e+15
1.890400e+01 4.996730e+15
1.988830e+01 4.229769e+15
2.092380e+01 3.567951e+15
2.201330e+01 2.997695e+15
2.315950e+01 2.507947e+15
2.436540e+01 2.088890e+15
2.563410e+01 1.731786e+15
2.696880e+01 1.429518e+15
2.837300e+01 1.174267e+15
2.985040e+01 9.599179e+14
3.140470e+01 7.799851e+14
3.303990e+01 6.307704e+14
3.476020e+01 5.075073e+14
3.657010e+01 4.057266e+14
3.847430e+01 3.219292e+14
4.047760e+01 2.541292e+14
4.258520e+01 1.993631e+14
4.480250e+01 1.552926e+14
4.713530e+01 1.199184e+14
4.958960e+01 9.201591e+13
5.217170e+01 7.007129e+13
5.488820e+01 5.282791e+13
5.774620e+01 3.958914e+13
6.075290e+01 2.934530e+13
6.391620e+01 2.160419e+13
6.724430e+01 1.576632e+13
7.074560e+01 1.143551e+13
7.442920e+01 8.200307e+12
7.830470e+01 5.806245e+12
8.238190e+01 4.084554e+12
8.667140e+01 2.858912e+12
9.118430e+01 1.971533e+12
9.593210e+01 1.355043e+12
1.009270e+02 9.129486e+11
1.061820e+02 5.960967e+11
1.117110e+02 3.900034e+11
1.175280e+02 2.712768e+11
1.236470e+02 1.634965e+11
1.300850e+02 8.375619e+10
1.368590e+02 5.816305e+10
1.439850e+02 3.899727e+10
1.514820e+02 2.150979e+10
1.593690e+02 5.978194e+09
1.676680e+02 3.583950e+09
1.763980e+02 2.729195e+09
1.855830e+02 1.040062e+09
1.952460e+02 0.000000e+00
