# E_gamma(MeV)   IFA_primary_masked(MeV^-1 s^-1)
5.145440e-01 7.512072e+19
5.413360e-01 1.052556e+20
5.695230e-01 1.362621e+20
5.991770e-01 1.464383e+20
6.303750e-01 1.519826e+20
6.631980e-01 1.542067e+20
6.977300e-01 1.540468e+20
7.340600e-01 1.521765e+20
7.722810e-01 1.490867e+20
8.124930e-01 1.451390e+20
8.547980e-01 1.406012e+20
8.993070e-01 1.356741e+20
9.461320e-01 1.305108e+20
9.953960e-01 1.252287e+20
1.047230e+00 1.199163e+20
1.101750e+00 1.146403e+20
1.159120e+00 1.094489e+20
1.219470e+00 1.043760e+20
1.282970e+00 9.944528e+19
1.349770e+00 9.467340e+19
1.420050e+00 9.007120e+19
1.493990e+00 8.564562e+19
1.571780e+00 8.139989e+19
1.653620e+00 7.733507e+19
1.739730e+00 7.344998e+19
1.830310e+00 6.974186e+19
1.925610e+00 6.620698e+19
2.025880e+00 6.284070e+19
2.131360e+00 5.963758e+19
2.242340e+00 5.659200e+19
2.359100e+00 5.369800e+19
2.481930e+00 5.094929e+19
2.611160e+00 4.833986e+19
2.747120e+00 4.586347e+19
2.890160e+00 4.351402e+19
3.040650e+00 4.128557e+19
3.198970e+00 3.917233e+19
3.365530e+00 3.716868e+19
3.540770e+00 3.526898e+19
3.725140e+00 3.346809e+19
3.919100e+00 3.176095e+19
4.123160e+00 3.014278e+19
4.337850e+00 2.860881e+19
4.563720e+00 2.715492e+19
4.801340e+00 2.577674e+19
5.051340e+00 2.447028e+19
5.314360e+00 2.323172e+19
5.591070e+00 2.205743e+19
5.882190e+00 2.094398e+19
6.188470e+00 1.988811e+19
6.510690e+00 1.888675e+19
6.849700e+00 1.793695e+19
7.206350e+00 1.703590e+19
7.581580e+00 1.618104e+19
7.976340e+00 1.536982e+19
8.391660e+00 1.459990e+19
8.828600e+00 1.386904e+19
9.288290e+00 1.317519e+19
9.771920e+00 1.251628e+19
1.028070e+01 1.189042e+19
1.081600e+01 1.129683e+19
1.137920e+01 1.073172e+19
1.197170e+01 1.019458e+19
1.259510e+01 9.683915e+18
1.325090e+01 9.198281e+18
1.394080e+01 8.735326e+18
1.466670e+01 8.295865e+18
1.543040e+01 7.877545e+18
1.623380e+01 7.479211e+18
1.707910e+01 7.099860e+18
1.796840e+01 6.738349e+18
1.890400e+01 6.393702e+18
1.988830e+01 6.064928e+18
2.092380e+01 5.751200e+18
2.201330e+01 5.451610e+18
2.315950e+01 5.165465e+18
2.436540e+01 4.891865e+18
2.563410e+01 4.630222e+18
2.696880e+01 4.379784e+18
2.837300e+01 4.139880e+18
2.985040e+01 3.909840e+18
3.140470e+01 3.689204e+18
3.303990e+01 3.477323e+18
3.476020e+01 3.273728e+18
3.657010e+01 3.077774e+18
3.847430e+01 2.889110e+18
4.047760e+01 2.707207e+18
4.258520e+01 2.531637e+18
4.480250e+01 2.361882e+18
4.713530e+01 2.197797e+18
4.958960e+01 2.038865e+18
5.217170e+01 1.884865e+18
5.488820e+01 1.735568e+18
5.774620e+01 1.590817e+18
6.075290e+01 1.450451e+18
6.391620e+01 1.314443e+18
6.724430e+01 1.182907e+18
7.074560e+01 1.056051e+18
7.442920e+01 9.342418e+17
7.830470e+01 8.179560e+17
8.238190e+01 7.078996e+17
8.667140e+01 6.048384e+17
9.118430e+01 5.095231e+17
9.593210e+01 4.227640e+17
1.009270e+02 3.452257e+17
1.061820e+02 2.773180e+17
1.117110e+02 2.191001e+17
1.175280e+02 1.703661e+17
1.236470e+02 1.304917e+17
1.300850e+02 9.857750e+16
1.368590e+02 7.356960e+16
1.439850e+02 5.433533e+16
1.514820e+02 3.976651e+16
1.593690e+02 2.885642e+16
1.676680e+02 2.074076e+16
1.763980e+02 1.472582e+16
1.855830e+02 1.028047e+16
1.952460e+02 7.022384e+15
2.054120e+02 4.664660e+15
2.161070e+02 3.001513e+15
2.273600e+02 1.850318e+15
2.391980e+02 1.117515e+15
2.516530e+02 6.442422e+14
2.647560e+02 3.640490e+14
2.785410e+02 1.976599e+14
2.930450e+02 1.198230e+14
3.083030e+02 5.666657e+13
3.243560e+02 3.329228e+13
3.412450e+02 1.470878e+13
3.590130e+02 8.044450e+12
3.777060e+02 3.188428e+12
3.973730e+02 1.350824e+12
4.180640e+02 6.401026e+11
4.398320e+02 2.446597e+11
4.627330e+02 1.034693e+11
4.868270e+02 3.651310e+10
5.121760e+02 1.361222e+10
5.388440e+02 4.867088e+09
5.669010e+02 1.569823e+09
5.964180e+02 4.596179e+08
6.274730e+02 1.254338e+08
6.601450e+02 3.137349e+07
6.945180e+02 7.665605e+06
7.306800e+02 1.710128e+06
7.687260e+02 3.291428e+05
8.087520e+02 3.987837e+04
8.508630e+02 8.667867e+03
8.951660e+02 1.420073e+03
9.417770e+02 2.064844e+02
9.908140e+02 3.426423e+01
1.042400e+03 4.101328e+00
1.096680e+03 1.282570e+00
1.153780e+03 1.507149e-01
1.213860e+03 0.000000e+00
1.277060e+03 0.000000e+00
1.343560e+03 0.000000e+00
1.413520e+03 0.000000e+00
1.487120e+03 0.000000e+00
1.564550e+03 0.000000e+00
1.646010e+03 0.000000e+00
1.731720e+03 0.000000e+00
1.821890e+03 0.000000e+00
1.916750e+03 0.000000e+00
2.016550e+03 0.000000e+00
2.121550e+03 0.000000e+00
2.232020e+03 0.000000e+00
2.348230e+03 0.000000e+00
2.470500e+03 0.000000e+00
2.599140e+03 0.000000e+00
2.734470e+03 0.000000e+00
2.876850e+03 0.000000e+00
3.026650e+03 0.000000e+00
3.184240e+03 0.000000e+00
3.350040e+03 0.000000e+00
3.524470e+03 0.000000e+00
3.707990e+03 0.000000e+00
3.901060e+03 0.000000e+00
4.104180e+03 0.000000e+00
4.317880e+03 0.000000e+00
4.542710e+03 0.000000e+00
4.779240e+03 0.000000e+00
5.028090e+03 0.000000e+00
5.289890e+03 0.000000e+00
5.565330e+03 0.000000e+00
5.855110e+03 0.000000e+00
6.159980e+03 0.000000e+00
6.480720e+03 0.000000e+00
6.818160e+03 0.000000e+00
7.173170e+03 0.000000e+00
7.546670e+03 0.000000e+00
7.939620e+03 0.000000e+00
8.353020e+03 0.000000e+00
8.787950e+03 0.000000e+00
9.245530e+03 0.000000e+00
9.726930e+03 0.000000e+00
1.023340e+04 0.000000e+00
1.076620e+04 0.000000e+00
1.132680e+04 0.000000e+00
1.191660e+04 0.000000e+00
1.253710e+04 0.000000e+00
1.318990e+04 0.000000e+00
1.387660e+04 0.000000e+00
1.459920e+04 0.000000e+00
1.535930e+04 0.000000e+00
1.615910e+04 0.000000e+00
