Hawking secondary spectra for each particle type.
energy/particle         photon       electron           nu_e          nu_mu         nu_tau         proton
    1.00000e-06   1.51166e-240    0.00000e+00   1.80643e-238   7.70946e-239    0.00000e+00    0.00000e+00
    1.05207e-06    6.44706e+17    0.00000e+00    6.76209e+19    6.76209e+19    6.76209e+19    0.00000e+00
    1.10685e-06    7.39966e+17    0.00000e+00    7.45708e+19    7.45708e+19    7.45708e+19    0.00000e+00
    1.16448e-06    8.53363e+17    0.00000e+00    8.22050e+19    8.22050e+19    8.22050e+19    0.00000e+00
    1.22511e-06    9.94865e+17    0.00000e+00    9.06304e+19    9.06304e+19    9.06304e+19    0.00000e+00
    1.28890e-06    1.16425e+18    0.00000e+00    9.98739e+19    9.98739e+19    9.98739e+19    0.00000e+00
    1.35602e-06    1.35792e+18    0.00000e+00    1.10043e+20    1.10043e+20    1.10043e+20    0.00000e+00
    1.42662e-06    1.56930e+18    0.00000e+00    1.21231e+20    1.21231e+20    1.21231e+20    0.00000e+00
    1.50090e-06    1.80382e+18    0.00000e+00    1.33495e+20    1.33495e+20    1.33495e+20    0.00000e+00
    1.57905e-06    2.08542e+18    0.00000e+00    1.46997e+20    1.46997e+20    1.46997e+20    0.00000e+00
    1.66127e-06    2.42918e+18    0.00000e+00    1.61805e+20    1.61805e+20    1.61805e+20    0.00000e+00
    1.74777e-06    2.82768e+18    0.00000e+00    1.78025e+20    1.78025e+20    1.78025e+20    0.00000e+00
    1.83878e-06    3.26534e+18    0.00000e+00    1.95874e+20    1.95874e+20    1.95874e+20    0.00000e+00
    1.93452e-06    3.76023e+18    0.00000e+00    2.15398e+20    2.15398e+20    2.15398e+20    0.00000e+00
    2.03525e-06    4.36120e+18    0.00000e+00    2.36797e+20    2.36797e+20    2.36797e+20    0.00000e+00
    2.14122e-06    5.06892e+18    0.00000e+00    2.60254e+20    2.60254e+20    2.60254e+20    0.00000e+00
    2.25271e-06    5.84533e+18    0.00000e+00    2.85877e+20    2.85877e+20    2.85877e+20    0.00000e+00
    2.37001e-06    6.74418e+18    0.00000e+00    3.13968e+20    3.13968e+20    3.13968e+20    0.00000e+00
    2.49341e-06    7.82489e+18    0.00000e+00    3.44650e+20    3.44650e+20    3.44650e+20    0.00000e+00
    2.62324e-06    9.03508e+18    0.00000e+00    3.78121e+20    3.78121e+20    3.78121e+20    0.00000e+00
    2.75983e-06    1.04176e+19    0.00000e+00    4.14766e+20    4.14766e+20    4.14766e+20    0.00000e+00
    2.90353e-06    1.20622e+19    0.00000e+00    4.54666e+20    4.54666e+20    4.54666e+20    0.00000e+00
    3.05471e-06    1.39009e+19    0.00000e+00    4.98178e+20    4.98178e+20    4.98178e+20    0.00000e+00
    3.21376e-06    1.60461e+19    0.00000e+00    5.45623e+20    5.45623e+20    5.45623e+20    0.00000e+00
    3.38110e-06    1.85274e+19    0.00000e+00    5.97175e+20    5.97175e+20    5.97175e+20    0.00000e+00
    3.55715e-06    2.13323e+19    0.00000e+00    6.53343e+20    6.53343e+20    6.53343e+20    0.00000e+00
    3.74237e-06    2.46251e+19    0.00000e+00    7.14343e+20    7.14343e+20    7.14343e+20    0.00000e+00
    3.93723e-06    2.83102e+19    0.00000e+00    7.80495e+20    7.80495e+20    7.80495e+20    0.00000e+00
    4.14223e-06    3.26609e+19    0.00000e+00    8.52415e+20    8.52415e+20    8.52415e+20    0.00000e+00
    4.35791e-06    3.75523e+19    0.00000e+00    9.30242e+20    9.30242e+20    9.30242e+20    0.00000e+00
    4.58482e-06    4.32232e+19    0.00000e+00    1.01453e+21    1.01453e+21    1.01453e+21    0.00000e+00
    4.82355e-06    4.97144e+19    0.00000e+00    1.10581e+21    1.10581e+21    1.10581e+21    0.00000e+00
    5.07471e-06    5.70862e+19    0.00000e+00    1.20430e+21    1.20430e+21    1.20430e+21    0.00000e+00
    5.33894e-06    6.56245e+19    0.00000e+00    1.31081e+21    1.31081e+21    1.31081e+21    0.00000e+00
    5.61693e-06    7.53362e+19    0.00000e+00    1.42565e+21    1.42565e+21    1.42565e+21    0.00000e+00
    5.90940e-06    8.63741e+19    0.00000e+00    1.54927e+21    1.54927e+21    1.54927e+21    0.00000e+00
    6.21709e-06    9.91179e+19    0.00000e+00    1.68260e+21    1.68260e+21    1.68260e+21    0.00000e+00
    6.54081e-06    1.13604e+20    0.00000e+00    1.82580e+21    1.82580e+21    1.82580e+21    0.00000e+00
    6.88138e-06    1.30087e+20    0.00000e+00    1.97958e+21    1.97958e+21    1.97958e+21    0.00000e+00
    7.23968e-06    1.48896e+20    0.00000e+00    2.14454e+21    2.14454e+21    2.14454e+21    0.00000e+00
    7.61664e-06    1.70283e+20    0.00000e+00    2.32086e+21    2.32086e+21    2.32086e+21    0.00000e+00
    8.01323e-06    1.94638e+20    0.00000e+00    2.50921e+21    2.50921e+21    2.50921e+21    0.00000e+00
    8.43047e-06    2.22286e+20    0.00000e+00    2.70940e+21    2.70940e+21    2.70940e+21    0.00000e+00
    8.86943e-06    2.53588e+20    0.00000e+00    2.92123e+21    2.92123e+21    2.92123e+21    0.00000e+00
    9.33125e-06    2.89224e+20    0.00000e+00    3.14381e+21    3.14381e+21    3.14381e+21    0.00000e+00
    9.81712e-06    3.29379e+20    0.00000e+00    3.37550e+21    3.37550e+21    3.37550e+21    0.00000e+00
    1.03283e-05    3.74869e+20    0.00000e+00    3.61334e+21    3.61334e+21    3.61334e+21    0.00000e+00
    1.08661e-05    4.26139e+20    0.00000e+00    3.85201e+21    3.85201e+21    3.85201e+21    0.00000e+00
    1.14318e-05    4.83517e+20    0.00000e+00    4.08578e+21    4.08578e+21    4.08578e+21    0.00000e+00
    1.20271e-05    5.48052e+20    0.00000e+00    4.30226e+21    4.30226e+21    4.30226e+21    0.00000e+00
    1.26533e-05    6.19932e+20    0.00000e+00    4.48900e+21    4.48900e+21    4.48900e+21    0.00000e+00
    1.33122e-05    6.99410e+20    0.00000e+00    4.63165e+21    4.63165e+21    4.63165e+21    0.00000e+00
    1.40053e-05    7.86939e+20    0.00000e+00    4.70130e+21    4.70130e+21    4.70130e+21    0.00000e+00
    1.47345e-05    8.81518e+20    0.00000e+00    4.68756e+21    4.68756e+21    4.68756e+21    0.00000e+00
    1.55018e-05    9.81862e+20    0.00000e+00    4.56902e+21    4.56902e+21    4.56902e+21    0.00000e+00
    1.63089e-05    1.08510e+21    0.00000e+00    4.33415e+21    4.33415e+21    4.33415e+21    0.00000e+00
    1.71581e-05    1.18659e+21    0.00000e+00    3.99522e+21    3.99522e+21    3.99522e+21    0.00000e+00
    1.80515e-05    1.27739e+21    0.00000e+00    3.56231e+21    3.56231e+21    3.56231e+21    0.00000e+00
    1.89914e-05    1.34632e+21    0.00000e+00    3.07312e+21    3.07312e+21    3.07312e+21    0.00000e+00
    1.99803e-05    1.38119e+21    0.00000e+00    2.56167e+21    2.56167e+21    2.56167e+21    0.00000e+00
    2.10206e-05    1.36049e+21    0.00000e+00    2.07016e+21    2.07016e+21    2.07016e+21    0.00000e+00
    2.21151e-05    1.28172e+21    0.00000e+00    1.62119e+21    1.62119e+21    1.62119e+21    0.00000e+00
    2.32666e-05    1.14296e+21    0.00000e+00    1.23573e+21    1.23573e+21    1.23573e+21    0.00000e+00
    2.44781e-05    9.60696e+20    0.00000e+00    9.23784e+20    9.23784e+20    9.23784e+20    0.00000e+00
    2.57526e-05    7.61775e+20    0.00000e+00    6.76461e+20    6.76461e+20    6.76461e+20    0.00000e+00
    2.70935e-05    5.72899e+20    0.00000e+00    4.94281e+20    4.94281e+20    4.94281e+20    0.00000e+00
    2.85043e-05    4.11433e+20    0.00000e+00    3.61170e+20    3.61170e+20    3.61170e+20    0.00000e+00
    2.99884e-05    2.82914e+20    0.00000e+00    2.65120e+20    2.65120e+20    2.65120e+20    0.00000e+00
    3.15499e-05    1.91398e+20    0.00000e+00    1.98122e+20    1.98122e+20    1.98122e+20    0.00000e+00
    3.31927e-05    1.26356e+20    0.00000e+00    1.46383e+20    1.46383e+20    1.46383e+20    0.00000e+00
    3.49210e-05    8.33793e+19    0.00000e+00    1.04985e+20    1.04985e+20    1.04985e+20    0.00000e+00
    3.67392e-05    5.60849e+19    0.00000e+00    7.16108e+19    7.16108e+19    7.16108e+19    0.00000e+00
    3.86522e-05    3.80008e+19    0.00000e+00    4.55079e+19    4.55079e+19    4.55079e+19    0.00000e+00
    4.06648e-05    2.58246e+19    0.00000e+00    2.75606e+19    2.75606e+19    2.75606e+19    0.00000e+00
    4.27821e-05    1.66788e+19    0.00000e+00    1.59626e+19    1.59626e+19    1.59626e+19    0.00000e+00
    4.50098e-05    9.86465e+18    0.00000e+00    8.92703e+18    8.92703e+18    8.92703e+18    0.00000e+00
    4.73533e-05    5.52654e+18    0.00000e+00    5.15554e+18    5.15554e+18    5.15554e+18    0.00000e+00
    4.98190e-05    2.87885e+18    0.00000e+00    2.94898e+18    2.94898e+18    2.94898e+18    0.00000e+00
    5.24130e-05    1.46459e+18    0.00000e+00    1.65243e+18    1.65243e+18    1.65243e+18    0.00000e+00
    5.51421e-05    7.60340e+17    0.00000e+00    8.67189e+17    8.67189e+17    8.67189e+17    0.00000e+00
    5.80132e-05    3.89739e+17    0.00000e+00    4.06579e+17    4.06579e+17    4.06579e+17    0.00000e+00
    6.10339e-05    1.94953e+17    0.00000e+00    1.85181e+17    1.85181e+17    1.85181e+17    0.00000e+00
    6.42119e-05    8.75248e+16    0.00000e+00    8.20011e+16    8.20011e+16    8.20011e+16    0.00000e+00
    6.75553e-05    3.48253e+16    0.00000e+00    3.57592e+16    3.57592e+16    3.57592e+16    0.00000e+00
    7.10728e-05    1.43492e+16    0.00000e+00    1.57382e+16    1.57382e+16    1.57382e+16    0.00000e+00
    7.47735e-05    5.67343e+15    0.00000e+00    5.95379e+15    5.95379e+15    5.95379e+15    0.00000e+00
    7.86668e-05    2.18281e+15    0.00000e+00    2.08313e+15    2.08313e+15    2.08313e+15    0.00000e+00
    8.27629e-05    7.65605e+14    0.00000e+00    7.38566e+14    7.38566e+14    7.38566e+14    0.00000e+00
    8.70722e-05    2.30148e+14    0.00000e+00    2.45184e+14    2.45184e+14    2.45184e+14    0.00000e+00
    9.16060e-05    7.41902e+13    0.00000e+00    7.76502e+13    7.76502e+13    7.76502e+13    0.00000e+00
    9.63758e-05    2.23358e+13    0.00000e+00    2.14476e+13    2.14476e+13    2.14476e+13    0.00000e+00
    1.01394e-04    5.45488e+12    0.00000e+00    5.46130e+12    5.46130e+12    5.46130e+12    0.00000e+00
    1.06673e-04    1.44315e+12    0.00000e+00    1.52292e+12    1.52292e+12    1.52292e+12    0.00000e+00
    1.12228e-04    3.34554e+11    0.00000e+00    3.27741e+11    3.27741e+11    3.27741e+11    0.00000e+00
    1.18071e-04    7.02082e+10    0.00000e+00    6.93344e+10    6.93344e+10    6.93344e+10    0.00000e+00
    1.24219e-04    1.40036e+10    0.00000e+00    1.46489e+10    1.46489e+10    1.46489e+10    0.00000e+00
    1.30687e-04    2.37883e+09    0.00000e+00    2.29708e+09    2.29708e+09    2.29708e+09    0.00000e+00
    1.37492e-04    4.11702e+08    0.00000e+00    4.15229e+08    4.15229e+08    4.15229e+08    0.00000e+00
    1.44651e-04    5.97914e+07    0.00000e+00    6.07528e+07    6.07528e+07    6.07528e+07    0.00000e+00
    1.52183e-04    6.89108e+06    0.00000e+00    6.83182e+06    6.83182e+06    6.83182e+06    0.00000e+00
    1.60106e-04    9.77977e+05    0.00000e+00    1.00551e+06    1.00551e+06    1.00551e+06    0.00000e+00
    1.68443e-04    9.61448e+04    0.00000e+00    9.38329e+04    9.38329e+04    9.38329e+04    0.00000e+00
    1.77214e-04    9.00568e+03    0.00000e+00    9.16887e+03    9.16887e+03    9.16887e+03    0.00000e+00
    1.86441e-04    8.20635e+02    0.00000e+00    8.04367e+02    8.04367e+02    8.04367e+02    0.00000e+00
    1.96149e-04    4.74340e+01    0.00000e+00    4.76215e+01    4.76215e+01    4.76215e+01    0.00000e+00
    2.06362e-04    3.74581e+00    0.00000e+00    3.72712e+00    3.72712e+00    3.72712e+00    0.00000e+00
    2.17107e-04    1.90344e-01    0.00000e+00    1.87601e-01    1.87601e-01    1.87601e-01    0.00000e+00
    2.28411e-04    9.05274e-03    0.00000e+00    8.97953e-03    8.97953e-03    8.97953e-03    0.00000e+00
    2.40304e-04    4.05558e-04    0.00000e+00    4.00982e-04    4.00982e-04    4.00982e-04    0.00000e+00
    2.52817e-04    1.33047e-05    0.00000e+00    1.31190e-05    1.31190e-05    1.31190e-05    0.00000e+00
    2.65980e-04    3.67106e-07    0.00000e+00    3.62106e-07    3.62106e-07    3.62106e-07    0.00000e+00
    2.79830e-04    9.98290e-09    0.00000e+00    9.83934e-09    9.83934e-09    9.83934e-09    0.00000e+00
    2.94400e-04    2.17342e-10    0.00000e+00    2.12675e-10    2.12675e-10    2.12675e-10    0.00000e+00
    3.09729e-04    3.21720e-12    0.00000e+00    3.13887e-12    3.13887e-12    3.13887e-12    0.00000e+00
    3.25856e-04    4.41792e-14    0.00000e+00    4.33044e-14    4.33044e-14    4.33044e-14    0.00000e+00
    3.42823e-04    5.35564e-16    0.00000e+00    5.20266e-16    5.20266e-16    5.20266e-16    0.00000e+00
    3.60673e-04    4.04337e-18    0.00000e+00    3.90398e-18    3.90398e-18    3.90398e-18    0.00000e+00
    3.79453e-04    2.78277e-20    0.00000e+00    2.71017e-20    2.71017e-20    2.71017e-20    0.00000e+00
    3.99211e-04    1.53922e-22    0.00000e+00    1.47397e-22    1.47397e-22    1.47397e-22    0.00000e+00
    4.19997e-04    5.24239e-25    0.00000e+00    5.04403e-25    5.04403e-25    5.04403e-25    0.00000e+00
    4.41866e-04    1.77609e-27    0.00000e+00    1.70305e-27    1.70305e-27    1.70305e-27    0.00000e+00
    4.64873e-04    3.38455e-30    0.00000e+00    3.20631e-30    3.20631e-30    3.20631e-30    0.00000e+00
    4.89079e-04    5.87255e-33    0.00000e+00    5.61958e-33    5.61958e-33    5.61958e-33    0.00000e+00
    5.14544e-04    6.04505e-36    1.11523e-35    5.66174e-36    5.66174e-36    5.66174e-36    0.00000e+00
    5.41336e-04    5.21452e-39    9.89305e-39    4.94652e-39    4.94652e-39    4.94652e-39    0.00000e+00
    5.69523e-04    2.48144e-42    4.62581e-42    2.31290e-42    2.31290e-42    2.31290e-42    0.00000e+00
    5.99177e-04    1.05584e-45    1.95980e-45    9.79899e-46    9.79899e-46    9.79899e-46    0.00000e+00
    6.30375e-04    2.34076e-49    4.40088e-49    2.20044e-49    2.20044e-49    2.20044e-49    0.00000e+00
    6.63198e-04    3.79108e-53    6.85617e-53    3.42809e-53    3.42809e-53    3.42809e-53    0.00000e+00
    6.97730e-04    3.98848e-57    7.34800e-57    3.67400e-57    3.67400e-57    3.67400e-57    0.00000e+00
    7.34060e-04    2.17959e-61    4.05324e-61    2.02662e-61    2.02662e-61    2.02662e-61    0.00000e+00
    7.72281e-04    1.00743e-65    1.81532e-65    9.07662e-66    9.07662e-66    9.07662e-66    0.00000e+00
    8.12493e-04    1.98157e-70    3.47142e-70    1.73571e-70    1.73571e-70    1.73571e-70    0.00000e+00
    8.54798e-04    4.60919e-75    8.12977e-75    4.06488e-75    4.06488e-75    4.06488e-75    0.00000e+00
    8.99307e-04    1.71743e-80    3.09705e-80    1.54852e-80    1.54852e-80    1.54852e-80    0.00000e+00
    9.46132e-04    1.99785e-85    3.60771e-85    1.80386e-85    1.80386e-85    1.80386e-85    0.00000e+00
    9.95396e-04    4.09962e-91    7.41768e-91    3.70884e-91    3.70884e-91    3.70884e-91    0.00000e+00
    1.04723e-03    1.18226e-97    2.11803e-97    1.05901e-97    1.05901e-97    1.05901e-97    0.00000e+00
    1.10175e-03   6.15994e-102   1.10340e-101   5.51702e-102   5.51702e-102   5.51702e-102    0.00000e+00
    1.15912e-03   1.37377e-110   2.33915e-110   1.16958e-110   1.16958e-110   1.16958e-110    0.00000e+00
    1.21947e-03   7.83640e-115   1.33420e-114   6.67100e-115   6.67100e-115   6.67100e-115    0.00000e+00
    1.28297e-03   5.42667e-125   8.77350e-125   4.38675e-125   4.38675e-125   4.38675e-125    0.00000e+00
    1.34977e-03   1.89395e-129   3.06213e-129   1.53106e-129   1.53106e-129   1.53106e-129    0.00000e+00
    1.42005e-03   4.48498e-137   7.73960e-137   3.86980e-137   3.86980e-137   3.86980e-137    0.00000e+00
    1.49399e-03   3.75939e-145   5.92860e-145   2.96430e-145   2.96430e-145   2.96430e-145    0.00000e+00
    1.57178e-03   8.88672e-154   1.44174e-153   7.20868e-154   7.20868e-154   7.20868e-154    0.00000e+00
    1.65362e-03   1.13358e-162   1.75571e-162   8.77854e-163   8.77854e-163   8.77854e-163    0.00000e+00
    1.73973e-03   6.68244e-178   9.70626e-178   4.85313e-178   4.85313e-178   4.85313e-178    0.00000e+00
    1.83031e-03   1.23615e-182   1.79551e-182   8.97755e-183   8.97755e-183   8.97755e-183    0.00000e+00
    1.92561e-03   8.69916e-193   1.25711e-192   6.28554e-193   6.28554e-193   6.28554e-193    0.00000e+00
    2.02588e-03   4.91829e-211   7.42275e-211   3.71137e-211   3.71137e-211   3.71137e-211    0.00000e+00
    2.13136e-03   1.15254e-215   1.73942e-215   8.69711e-216   8.69711e-216   8.69711e-216    0.00000e+00
    2.24234e-03   4.15926e-236   5.43551e-236   2.71775e-236   2.71775e-236   2.71775e-236    0.00000e+00
    2.35910e-03   1.09304e-249   1.47779e-249   7.38894e-250   7.38894e-250   7.38894e-250    0.00000e+00
    2.48193e-03   2.57340e-255   3.47924e-255   1.73962e-255   1.73962e-255   1.73962e-255    0.00000e+00
    2.61116e-03   5.72128e-269   8.36118e-269   4.18059e-269   4.18059e-269   4.18059e-269    0.00000e+00
    2.74712e-03   4.07517e-284   5.06865e-284   2.53433e-284   2.53433e-284   2.53433e-284    0.00000e+00
    2.89016e-03    0.00000e+00    0.00000e+00    0.00000e+00    0.00000e+00    0.00000e+00    0.00000e+00
    3.04065e-03    0.00000e+00    0.00000e+00    0.00000e+00    0.00000e+00    0.00000e+00    0.00000e+00
    3.19897e-03    0.00000e+00    0.00000e+00    0.00000e+00    0.00000e+00    0.00000e+00    0.00000e+00
    3.36553e-03    0.00000e+00    0.00000e+00    0.00000e+00    0.00000e+00    0.00000e+00    0.00000e+00
    3.54077e-03    0.00000e+00    0.00000e+00    0.00000e+00    0.00000e+00    0.00000e+00    0.00000e+00
    3.72514e-03    0.00000e+00    0.00000e+00    0.00000e+00    0.00000e+00    0.00000e+00    0.00000e+00
    3.91910e-03    0.00000e+00    0.00000e+00    0.00000e+00    0.00000e+00    0.00000e+00    0.00000e+00
    4.12316e-03    0.00000e+00    0.00000e+00    0.00000e+00    0.00000e+00    0.00000e+00    0.00000e+00
    4.33785e-03    0.00000e+00    0.00000e+00    0.00000e+00    0.00000e+00    0.00000e+00    0.00000e+00
    4.56372e-03    0.00000e+00    0.00000e+00    0.00000e+00    0.00000e+00    0.00000e+00    0.00000e+00
    4.80134e-03    0.00000e+00    0.00000e+00    0.00000e+00    0.00000e+00    0.00000e+00    0.00000e+00
    5.05134e-03    0.00000e+00    0.00000e+00    0.00000e+00    0.00000e+00    0.00000e+00    0.00000e+00
    5.31436e-03    0.00000e+00    0.00000e+00    0.00000e+00    0.00000e+00    0.00000e+00    0.00000e+00
    5.59107e-03    0.00000e+00    0.00000e+00    0.00000e+00    0.00000e+00    0.00000e+00    0.00000e+00
    5.88219e-03    0.00000e+00    0.00000e+00    0.00000e+00    0.00000e+00    0.00000e+00    0.00000e+00
    6.18847e-03    0.00000e+00    0.00000e+00    0.00000e+00    0.00000e+00    0.00000e+00    0.00000e+00
    6.51069e-03    0.00000e+00    0.00000e+00    0.00000e+00    0.00000e+00    0.00000e+00    0.00000e+00
    6.84970e-03    0.00000e+00    0.00000e+00    0.00000e+00    0.00000e+00    0.00000e+00    0.00000e+00
    7.20635e-03    0.00000e+00    0.00000e+00    0.00000e+00    0.00000e+00    0.00000e+00    0.00000e+00
    7.58158e-03    0.00000e+00    0.00000e+00    0.00000e+00    0.00000e+00    0.00000e+00    0.00000e+00
    7.97634e-03    0.00000e+00    0.00000e+00    0.00000e+00    0.00000e+00    0.00000e+00    0.00000e+00
    8.39166e-03    0.00000e+00    0.00000e+00    0.00000e+00    0.00000e+00    0.00000e+00    0.00000e+00
    8.82860e-03    0.00000e+00    0.00000e+00    0.00000e+00    0.00000e+00    0.00000e+00    0.00000e+00
    9.28829e-03    0.00000e+00    0.00000e+00    0.00000e+00    0.00000e+00    0.00000e+00    0.00000e+00
    9.77192e-03    0.00000e+00    0.00000e+00    0.00000e+00    0.00000e+00    0.00000e+00    0.00000e+00
    1.02807e-02    0.00000e+00    0.00000e+00    0.00000e+00    0.00000e+00    0.00000e+00    0.00000e+00
    1.08160e-02    0.00000e+00    0.00000e+00    0.00000e+00    0.00000e+00    0.00000e+00    0.00000e+00
    1.13792e-02    0.00000e+00    0.00000e+00    0.00000e+00    0.00000e+00    0.00000e+00    0.00000e+00
    1.19717e-02    0.00000e+00    0.00000e+00    0.00000e+00    0.00000e+00    0.00000e+00    0.00000e+00
    1.25951e-02    0.00000e+00    0.00000e+00    0.00000e+00    0.00000e+00    0.00000e+00    0.00000e+00
    1.32509e-02    0.00000e+00    0.00000e+00    0.00000e+00    0.00000e+00    0.00000e+00    0.00000e+00
    1.39408e-02    0.00000e+00    0.00000e+00    0.00000e+00    0.00000e+00    0.00000e+00    0.00000e+00
    1.46667e-02    0.00000e+00    0.00000e+00    0.00000e+00    0.00000e+00    0.00000e+00    0.00000e+00
    1.54304e-02    0.00000e+00    0.00000e+00    0.00000e+00    0.00000e+00    0.00000e+00    0.00000e+00
    1.62338e-02    0.00000e+00    0.00000e+00    0.00000e+00    0.00000e+00    0.00000e+00    0.00000e+00
    1.70791e-02    0.00000e+00    0.00000e+00    0.00000e+00    0.00000e+00    0.00000e+00    0.00000e+00
    1.79684e-02    0.00000e+00    0.00000e+00    0.00000e+00    0.00000e+00    0.00000e+00    0.00000e+00
    1.89040e-02    0.00000e+00    0.00000e+00    0.00000e+00    0.00000e+00    0.00000e+00    0.00000e+00
    1.98883e-02    0.00000e+00    0.00000e+00    0.00000e+00    0.00000e+00    0.00000e+00    0.00000e+00
    2.09238e-02    0.00000e+00    0.00000e+00    0.00000e+00    0.00000e+00    0.00000e+00    0.00000e+00
    2.20133e-02    0.00000e+00    0.00000e+00    0.00000e+00    0.00000e+00    0.00000e+00    0.00000e+00
    2.31595e-02    0.00000e+00    0.00000e+00    0.00000e+00    0.00000e+00    0.00000e+00    0.00000e+00
    2.43654e-02    0.00000e+00    0.00000e+00    0.00000e+00    0.00000e+00    0.00000e+00    0.00000e+00
    2.56341e-02    0.00000e+00    0.00000e+00    0.00000e+00    0.00000e+00    0.00000e+00    0.00000e+00
    2.69688e-02    0.00000e+00    0.00000e+00    0.00000e+00    0.00000e+00    0.00000e+00    0.00000e+00
    2.83730e-02    0.00000e+00    0.00000e+00    0.00000e+00    0.00000e+00    0.00000e+00    0.00000e+00
    2.98504e-02    0.00000e+00    0.00000e+00    0.00000e+00    0.00000e+00    0.00000e+00    0.00000e+00
    3.14047e-02    0.00000e+00    0.00000e+00    0.00000e+00    0.00000e+00    0.00000e+00    0.00000e+00
    3.30399e-02    0.00000e+00    0.00000e+00    0.00000e+00    0.00000e+00    0.00000e+00    0.00000e+00
    3.47602e-02    0.00000e+00    0.00000e+00    0.00000e+00    0.00000e+00    0.00000e+00    0.00000e+00
    3.65701e-02    0.00000e+00    0.00000e+00    0.00000e+00    0.00000e+00    0.00000e+00    0.00000e+00
    3.84743e-02    0.00000e+00    0.00000e+00    0.00000e+00    0.00000e+00    0.00000e+00    0.00000e+00
    4.04776e-02    0.00000e+00    0.00000e+00    0.00000e+00    0.00000e+00    0.00000e+00    0.00000e+00
    4.25852e-02    0.00000e+00    0.00000e+00    0.00000e+00    0.00000e+00    0.00000e+00    0.00000e+00
    4.48025e-02    0.00000e+00    0.00000e+00    0.00000e+00    0.00000e+00    0.00000e+00    0.00000e+00
    4.71353e-02    0.00000e+00    0.00000e+00    0.00000e+00    0.00000e+00    0.00000e+00    0.00000e+00
    4.95896e-02    0.00000e+00    0.00000e+00    0.00000e+00    0.00000e+00    0.00000e+00    0.00000e+00
    5.21717e-02    0.00000e+00    0.00000e+00    0.00000e+00    0.00000e+00    0.00000e+00    0.00000e+00
    5.48882e-02    0.00000e+00    0.00000e+00    0.00000e+00    0.00000e+00    0.00000e+00    0.00000e+00
    5.77462e-02    0.00000e+00    0.00000e+00    0.00000e+00    0.00000e+00    0.00000e+00    0.00000e+00
    6.07529e-02    0.00000e+00    0.00000e+00    0.00000e+00    0.00000e+00    0.00000e+00    0.00000e+00
    6.39162e-02    0.00000e+00    0.00000e+00    0.00000e+00    0.00000e+00    0.00000e+00    0.00000e+00
    6.72443e-02    0.00000e+00    0.00000e+00    0.00000e+00    0.00000e+00    0.00000e+00    0.00000e+00
    7.07456e-02    0.00000e+00    0.00000e+00    0.00000e+00    0.00000e+00    0.00000e+00    0.00000e+00
    7.44292e-02    0.00000e+00    0.00000e+00    0.00000e+00    0.00000e+00    0.00000e+00    0.00000e+00
    7.83047e-02    0.00000e+00    0.00000e+00    0.00000e+00    0.00000e+00    0.00000e+00    0.00000e+00
    8.23819e-02    0.00000e+00    0.00000e+00    0.00000e+00    0.00000e+00    0.00000e+00    0.00000e+00
    8.66714e-02    0.00000e+00    0.00000e+00    0.00000e+00    0.00000e+00    0.00000e+00    0.00000e+00
    9.11843e-02    0.00000e+00    0.00000e+00    0.00000e+00    0.00000e+00    0.00000e+00    0.00000e+00
    9.59321e-02    0.00000e+00    0.00000e+00    0.00000e+00    0.00000e+00    0.00000e+00    0.00000e+00
    1.00927e-01    0.00000e+00    0.00000e+00    0.00000e+00    0.00000e+00    0.00000e+00    0.00000e+00
    1.06182e-01    0.00000e+00    0.00000e+00    0.00000e+00    0.00000e+00    0.00000e+00    0.00000e+00
    1.11711e-01    0.00000e+00    0.00000e+00    0.00000e+00    0.00000e+00    0.00000e+00    0.00000e+00
    1.17528e-01    0.00000e+00    0.00000e+00    0.00000e+00    0.00000e+00    0.00000e+00    0.00000e+00
    1.23647e-01    0.00000e+00    0.00000e+00    0.00000e+00    0.00000e+00    0.00000e+00    0.00000e+00
    1.30085e-01    0.00000e+00    0.00000e+00    0.00000e+00    0.00000e+00    0.00000e+00    0.00000e+00
    1.36859e-01    0.00000e+00    0.00000e+00    0.00000e+00    0.00000e+00    0.00000e+00    0.00000e+00
    1.43985e-01    0.00000e+00    0.00000e+00    0.00000e+00    0.00000e+00    0.00000e+00    0.00000e+00
    1.51482e-01    0.00000e+00    0.00000e+00    0.00000e+00    0.00000e+00    0.00000e+00    0.00000e+00
    1.59369e-01    0.00000e+00    0.00000e+00    0.00000e+00    0.00000e+00    0.00000e+00    0.00000e+00
    1.67668e-01    0.00000e+00    0.00000e+00    0.00000e+00    0.00000e+00    0.00000e+00    0.00000e+00
    1.76398e-01    0.00000e+00    0.00000e+00    0.00000e+00    0.00000e+00    0.00000e+00    0.00000e+00
    1.85583e-01    0.00000e+00    0.00000e+00    0.00000e+00    0.00000e+00    0.00000e+00    0.00000e+00
    1.95246e-01    0.00000e+00    0.00000e+00    0.00000e+00    0.00000e+00    0.00000e+00    0.00000e+00
    2.05412e-01    0.00000e+00    0.00000e+00    0.00000e+00    0.00000e+00    0.00000e+00    0.00000e+00
    2.16107e-01    0.00000e+00    0.00000e+00    0.00000e+00    0.00000e+00    0.00000e+00    0.00000e+00
    2.27360e-01    0.00000e+00    0.00000e+00    0.00000e+00    0.00000e+00    0.00000e+00    0.00000e+00
    2.39198e-01    0.00000e+00    0.00000e+00    0.00000e+00    0.00000e+00    0.00000e+00    0.00000e+00
    2.51653e-01    0.00000e+00    0.00000e+00    0.00000e+00    0.00000e+00    0.00000e+00    0.00000e+00
    2.64756e-01    0.00000e+00    0.00000e+00    0.00000e+00    0.00000e+00    0.00000e+00    0.00000e+00
    2.78541e-01    0.00000e+00    0.00000e+00    0.00000e+00    0.00000e+00    0.00000e+00    0.00000e+00
    2.93045e-01    0.00000e+00    0.00000e+00    0.00000e+00    0.00000e+00    0.00000e+00    0.00000e+00
    3.08303e-01    0.00000e+00    0.00000e+00    0.00000e+00    0.00000e+00    0.00000e+00    0.00000e+00
    3.24356e-01    0.00000e+00    0.00000e+00    0.00000e+00    0.00000e+00    0.00000e+00    0.00000e+00
    3.41245e-01    0.00000e+00    0.00000e+00    0.00000e+00    0.00000e+00    0.00000e+00    0.00000e+00
    3.59013e-01    0.00000e+00    0.00000e+00    0.00000e+00    0.00000e+00    0.00000e+00    0.00000e+00
    3.77706e-01    0.00000e+00    0.00000e+00    0.00000e+00    0.00000e+00    0.00000e+00    0.00000e+00
    3.97373e-01    0.00000e+00    0.00000e+00    0.00000e+00    0.00000e+00    0.00000e+00    0.00000e+00
    4.18064e-01    0.00000e+00    0.00000e+00    0.00000e+00    0.00000e+00    0.00000e+00    0.00000e+00
    4.39832e-01    0.00000e+00    0.00000e+00    0.00000e+00    0.00000e+00    0.00000e+00    0.00000e+00
    4.62733e-01    0.00000e+00    0.00000e+00    0.00000e+00    0.00000e+00    0.00000e+00    0.00000e+00
    4.86827e-01    0.00000e+00    0.00000e+00    0.00000e+00    0.00000e+00    0.00000e+00    0.00000e+00
    5.12176e-01    0.00000e+00    0.00000e+00    0.00000e+00    0.00000e+00    0.00000e+00    0.00000e+00
    5.38844e-01    0.00000e+00    0.00000e+00    0.00000e+00    0.00000e+00    0.00000e+00    0.00000e+00
    5.66901e-01    0.00000e+00    0.00000e+00    0.00000e+00    0.00000e+00    0.00000e+00    0.00000e+00
    5.96418e-01    0.00000e+00    0.00000e+00    0.00000e+00    0.00000e+00    0.00000e+00    0.00000e+00
    6.27473e-01    0.00000e+00    0.00000e+00    0.00000e+00    0.00000e+00    0.00000e+00    0.00000e+00
    6.60145e-01    0.00000e+00    0.00000e+00    0.00000e+00    0.00000e+00    0.00000e+00    0.00000e+00
    6.94518e-01    0.00000e+00    0.00000e+00    0.00000e+00    0.00000e+00    0.00000e+00    0.00000e+00
    7.30680e-01    0.00000e+00    0.00000e+00    0.00000e+00    0.00000e+00    0.00000e+00    0.00000e+00
    7.68726e-01    0.00000e+00    0.00000e+00    0.00000e+00    0.00000e+00    0.00000e+00    0.00000e+00
    8.08752e-01    0.00000e+00    0.00000e+00    0.00000e+00    0.00000e+00    0.00000e+00    0.00000e+00
    8.50863e-01    0.00000e+00    0.00000e+00    0.00000e+00    0.00000e+00    0.00000e+00    0.00000e+00
    8.95166e-01    0.00000e+00    0.00000e+00    0.00000e+00    0.00000e+00    0.00000e+00    0.00000e+00
    9.41777e-01    0.00000e+00    0.00000e+00    0.00000e+00    0.00000e+00    0.00000e+00    0.00000e+00
    9.90814e-01    0.00000e+00    0.00000e+00    0.00000e+00    0.00000e+00    0.00000e+00    0.00000e+00
    1.04240e+00    0.00000e+00    0.00000e+00    0.00000e+00    0.00000e+00    0.00000e+00    0.00000e+00
    1.09668e+00    0.00000e+00    0.00000e+00    0.00000e+00    0.00000e+00    0.00000e+00    0.00000e+00
    1.15378e+00    0.00000e+00    0.00000e+00    0.00000e+00    0.00000e+00    0.00000e+00    0.00000e+00
    1.21386e+00    0.00000e+00    0.00000e+00    0.00000e+00    0.00000e+00    0.00000e+00    0.00000e+00
    1.27706e+00    0.00000e+00    0.00000e+00    0.00000e+00    0.00000e+00    0.00000e+00    0.00000e+00
    1.34356e+00    0.00000e+00    0.00000e+00    0.00000e+00    0.00000e+00    0.00000e+00    0.00000e+00
    1.41352e+00    0.00000e+00    0.00000e+00    0.00000e+00    0.00000e+00    0.00000e+00    0.00000e+00
    1.48712e+00    0.00000e+00    0.00000e+00    0.00000e+00    0.00000e+00    0.00000e+00    0.00000e+00
    1.56455e+00    0.00000e+00    0.00000e+00    0.00000e+00    0.00000e+00    0.00000e+00    0.00000e+00
    1.64601e+00    0.00000e+00    0.00000e+00    0.00000e+00    0.00000e+00    0.00000e+00    0.00000e+00
    1.73172e+00    0.00000e+00    0.00000e+00    0.00000e+00    0.00000e+00    0.00000e+00    0.00000e+00
    1.82189e+00    0.00000e+00    0.00000e+00    0.00000e+00    0.00000e+00    0.00000e+00    0.00000e+00
    1.91675e+00    0.00000e+00    0.00000e+00    0.00000e+00    0.00000e+00    0.00000e+00    0.00000e+00
    2.01655e+00    0.00000e+00    0.00000e+00    0.00000e+00    0.00000e+00    0.00000e+00    0.00000e+00
    2.12155e+00    0.00000e+00    0.00000e+00    0.00000e+00    0.00000e+00    0.00000e+00    0.00000e+00
    2.23202e+00    0.00000e+00    0.00000e+00    0.00000e+00    0.00000e+00    0.00000e+00    0.00000e+00
    2.34823e+00    0.00000e+00    0.00000e+00    0.00000e+00    0.00000e+00    0.00000e+00    0.00000e+00
    2.47050e+00    0.00000e+00    0.00000e+00    0.00000e+00    0.00000e+00    0.00000e+00    0.00000e+00
    2.59914e+00    0.00000e+00    0.00000e+00    0.00000e+00    0.00000e+00    0.00000e+00    0.00000e+00
    2.73447e+00    0.00000e+00    0.00000e+00    0.00000e+00    0.00000e+00    0.00000e+00    0.00000e+00
    2.87685e+00    0.00000e+00    0.00000e+00    0.00000e+00    0.00000e+00    0.00000e+00    0.00000e+00
    3.02665e+00    0.00000e+00    0.00000e+00    0.00000e+00    0.00000e+00    0.00000e+00    0.00000e+00
    3.18424e+00    0.00000e+00    0.00000e+00    0.00000e+00    0.00000e+00    0.00000e+00    0.00000e+00
    3.35004e+00    0.00000e+00    0.00000e+00    0.00000e+00    0.00000e+00    0.00000e+00    0.00000e+00
    3.52447e+00    0.00000e+00    0.00000e+00    0.00000e+00    0.00000e+00    0.00000e+00    0.00000e+00
    3.70799e+00    0.00000e+00    0.00000e+00    0.00000e+00    0.00000e+00    0.00000e+00    0.00000e+00
    3.90106e+00    0.00000e+00    0.00000e+00    0.00000e+00    0.00000e+00    0.00000e+00    0.00000e+00
    4.10418e+00    0.00000e+00    0.00000e+00    0.00000e+00    0.00000e+00    0.00000e+00    0.00000e+00
    4.31788e+00    0.00000e+00    0.00000e+00    0.00000e+00    0.00000e+00    0.00000e+00    0.00000e+00
    4.54271e+00    0.00000e+00    0.00000e+00    0.00000e+00    0.00000e+00    0.00000e+00    0.00000e+00
    4.77924e+00    0.00000e+00    0.00000e+00    0.00000e+00    0.00000e+00    0.00000e+00    0.00000e+00
    5.02809e+00    0.00000e+00    0.00000e+00    0.00000e+00    0.00000e+00    0.00000e+00    0.00000e+00
    5.28989e+00    0.00000e+00    0.00000e+00    0.00000e+00    0.00000e+00    0.00000e+00    0.00000e+00
    5.56533e+00    0.00000e+00    0.00000e+00    0.00000e+00    0.00000e+00    0.00000e+00    0.00000e+00
    5.85511e+00    0.00000e+00    0.00000e+00    0.00000e+00    0.00000e+00    0.00000e+00    0.00000e+00
    6.15998e+00    0.00000e+00    0.00000e+00    0.00000e+00    0.00000e+00    0.00000e+00    0.00000e+00
    6.48072e+00    0.00000e+00    0.00000e+00    0.00000e+00    0.00000e+00    0.00000e+00    0.00000e+00
    6.81816e+00    0.00000e+00    0.00000e+00    0.00000e+00    0.00000e+00    0.00000e+00    0.00000e+00
    7.17317e+00    0.00000e+00    0.00000e+00    0.00000e+00    0.00000e+00    0.00000e+00    0.00000e+00
    7.54667e+00    0.00000e+00    0.00000e+00    0.00000e+00    0.00000e+00    0.00000e+00    0.00000e+00
    7.93962e+00    0.00000e+00    0.00000e+00    0.00000e+00    0.00000e+00    0.00000e+00    0.00000e+00
    8.35302e+00    0.00000e+00    0.00000e+00    0.00000e+00    0.00000e+00    0.00000e+00    0.00000e+00
    8.78795e+00    0.00000e+00    0.00000e+00    0.00000e+00    0.00000e+00    0.00000e+00    0.00000e+00
    9.24553e+00    0.00000e+00    0.00000e+00    0.00000e+00    0.00000e+00    0.00000e+00    0.00000e+00
    9.72693e+00    0.00000e+00    0.00000e+00    0.00000e+00    0.00000e+00    0.00000e+00    0.00000e+00
    1.02334e+01    0.00000e+00    0.00000e+00    0.00000e+00    0.00000e+00    0.00000e+00    0.00000e+00
    1.07662e+01    0.00000e+00    0.00000e+00    0.00000e+00    0.00000e+00    0.00000e+00    0.00000e+00
    1.13268e+01    0.00000e+00    0.00000e+00    0.00000e+00    0.00000e+00    0.00000e+00    0.00000e+00
    1.19166e+01    0.00000e+00    0.00000e+00    0.00000e+00    0.00000e+00    0.00000e+00    0.00000e+00
    1.25371e+01    0.00000e+00    0.00000e+00    0.00000e+00    0.00000e+00    0.00000e+00    0.00000e+00
    1.31899e+01    0.00000e+00    0.00000e+00    0.00000e+00    0.00000e+00    0.00000e+00    0.00000e+00
    1.38766e+01    0.00000e+00    0.00000e+00    0.00000e+00    0.00000e+00    0.00000e+00    0.00000e+00
    1.45992e+01    0.00000e+00    0.00000e+00    0.00000e+00    0.00000e+00    0.00000e+00    0.00000e+00
    1.53593e+01    0.00000e+00    0.00000e+00    0.00000e+00    0.00000e+00    0.00000e+00    0.00000e+00
    1.61591e+01    0.00000e+00    0.00000e+00    0.00000e+00    0.00000e+00    0.00000e+00    0.00000e+00
    1.70005e+01    0.00000e+00    0.00000e+00    0.00000e+00    0.00000e+00    0.00000e+00    0.00000e+00
    1.78857e+01    0.00000e+00    0.00000e+00    0.00000e+00    0.00000e+00    0.00000e+00    0.00000e+00
    1.88169e+01    0.00000e+00    0.00000e+00    0.00000e+00    0.00000e+00    0.00000e+00    0.00000e+00
    1.97967e+01    0.00000e+00    0.00000e+00    0.00000e+00    0.00000e+00    0.00000e+00    0.00000e+00
    2.08275e+01    0.00000e+00    0.00000e+00    0.00000e+00    0.00000e+00    0.00000e+00    0.00000e+00
    2.19120e+01    0.00000e+00    0.00000e+00    0.00000e+00    0.00000e+00    0.00000e+00    0.00000e+00
    2.30529e+01    0.00000e+00    0.00000e+00    0.00000e+00    0.00000e+00    0.00000e+00    0.00000e+00
    2.42532e+01    0.00000e+00    0.00000e+00    0.00000e+00    0.00000e+00    0.00000e+00    0.00000e+00
    2.55161e+01    0.00000e+00    0.00000e+00    0.00000e+00    0.00000e+00    0.00000e+00    0.00000e+00
    2.68446e+01    0.00000e+00    0.00000e+00    0.00000e+00    0.00000e+00    0.00000e+00    0.00000e+00
    2.82424e+01    0.00000e+00    0.00000e+00    0.00000e+00    0.00000e+00    0.00000e+00    0.00000e+00
    2.97130e+01    0.00000e+00    0.00000e+00    0.00000e+00    0.00000e+00    0.00000e+00    0.00000e+00
    3.12601e+01    0.00000e+00    0.00000e+00    0.00000e+00    0.00000e+00    0.00000e+00    0.00000e+00
    3.28877e+01    0.00000e+00    0.00000e+00    0.00000e+00    0.00000e+00    0.00000e+00    0.00000e+00
    3.46002e+01    0.00000e+00    0.00000e+00    0.00000e+00    0.00000e+00    0.00000e+00    0.00000e+00
    3.64017e+01    0.00000e+00    0.00000e+00    0.00000e+00    0.00000e+00    0.00000e+00    0.00000e+00
    3.82971e+01    0.00000e+00    0.00000e+00    0.00000e+00    0.00000e+00    0.00000e+00    0.00000e+00
    4.02912e+01    0.00000e+00    0.00000e+00    0.00000e+00    0.00000e+00    0.00000e+00    0.00000e+00
    4.23891e+01    0.00000e+00    0.00000e+00    0.00000e+00    0.00000e+00    0.00000e+00    0.00000e+00
    4.45963e+01    0.00000e+00    0.00000e+00    0.00000e+00    0.00000e+00    0.00000e+00    0.00000e+00
    4.69183e+01    0.00000e+00    0.00000e+00    0.00000e+00    0.00000e+00    0.00000e+00    0.00000e+00
    4.93613e+01    0.00000e+00    0.00000e+00    0.00000e+00    0.00000e+00    0.00000e+00    0.00000e+00
    5.19315e+01    0.00000e+00    0.00000e+00    0.00000e+00    0.00000e+00    0.00000e+00    0.00000e+00
    5.46355e+01    0.00000e+00    0.00000e+00    0.00000e+00    0.00000e+00    0.00000e+00    0.00000e+00
    5.74803e+01    0.00000e+00    0.00000e+00    0.00000e+00    0.00000e+00    0.00000e+00    0.00000e+00
    6.04732e+01    0.00000e+00    0.00000e+00    0.00000e+00    0.00000e+00    0.00000e+00    0.00000e+00
    6.36220e+01    0.00000e+00    0.00000e+00    0.00000e+00    0.00000e+00    0.00000e+00    0.00000e+00
    6.69347e+01    0.00000e+00    0.00000e+00    0.00000e+00    0.00000e+00    0.00000e+00    0.00000e+00
    7.04199e+01    0.00000e+00    0.00000e+00    0.00000e+00    0.00000e+00    0.00000e+00    0.00000e+00
    7.40866e+01    0.00000e+00    0.00000e+00    0.00000e+00    0.00000e+00    0.00000e+00    0.00000e+00
    7.79442e+01    0.00000e+00    0.00000e+00    0.00000e+00    0.00000e+00    0.00000e+00    0.00000e+00
    8.20026e+01    0.00000e+00    0.00000e+00    0.00000e+00    0.00000e+00    0.00000e+00    0.00000e+00
    8.62724e+01    0.00000e+00    0.00000e+00    0.00000e+00    0.00000e+00    0.00000e+00    0.00000e+00
    9.07645e+01    0.00000e+00    0.00000e+00    0.00000e+00    0.00000e+00    0.00000e+00    0.00000e+00
    9.54904e+01    0.00000e+00    0.00000e+00    0.00000e+00    0.00000e+00    0.00000e+00    0.00000e+00
    1.00463e+02    0.00000e+00    0.00000e+00    0.00000e+00    0.00000e+00    0.00000e+00    0.00000e+00
    1.05693e+02    0.00000e+00    0.00000e+00    0.00000e+00    0.00000e+00    0.00000e+00    0.00000e+00
    1.11197e+02    0.00000e+00    0.00000e+00    0.00000e+00    0.00000e+00    0.00000e+00    0.00000e+00
    1.16987e+02    0.00000e+00    0.00000e+00    0.00000e+00    0.00000e+00    0.00000e+00    0.00000e+00
    1.23078e+02    0.00000e+00    0.00000e+00    0.00000e+00    0.00000e+00    0.00000e+00    0.00000e+00
    1.29486e+02    0.00000e+00    0.00000e+00    0.00000e+00    0.00000e+00    0.00000e+00    0.00000e+00
    1.36229e+02    0.00000e+00    0.00000e+00    0.00000e+00    0.00000e+00    0.00000e+00    0.00000e+00
    1.43322e+02    0.00000e+00    0.00000e+00    0.00000e+00    0.00000e+00    0.00000e+00    0.00000e+00
    1.50785e+02    0.00000e+00    0.00000e+00    0.00000e+00    0.00000e+00    0.00000e+00    0.00000e+00
    1.58636e+02    0.00000e+00    0.00000e+00    0.00000e+00    0.00000e+00    0.00000e+00    0.00000e+00
    1.66896e+02    0.00000e+00    0.00000e+00    0.00000e+00    0.00000e+00    0.00000e+00    0.00000e+00
    1.75586e+02    0.00000e+00    0.00000e+00    0.00000e+00    0.00000e+00    0.00000e+00    0.00000e+00
    1.84728e+02    0.00000e+00    0.00000e+00    0.00000e+00    0.00000e+00    0.00000e+00    0.00000e+00
    1.94347e+02    0.00000e+00    0.00000e+00    0.00000e+00    0.00000e+00    0.00000e+00    0.00000e+00
    2.04466e+02    0.00000e+00    0.00000e+00    0.00000e+00    0.00000e+00    0.00000e+00    0.00000e+00
    2.15112e+02    0.00000e+00    0.00000e+00    0.00000e+00    0.00000e+00    0.00000e+00    0.00000e+00
    2.26313e+02    0.00000e+00    0.00000e+00    0.00000e+00    0.00000e+00    0.00000e+00    0.00000e+00
    2.38097e+02    0.00000e+00    0.00000e+00    0.00000e+00    0.00000e+00    0.00000e+00    0.00000e+00
    2.50494e+02    0.00000e+00    0.00000e+00    0.00000e+00    0.00000e+00    0.00000e+00    0.00000e+00
    2.63537e+02    0.00000e+00    0.00000e+00    0.00000e+00    0.00000e+00    0.00000e+00    0.00000e+00
    2.77259e+02    0.00000e+00    0.00000e+00    0.00000e+00    0.00000e+00    0.00000e+00    0.00000e+00
    2.91696e+02    0.00000e+00    0.00000e+00    0.00000e+00    0.00000e+00    0.00000e+00    0.00000e+00
    3.06884e+02    0.00000e+00    0.00000e+00    0.00000e+00    0.00000e+00    0.00000e+00    0.00000e+00
    3.22863e+02    0.00000e+00    0.00000e+00    0.00000e+00    0.00000e+00    0.00000e+00    0.00000e+00
    3.39674e+02    0.00000e+00    0.00000e+00    0.00000e+00    0.00000e+00    0.00000e+00    0.00000e+00
    3.57360e+02    0.00000e+00    0.00000e+00    0.00000e+00    0.00000e+00    0.00000e+00    0.00000e+00
    3.75967e+02    0.00000e+00    0.00000e+00    0.00000e+00    0.00000e+00    0.00000e+00    0.00000e+00
    3.95544e+02    0.00000e+00    0.00000e+00    0.00000e+00    0.00000e+00    0.00000e+00    0.00000e+00
    4.16139e+02    0.00000e+00    0.00000e+00    0.00000e+00    0.00000e+00    0.00000e+00    0.00000e+00
    4.37807e+02    0.00000e+00    0.00000e+00    0.00000e+00    0.00000e+00    0.00000e+00    0.00000e+00
    4.60603e+02    0.00000e+00    0.00000e+00    0.00000e+00    0.00000e+00    0.00000e+00    0.00000e+00
    4.84586e+02    0.00000e+00    0.00000e+00    0.00000e+00    0.00000e+00    0.00000e+00    0.00000e+00
    5.09818e+02    0.00000e+00    0.00000e+00    0.00000e+00    0.00000e+00    0.00000e+00    0.00000e+00
    5.36363e+02    0.00000e+00    0.00000e+00    0.00000e+00    0.00000e+00    0.00000e+00    0.00000e+00
    5.64291e+02    0.00000e+00    0.00000e+00    0.00000e+00    0.00000e+00    0.00000e+00    0.00000e+00
    5.93673e+02    0.00000e+00    0.00000e+00    0.00000e+00    0.00000e+00    0.00000e+00    0.00000e+00
    6.24584e+02    0.00000e+00    0.00000e+00    0.00000e+00    0.00000e+00    0.00000e+00    0.00000e+00
    6.57106e+02    0.00000e+00    0.00000e+00    0.00000e+00    0.00000e+00    0.00000e+00    0.00000e+00
    6.91320e+02    0.00000e+00    0.00000e+00    0.00000e+00    0.00000e+00    0.00000e+00    0.00000e+00
    7.27317e+02    0.00000e+00    0.00000e+00    0.00000e+00    0.00000e+00    0.00000e+00    0.00000e+00
    7.65187e+02    0.00000e+00    0.00000e+00    0.00000e+00    0.00000e+00    0.00000e+00    0.00000e+00
    8.05029e+02    0.00000e+00    0.00000e+00    0.00000e+00    0.00000e+00    0.00000e+00    0.00000e+00
    8.46946e+02    0.00000e+00    0.00000e+00    0.00000e+00    0.00000e+00    0.00000e+00    0.00000e+00
    8.91045e+02    0.00000e+00    0.00000e+00    0.00000e+00    0.00000e+00    0.00000e+00    0.00000e+00
    9.37441e+02    0.00000e+00    0.00000e+00    0.00000e+00    0.00000e+00    0.00000e+00    0.00000e+00
    9.86252e+02    0.00000e+00    0.00000e+00    0.00000e+00    0.00000e+00    0.00000e+00    0.00000e+00
    1.03761e+03    0.00000e+00    0.00000e+00    0.00000e+00    0.00000e+00    0.00000e+00    0.00000e+00
    1.09163e+03    0.00000e+00    0.00000e+00    0.00000e+00    0.00000e+00    0.00000e+00    0.00000e+00
    1.14847e+03    0.00000e+00    0.00000e+00    0.00000e+00    0.00000e+00    0.00000e+00    0.00000e+00
    1.20827e+03    0.00000e+00    0.00000e+00    0.00000e+00    0.00000e+00    0.00000e+00    0.00000e+00
    1.27118e+03    0.00000e+00    0.00000e+00    0.00000e+00    0.00000e+00    0.00000e+00    0.00000e+00
    1.33737e+03    0.00000e+00    0.00000e+00    0.00000e+00    0.00000e+00    0.00000e+00    0.00000e+00
    1.40701e+03    0.00000e+00    0.00000e+00    0.00000e+00    0.00000e+00    0.00000e+00    0.00000e+00
    1.48027e+03    0.00000e+00    0.00000e+00    0.00000e+00    0.00000e+00    0.00000e+00    0.00000e+00
    1.55734e+03    0.00000e+00    0.00000e+00    0.00000e+00    0.00000e+00    0.00000e+00    0.00000e+00
    1.63843e+03    0.00000e+00    0.00000e+00    0.00000e+00    0.00000e+00    0.00000e+00    0.00000e+00
    1.72374e+03    0.00000e+00    0.00000e+00    0.00000e+00    0.00000e+00    0.00000e+00    0.00000e+00
    1.81350e+03    0.00000e+00    0.00000e+00    0.00000e+00    0.00000e+00    0.00000e+00    0.00000e+00
    1.90792e+03    0.00000e+00    0.00000e+00    0.00000e+00    0.00000e+00    0.00000e+00    0.00000e+00
    2.00727e+03    0.00000e+00    0.00000e+00    0.00000e+00    0.00000e+00    0.00000e+00    0.00000e+00
    2.11178e+03    0.00000e+00    0.00000e+00    0.00000e+00    0.00000e+00    0.00000e+00    0.00000e+00
    2.22174e+03    0.00000e+00    0.00000e+00    0.00000e+00    0.00000e+00    0.00000e+00    0.00000e+00
    2.33742e+03    0.00000e+00    0.00000e+00    0.00000e+00    0.00000e+00    0.00000e+00    0.00000e+00
    2.45913e+03    0.00000e+00    0.00000e+00    0.00000e+00    0.00000e+00    0.00000e+00    0.00000e+00
    2.58717e+03    0.00000e+00    0.00000e+00    0.00000e+00    0.00000e+00    0.00000e+00    0.00000e+00
    2.72188e+03    0.00000e+00    0.00000e+00    0.00000e+00    0.00000e+00    0.00000e+00    0.00000e+00
    2.86361e+03    0.00000e+00    0.00000e+00    0.00000e+00    0.00000e+00    0.00000e+00    0.00000e+00
    3.01271e+03    0.00000e+00    0.00000e+00    0.00000e+00    0.00000e+00    0.00000e+00    0.00000e+00
    3.16958e+03    0.00000e+00    0.00000e+00    0.00000e+00    0.00000e+00    0.00000e+00    0.00000e+00
    3.33462e+03    0.00000e+00    0.00000e+00    0.00000e+00    0.00000e+00    0.00000e+00    0.00000e+00
    3.50825e+03    0.00000e+00    0.00000e+00    0.00000e+00    0.00000e+00    0.00000e+00    0.00000e+00
    3.69092e+03    0.00000e+00    0.00000e+00    0.00000e+00    0.00000e+00    0.00000e+00    0.00000e+00
    3.88310e+03    0.00000e+00    0.00000e+00    0.00000e+00    0.00000e+00    0.00000e+00    0.00000e+00
    4.08529e+03    0.00000e+00    0.00000e+00    0.00000e+00    0.00000e+00    0.00000e+00    0.00000e+00
    4.29800e+03    0.00000e+00    0.00000e+00    0.00000e+00    0.00000e+00    0.00000e+00    0.00000e+00
    4.52179e+03    0.00000e+00    0.00000e+00    0.00000e+00    0.00000e+00    0.00000e+00    0.00000e+00
    4.75724e+03    0.00000e+00    0.00000e+00    0.00000e+00    0.00000e+00    0.00000e+00    0.00000e+00
    5.00494e+03    0.00000e+00    0.00000e+00    0.00000e+00    0.00000e+00    0.00000e+00    0.00000e+00
    5.26554e+03    0.00000e+00    0.00000e+00    0.00000e+00    0.00000e+00    0.00000e+00    0.00000e+00
    5.53971e+03    0.00000e+00    0.00000e+00    0.00000e+00    0.00000e+00    0.00000e+00    0.00000e+00
    5.82815e+03    0.00000e+00    0.00000e+00    0.00000e+00    0.00000e+00    0.00000e+00    0.00000e+00
    6.13162e+03    0.00000e+00    0.00000e+00    0.00000e+00    0.00000e+00    0.00000e+00    0.00000e+00
    6.45088e+03    0.00000e+00    0.00000e+00    0.00000e+00    0.00000e+00    0.00000e+00    0.00000e+00
    6.78677e+03    0.00000e+00    0.00000e+00    0.00000e+00    0.00000e+00    0.00000e+00    0.00000e+00
    7.14015e+03    0.00000e+00    0.00000e+00    0.00000e+00    0.00000e+00    0.00000e+00    0.00000e+00
    7.51193e+03    0.00000e+00    0.00000e+00    0.00000e+00    0.00000e+00    0.00000e+00    0.00000e+00
    7.90307e+03    0.00000e+00    0.00000e+00    0.00000e+00    0.00000e+00    0.00000e+00    0.00000e+00
    8.31457e+03    0.00000e+00    0.00000e+00    0.00000e+00    0.00000e+00    0.00000e+00    0.00000e+00
    8.74750e+03    0.00000e+00    0.00000e+00    0.00000e+00    0.00000e+00    0.00000e+00    0.00000e+00
    9.20297e+03    0.00000e+00    0.00000e+00    0.00000e+00    0.00000e+00    0.00000e+00    0.00000e+00
    9.68215e+03    0.00000e+00    0.00000e+00    0.00000e+00    0.00000e+00    0.00000e+00    0.00000e+00
    1.01863e+04    0.00000e+00    0.00000e+00    0.00000e+00    0.00000e+00    0.00000e+00    0.00000e+00
    1.07167e+04    0.00000e+00    0.00000e+00    0.00000e+00    0.00000e+00    0.00000e+00    0.00000e+00
    1.12747e+04    0.00000e+00    0.00000e+00    0.00000e+00    0.00000e+00    0.00000e+00    0.00000e+00
    1.18617e+04    0.00000e+00    0.00000e+00    0.00000e+00    0.00000e+00    0.00000e+00    0.00000e+00
    1.24794e+04    0.00000e+00    0.00000e+00    0.00000e+00    0.00000e+00    0.00000e+00    0.00000e+00
    1.31291e+04    0.00000e+00    0.00000e+00    0.00000e+00    0.00000e+00    0.00000e+00    0.00000e+00
    1.38128e+04    0.00000e+00    0.00000e+00    0.00000e+00    0.00000e+00    0.00000e+00    0.00000e+00
    1.45320e+04    0.00000e+00    0.00000e+00    0.00000e+00    0.00000e+00    0.00000e+00    0.00000e+00
    1.52886e+04    0.00000e+00    0.00000e+00    0.00000e+00    0.00000e+00    0.00000e+00    0.00000e+00
    1.60847e+04    0.00000e+00    0.00000e+00    0.00000e+00    0.00000e+00    0.00000e+00    0.00000e+00
    1.69222e+04    0.00000e+00    0.00000e+00    0.00000e+00    0.00000e+00    0.00000e+00    0.00000e+00
    1.78033e+04    0.00000e+00    0.00000e+00    0.00000e+00    0.00000e+00    0.00000e+00    0.00000e+00
    1.87303e+04    0.00000e+00    0.00000e+00    0.00000e+00    0.00000e+00    0.00000e+00    0.00000e+00
    1.97056e+04    0.00000e+00    0.00000e+00    0.00000e+00    0.00000e+00    0.00000e+00    0.00000e+00
    2.07316e+04    0.00000e+00    0.00000e+00    0.00000e+00    0.00000e+00    0.00000e+00    0.00000e+00
    2.18111e+04    0.00000e+00    0.00000e+00    0.00000e+00    0.00000e+00    0.00000e+00    0.00000e+00
    2.29468e+04    0.00000e+00    0.00000e+00    0.00000e+00    0.00000e+00    0.00000e+00    0.00000e+00
    2.41416e+04    0.00000e+00    0.00000e+00    0.00000e+00    0.00000e+00    0.00000e+00    0.00000e+00
    2.53986e+04    0.00000e+00    0.00000e+00    0.00000e+00    0.00000e+00    0.00000e+00    0.00000e+00
    2.67211e+04    0.00000e+00    0.00000e+00    0.00000e+00    0.00000e+00    0.00000e+00    0.00000e+00
    2.81124e+04    0.00000e+00    0.00000e+00    0.00000e+00    0.00000e+00    0.00000e+00    0.00000e+00
    2.95762e+04    0.00000e+00    0.00000e+00    0.00000e+00    0.00000e+00    0.00000e+00    0.00000e+00
    3.11162e+04    0.00000e+00    0.00000e+00    0.00000e+00    0.00000e+00    0.00000e+00    0.00000e+00
    3.27363e+04    0.00000e+00    0.00000e+00    0.00000e+00    0.00000e+00    0.00000e+00    0.00000e+00
    3.44409e+04    0.00000e+00    0.00000e+00    0.00000e+00    0.00000e+00    0.00000e+00    0.00000e+00
    3.62342e+04    0.00000e+00    0.00000e+00    0.00000e+00    0.00000e+00    0.00000e+00    0.00000e+00
    3.81208e+04    0.00000e+00    0.00000e+00    0.00000e+00    0.00000e+00    0.00000e+00    0.00000e+00
    4.01057e+04    0.00000e+00    0.00000e+00    0.00000e+00    0.00000e+00    0.00000e+00    0.00000e+00
    4.21940e+04    0.00000e+00    0.00000e+00    0.00000e+00    0.00000e+00    0.00000e+00    0.00000e+00
    4.43910e+04    0.00000e+00    0.00000e+00    0.00000e+00    0.00000e+00    0.00000e+00    0.00000e+00
    4.67023e+04    0.00000e+00    0.00000e+00    0.00000e+00    0.00000e+00    0.00000e+00    0.00000e+00
    4.91341e+04    0.00000e+00    0.00000e+00    0.00000e+00    0.00000e+00    0.00000e+00    0.00000e+00
    5.16924e+04    0.00000e+00    0.00000e+00    0.00000e+00    0.00000e+00    0.00000e+00    0.00000e+00
    5.43840e+04    0.00000e+00    0.00000e+00    0.00000e+00    0.00000e+00    0.00000e+00    0.00000e+00
    5.72157e+04    0.00000e+00    0.00000e+00    0.00000e+00    0.00000e+00    0.00000e+00    0.00000e+00
    6.01948e+04    0.00000e+00    0.00000e+00    0.00000e+00    0.00000e+00    0.00000e+00    0.00000e+00
    6.33291e+04    0.00000e+00    0.00000e+00    0.00000e+00    0.00000e+00    0.00000e+00    0.00000e+00
    6.66265e+04    0.00000e+00    0.00000e+00    0.00000e+00    0.00000e+00    0.00000e+00    0.00000e+00
    7.00957e+04    0.00000e+00    0.00000e+00    0.00000e+00    0.00000e+00    0.00000e+00    0.00000e+00
    7.37455e+04    0.00000e+00    0.00000e+00    0.00000e+00    0.00000e+00    0.00000e+00    0.00000e+00
    7.75853e+04    0.00000e+00    0.00000e+00    0.00000e+00    0.00000e+00    0.00000e+00    0.00000e+00
    8.16251e+04    0.00000e+00    0.00000e+00    0.00000e+00    0.00000e+00    0.00000e+00    0.00000e+00
    8.58752e+04    0.00000e+00    0.00000e+00    0.00000e+00    0.00000e+00    0.00000e+00    0.00000e+00
    9.03466e+04    0.00000e+00    0.00000e+00    0.00000e+00    0.00000e+00    0.00000e+00    0.00000e+00
    9.50508e+04    0.00000e+00    0.00000e+00    0.00000e+00    0.00000e+00    0.00000e+00    0.00000e+00
    1.00000e+05    0.00000e+00    0.00000e+00    0.00000e+00    0.00000e+00    0.00000e+00    0.00000e+00
