# E_gamma(MeV)   IFA_primary_masked(MeV^-1 s^-1)
5.145440e-01 3.920895e-01
5.413360e-01 3.991635e-01
5.695230e-01 2.525176e+00
5.991770e-01 2.928129e+03
6.303750e-01 2.421689e+05
6.631980e-01 4.551074e+06
6.977300e-01 3.120699e+07
7.340600e-01 1.198446e+08
7.722810e-01 2.751844e+08
8.124930e-01 4.422151e+08
8.547980e-01 5.494605e+08
8.993070e-01 5.761258e+08
9.461320e-01 5.104541e+08
9.953960e-01 3.649133e+08
1.047230e+00 2.012474e+08
1.101750e+00 9.090641e+07
1.159120e+00 3.795922e+07
1.219470e+00 1.510609e+07
1.282970e+00 5.334757e+06
1.349770e+00 1.738571e+06
1.420050e+00 5.270419e+05
1.493990e+00 1.534313e+05
1.571780e+00 4.067941e+04
1.653620e+00 1.006111e+04
1.739730e+00 2.267686e+03
1.830310e+00 5.060043e+02
1.925610e+00 9.978948e+01
2.025880e+00 1.877355e+01
2.131360e+00 3.047949e+00
2.242340e+00 4.484673e-01
2.359100e+00 8.948298e-02
2.481930e+00 2.631239e-02
2.611160e+00 6.034447e-03
2.747120e+00 2.301585e-03
2.890160e+00 5.617738e-04
3.040650e+00 2.288838e-04
3.198970e+00 5.823602e-05
3.365530e+00 2.283015e-05
3.540770e+00 0.000000e+00
3.725140e+00 0.000000e+00
3.919100e+00 0.000000e+00
4.123160e+00 0.000000e+00
4.337850e+00 0.000000e+00
4.563720e+00 0.000000e+00
4.801340e+00 0.000000e+00
5.051340e+00 0.000000e+00
5.314360e+00 0.000000e+00
5.591070e+00 0.000000e+00
5.882190e+00 0.000000e+00
6.188470e+00 0.000000e+00
6.510690e+00 0.000000e+00
6.849700e+00 0.000000e+00
7.206350e+00 0.000000e+00
7.581580e+00 0.000000e+00
7.976340e+00 0.000000e+00
8.391660e+00 0.000000e+00
8.828600e+00 0.000000e+00
9.288290e+00 0.000000e+00
9.771920e+00 0.000000e+00
1.028070e+01 0.000000e+00
1.081600e+01 0.000000e+00
1.137920e+01 0.000000e+00
1.197170e+01 0.000000e+00
1.259510e+01 0.000000e+00
1.325090e+01 0.000000e+00
1.394080e+01 0.000000e+00
1.466670e+01 0.000000e+00
1.543040e+01 0.000000e+00
1.623380e+01 0.000000e+00
1.707910e+01 0.000000e+00
1.796840e+01 0.000000e+00
1.890400e+01 0.000000e+00
1.988830e+01 0.000000e+00
2.092380e+01 0.000000e+00
2.201330e+01 0.000000e+00
2.315950e+01 0.000000e+00
2.436540e+01 0.000000e+00
2.563410e+01 0.000000e+00
2.696880e+01 0.000000e+00
2.837300e+01 0.000000e+00
2.985040e+01 0.000000e+00
3.140470e+01 0.000000e+00
3.303990e+01 0.000000e+00
3.476020e+01 0.000000e+00
3.657010e+01 0.000000e+00
3.847430e+01 0.000000e+00
4.047760e+01 0.000000e+00
