# # E_gamma (MeV)  Final State Radiation (MeV^-1 s^-1)
5.145440e-01 1.428786e+15
5.413360e-01 1.296533e+15
5.695230e-01 1.197161e+15
5.991770e-01 1.082219e+15
6.303750e-01 9.973700e+14
6.631980e-01 8.981842e+14
6.977300e-01 8.260199e+14
7.340600e-01 7.410287e+14
7.722810e-01 6.621378e+14
8.124930e-01 6.076500e+14
8.547980e-01 5.408972e+14
8.993070e-01 4.950859e+14
9.461320e-01 4.389966e+14
9.953960e-01 3.876904e+14
1.047230e+00 3.538904e+14
1.101750e+00 3.113475e+14
1.159120e+00 2.727556e+14
1.219470e+00 2.481905e+14
1.282970e+00 2.165485e+14
1.349770e+00 1.881418e+14
1.420050e+00 1.627622e+14
1.493990e+00 1.475944e+14
1.571780e+00 1.271278e+14
1.653620e+00 1.089970e+14
1.739730e+00 9.303320e+13
1.830310e+00 8.400718e+13
1.925610e+00 7.140396e+13
2.025880e+00 6.039255e+13
2.131360e+00 5.081302e+13
2.242340e+00 4.254488e+13
2.359100e+00 3.821864e+13
2.481930e+00 3.185418e+13
2.611160e+00 2.640441e+13
2.747120e+00 2.177136e+13
2.890160e+00 1.784580e+13
3.040650e+00 1.455535e+13
3.198970e+00 1.298790e+13
3.365530e+00 1.055046e+13
3.540770e+00 8.512986e+12
3.725140e+00 6.835514e+12
3.919100e+00 5.464266e+12
4.123160e+00 4.345833e+12
4.337850e+00 3.435052e+12
4.563720e+00 2.705202e+12
4.801340e+00 2.394570e+12
5.051340e+00 1.882787e+12
5.314360e+00 1.478093e+12
5.591070e+00 1.159015e+12
5.882190e+00 9.110543e+11
6.188470e+00 7.156031e+11
6.510690e+00 5.643686e+11
6.849700e+00 4.467528e+11
7.206350e+00 3.570365e+11
7.581580e+00 2.882411e+11
7.976340e+00 2.338591e+11
8.391660e+00 1.910226e+11
8.828600e+00 1.584809e+11
9.288290e+00 1.232573e+11
9.771920e+00 9.327617e+10
1.028070e+01 8.217473e+10
1.081600e+01 6.478790e+10
1.137920e+01 5.048095e+10
1.197170e+01 3.765447e+10
1.259510e+01 2.760278e+10
1.325090e+01 1.748371e+10
1.394080e+01 1.351489e+10
1.466670e+01 9.675193e+09
1.543040e+01 6.087128e+09
1.623380e+01 4.392508e+09
1.707910e+01 3.478336e+09
1.796840e+01 2.636296e+09
1.890400e+01 1.858961e+09
1.988830e+01 9.857706e+08
2.092380e+01 6.416069e+08
2.201330e+01 4.027660e+08
2.315950e+01 2.450538e+08
2.436540e+01 1.442675e+08
2.563410e+01 9.991894e+07
2.696880e+01 3.840018e+07
2.837300e+01 2.546276e+07
2.985040e+01 9.269731e+06
3.140470e+01 2.909905e+06
3.303990e+01 1.997497e+06
3.476020e+01 9.344081e+05
3.657010e+01 5.416709e+05
3.847430e+01 3.062203e+05
4.047760e+01 2.063196e+05
4.258520e+01 6.144423e+04
4.480250e+01 8.739781e+03
4.713530e+01 1.561156e+03
4.958960e+01 7.448180e+02
5.217170e+01 3.292580e+02
5.488820e+01 1.268726e+02
5.774620e+01 4.485552e+01
6.075290e+01 2.814261e+00
6.391620e+01 1.108414e+00
6.724430e+01 3.392331e-01
7.074560e+01 1.870885e-02
7.442920e+01 2.247727e-03
7.830470e+01 5.319947e-04
8.238190e+01 1.280380e-04
8.667140e+01 3.912456e-05
9.118430e+01 3.028456e-05
9.593210e+01 4.430533e-06
1.009270e+02 1.026469e-07
1.061820e+02 3.965918e-09
1.117110e+02 1.761375e-09
1.175280e+02 2.076071e-10
1.236470e+02 3.432673e-13
1.300850e+02 1.197646e-14
1.368590e+02 8.993836e-16
1.439850e+02 6.156854e-16
1.514820e+02 6.027298e-19
1.593690e+02 7.228860e-21
1.676680e+02 1.802046e-22
1.763980e+02 2.194393e-24
1.855830e+02 3.207949e-26
1.952460e+02 1.444465e-26
2.054120e+02 9.633665e-31
2.161070e+02 4.569464e-33
2.273600e+02 1.644200e-35
2.391980e+02 9.279129e-38
2.516530e+02 6.711798e-38
2.647560e+02 2.513984e-43
2.785410e+02 7.268686e-44
2.930450e+02 3.912730e-47
3.083030e+02 3.135780e-53
3.243560e+02 7.149957e-54
3.412450e+02 2.869262e-56
3.590130e+02 6.120252e-61
3.777060e+02 7.275197e-68
3.973730e+02 6.898125e-72
4.180640e+02 2.856527e-72
4.398320e+02 5.162699e-77
4.627330e+02 6.938927e-86
4.868270e+02 1.910957e-91
5.121760e+02 2.567571e-96
5.388440e+02 1.710100e-96
5.669010e+02 1.373790e-102
5.964180e+02 7.466015e-112
6.274730e+02 4.294453e-121
6.601450e+02 2.635025e-121
6.945180e+02 2.691442e-128
7.306800e+02 1.188918e-135
7.687260e+02 7.163560e-144
8.087520e+02 1.605395e-151
8.508630e+02 3.523247e-169
8.951660e+02 1.172149e-177
9.417770e+02 9.838708e-178
9.908140e+02 1.484945e-188
1.042400e+03 2.820067e-198
1.096680e+03 7.475229e-221
1.153780e+03 6.033225e-221
1.213860e+03 2.243041e-246
1.277060e+03 1.583296e-259
1.343560e+03 1.064101e-273
1.413520e+03 8.231652e-289
1.487120e+03 3.260141e-289
1.564550e+03 0.000000e+00
