# E_gamma(MeV)   IFA_primary_masked(MeV^-1 s^-1)
5.145440e-01 1.031259e+18
5.413360e-01 2.046092e+18
5.695230e-01 3.277829e+18
5.991770e-01 4.628600e+18
6.303750e-01 5.785280e+18
6.631980e-01 6.588849e+18
6.977300e-01 7.096516e+18
7.340600e-01 7.380222e+18
7.722810e-01 7.497870e+18
8.124930e-01 7.493403e+18
8.547980e-01 7.399384e+18
8.993070e-01 7.239858e+18
9.461320e-01 7.034050e+18
9.953960e-01 6.796116e+18
1.047230e+00 6.536811e+18
1.101750e+00 6.264343e+18
1.159120e+00 5.985236e+18
1.219470e+00 5.703885e+18
1.282970e+00 5.423976e+18
1.349770e+00 5.147912e+18
1.420050e+00 4.878040e+18
1.493990e+00 4.615632e+18
1.571780e+00 4.361706e+18
1.653620e+00 4.116824e+18
1.739730e+00 3.881679e+18
1.830310e+00 3.656112e+18
1.925610e+00 3.440352e+18
2.025880e+00 3.234328e+18
2.131360e+00 3.037868e+18
2.242340e+00 2.850740e+18
2.359100e+00 2.672661e+18
2.481930e+00 2.503313e+18
2.611160e+00 2.342346e+18
2.747120e+00 2.189416e+18
2.890160e+00 2.044153e+18
3.040650e+00 1.906187e+18
3.198970e+00 1.775163e+18
3.365530e+00 1.650721e+18
3.540770e+00 1.532510e+18
3.725140e+00 1.420202e+18
3.919100e+00 1.313483e+18
4.123160e+00 1.212048e+18
4.337850e+00 1.115631e+18
4.563720e+00 1.023968e+18
4.801340e+00 9.368208e+17
5.051340e+00 8.539808e+17
5.314360e+00 7.752668e+17
5.591070e+00 7.004475e+17
5.882190e+00 6.295572e+17
6.188470e+00 5.624453e+17
6.510690e+00 4.990732e+17
6.849700e+00 4.394424e+17
7.206350e+00 3.836756e+17
7.581580e+00 3.317013e+17
7.976340e+00 2.837107e+17
8.391660e+00 2.398292e+17
8.828600e+00 2.001720e+17
9.288290e+00 1.648310e+17
9.771920e+00 1.338266e+17
1.028070e+01 1.070932e+17
1.081600e+01 8.447346e+16
1.137920e+01 6.570608e+16
1.197170e+01 5.043589e+16
1.259510e+01 3.824540e+16
1.325090e+01 2.868804e+16
1.394080e+01 2.130932e+16
1.466670e+01 1.568586e+16
1.543040e+01 1.143899e+16
1.623380e+01 8.257842e+15
1.707910e+01 5.885611e+15
1.796840e+01 4.126413e+15
1.890400e+01 2.833515e+15
1.988830e+01 1.896328e+15
2.092380e+01 1.234195e+15
2.201330e+01 7.843220e+14
2.315950e+01 4.783069e+14
2.436540e+01 2.876115e+14
2.563410e+01 1.685971e+14
2.696880e+01 9.688791e+13
2.837300e+01 4.994464e+13
2.985040e+01 2.916606e+13
3.140470e+01 1.372099e+13
3.303990e+01 7.706505e+12
3.476020e+01 3.319560e+12
3.657010e+01 1.747866e+12
3.847430e+01 7.261446e+11
4.047760e+01 3.096659e+11
4.258520e+01 1.392736e+11
4.480250e+01 5.423756e+10
4.713530e+01 2.039278e+10
4.958960e+01 7.235476e+09
5.217170e+01 2.512888e+09
5.488820e+01 8.465580e+08
5.774620e+01 2.623133e+08
6.075290e+01 7.480061e+07
6.391620e+01 1.980786e+07
6.724430e+01 5.084036e+06
7.074560e+01 1.170193e+06
7.442920e+01 2.487242e+05
7.830470e+01 5.071565e+04
8.238190e+01 7.335254e+03
8.667140e+01 1.355506e+03
9.118430e+01 1.894665e+02
9.593210e+01 2.904917e+01
1.009270e+02 3.818241e+00
1.061820e+02 7.809154e-01
1.117110e+02 1.117686e-01
1.175280e+02 4.601119e-02
1.236470e+02 0.000000e+00
1.300850e+02 0.000000e+00
1.368590e+02 0.000000e+00
1.439850e+02 0.000000e+00
1.514820e+02 0.000000e+00
1.593690e+02 0.000000e+00
1.676680e+02 0.000000e+00
1.763980e+02 0.000000e+00
1.855830e+02 0.000000e+00
1.952460e+02 0.000000e+00
2.054120e+02 0.000000e+00
2.161070e+02 0.000000e+00
2.273600e+02 0.000000e+00
2.391980e+02 0.000000e+00
2.516530e+02 0.000000e+00
2.647560e+02 0.000000e+00
2.785410e+02 0.000000e+00
2.930450e+02 0.000000e+00
3.083030e+02 0.000000e+00
3.243560e+02 0.000000e+00
3.412450e+02 0.000000e+00
3.590130e+02 0.000000e+00
3.777060e+02 0.000000e+00
3.973730e+02 0.000000e+00
4.180640e+02 0.000000e+00
4.398320e+02 0.000000e+00
4.627330e+02 0.000000e+00
4.868270e+02 0.000000e+00
5.121760e+02 0.000000e+00
5.388440e+02 0.000000e+00
5.669010e+02 0.000000e+00
5.964180e+02 0.000000e+00
6.274730e+02 0.000000e+00
6.601450e+02 0.000000e+00
6.945180e+02 0.000000e+00
7.306800e+02 0.000000e+00
7.687260e+02 0.000000e+00
8.087520e+02 0.000000e+00
8.508630e+02 0.000000e+00
8.951660e+02 0.000000e+00
9.417770e+02 0.000000e+00
9.908140e+02 0.000000e+00
1.042400e+03 0.000000e+00
1.096680e+03 0.000000e+00
1.153780e+03 0.000000e+00
1.213860e+03 0.000000e+00
1.277060e+03 0.000000e+00
1.343560e+03 0.000000e+00
1.413520e+03 0.000000e+00
1.487120e+03 0.000000e+00
1.564550e+03 0.000000e+00
1.646010e+03 0.000000e+00
