# E_gamma(MeV)   IFA_secondary_masked(MeV^-1 s^-1)
5.145440e-01 9.004781e+07
5.413360e-01 2.380458e+09
5.695230e-01 1.367238e+10
5.991770e-01 4.978386e+10
6.303750e-01 1.175654e+11
6.631980e-01 2.166817e+11
6.977300e-01 3.339201e+11
7.340600e-01 4.552159e+11
7.722810e-01 5.570889e+11
8.124930e-01 6.269315e+11
8.547980e-01 6.606675e+11
8.993070e-01 6.661733e+11
9.461320e-01 6.483978e+11
9.953960e-01 6.145074e+11
1.047230e+00 5.694884e+11
1.101750e+00 5.168526e+11
1.159120e+00 4.592257e+11
1.219470e+00 3.984719e+11
1.282970e+00 3.369245e+11
1.349770e+00 2.804340e+11
1.420050e+00 2.297541e+11
1.493990e+00 1.854163e+11
1.571780e+00 1.477675e+11
1.653620e+00 1.162251e+11
1.739730e+00 8.920305e+10
1.830310e+00 6.674828e+10
1.925610e+00 4.889741e+10
2.025880e+00 3.569892e+10
2.131360e+00 2.729228e+10
2.242340e+00 2.027477e+10
2.359100e+00 1.464346e+10
2.481930e+00 1.047835e+10
2.611160e+00 8.116484e+09
2.747120e+00 6.157675e+09
2.890160e+00 4.504615e+09
3.040650e+00 3.265169e+09
3.198970e+00 2.406644e+09
3.365530e+00 1.638821e+09
3.540770e+00 1.050178e+09
3.725140e+00 6.552688e+08
3.919100e+00 3.649776e+08
4.123160e+00 1.758818e+08
4.337850e+00 9.679254e+07
4.563720e+00 4.794524e+07
4.801340e+00 2.134892e+07
5.051340e+00 1.108039e+07
5.314360e+00 4.890086e+06
5.591070e+00 2.671819e+06
5.882190e+00 1.279593e+06
6.188470e+00 6.257243e+05
6.510690e+00 2.715915e+05
6.849700e+00 1.147814e+05
7.206350e+00 5.504051e+04
7.581580e+00 2.552763e+04
7.976340e+00 1.180596e+04
8.391660e+00 6.103550e+03
8.828600e+00 3.383407e+03
9.288290e+00 1.866739e+03
9.771920e+00 8.719998e+02
1.028070e+01 3.275707e+02
1.081600e+01 4.865708e+01
1.137920e+01 8.457515e+00
1.197170e+01 1.429399e+00
1.259510e+01 3.532339e-01
1.325090e+01 1.114529e-01
1.394080e+01 3.592389e-02
1.466670e+01 7.508900e-03
1.543040e+01 2.326579e-03
1.623380e+01 6.574038e-04
1.707910e+01 2.096235e-04
1.796840e+01 5.689971e-05
1.890400e+01 1.627856e-05
1.988830e+01 5.081839e-06
2.092380e+01 1.623313e-06
2.201330e+01 5.221306e-07
2.315950e+01 1.570822e-07
2.436540e+01 4.902686e-08
2.563410e+01 0.000000e+00
2.696880e+01 0.000000e+00
2.837300e+01 0.000000e+00
2.985040e+01 0.000000e+00
3.140470e+01 0.000000e+00
3.303990e+01 0.000000e+00
3.476020e+01 0.000000e+00
3.657010e+01 0.000000e+00
3.847430e+01 0.000000e+00
4.047760e+01 0.000000e+00
4.258520e+01 0.000000e+00
4.480250e+01 0.000000e+00
4.713530e+01 0.000000e+00
4.958960e+01 0.000000e+00
5.217170e+01 0.000000e+00
5.488820e+01 0.000000e+00
5.774620e+01 0.000000e+00
6.075290e+01 0.000000e+00
6.391620e+01 0.000000e+00
6.724430e+01 0.000000e+00
7.074560e+01 0.000000e+00
7.442920e+01 0.000000e+00
7.830470e+01 0.000000e+00
8.238190e+01 0.000000e+00
8.667140e+01 0.000000e+00
9.118430e+01 0.000000e+00
9.593210e+01 0.000000e+00
1.009270e+02 0.000000e+00
1.061820e+02 0.000000e+00
1.117110e+02 0.000000e+00
1.175280e+02 0.000000e+00
1.236470e+02 0.000000e+00
1.300850e+02 0.000000e+00
1.368590e+02 0.000000e+00
1.439850e+02 0.000000e+00
1.514820e+02 0.000000e+00
1.593690e+02 0.000000e+00
1.676680e+02 0.000000e+00
1.763980e+02 0.000000e+00
1.855830e+02 0.000000e+00
1.952460e+02 0.000000e+00
2.054120e+02 0.000000e+00
2.161070e+02 0.000000e+00
2.273600e+02 0.000000e+00
2.391980e+02 0.000000e+00
2.516530e+02 0.000000e+00
2.647560e+02 0.000000e+00
