# # E_gamma (MeV)  Final State Radiation (MeV^-1 s^-1)
5.145440e-01 1.358455e+11
5.413360e-01 1.240797e+11
5.695230e-01 1.135885e+11
5.991770e-01 1.031055e+11
6.303750e-01 9.384870e+10
6.631980e-01 8.337783e+10
6.977300e-01 7.545796e+10
7.340600e-01 6.626780e+10
7.722810e-01 5.750612e+10
8.124930e-01 5.152408e+10
8.547980e-01 4.259214e+10
8.993070e-01 3.786631e+10
9.461320e-01 3.029806e+10
9.953960e-01 2.313342e+10
1.047230e+00 2.040537e+10
1.101750e+00 1.451540e+10
1.159120e+00 1.050947e+10
1.219470e+00 9.279262e+09
1.282970e+00 7.424851e+09
1.349770e+00 4.929761e+09
1.420050e+00 3.472096e+09
1.493990e+00 3.049326e+09
1.571780e+00 2.193362e+09
1.653620e+00 1.496791e+09
1.739730e+00 9.433795e+08
1.830310e+00 8.321112e+08
1.925610e+00 6.463596e+08
2.025880e+00 4.757071e+08
2.131360e+00 3.382088e+08
2.242340e+00 2.294563e+08
2.359100e+00 1.986625e+08
2.481930e+00 1.263771e+08
2.611160e+00 9.836869e+07
2.747120e+00 4.275405e+07
2.890160e+00 1.484421e+07
3.040650e+00 9.367520e+06
3.198970e+00 7.945766e+06
3.365530e+00 4.291476e+06
3.540770e+00 1.587224e+06
3.725140e+00 1.249289e+06
3.919100e+00 7.107470e+05
4.123160e+00 2.364555e+05
4.337850e+00 7.291159e+04
4.563720e+00 2.334665e+04
4.801340e+00 1.931652e+04
5.051340e+00 7.584351e+03
5.314360e+00 4.056922e+03
5.591070e+00 2.140758e+03
5.882190e+00 2.799071e+02
6.188470e+00 1.017489e+02
6.510690e+00 1.669439e+01
6.849700e+00 3.456556e+00
7.206350e+00 1.444270e+00
7.581580e+00 6.091465e-01
7.976340e+00 2.445765e-01
8.391660e+00 9.357631e-02
8.828600e+00 6.746048e-02
9.288290e+00 1.267419e-02
9.771920e+00 6.924928e-04
1.028070e+01 5.357988e-04
1.081600e+01 6.075377e-05
1.137920e+01 2.262365e-06
1.197170e+01 3.673061e-07
1.259510e+01 1.700218e-07
1.325090e+01 4.122398e-09
1.394080e+01 1.023962e-10
1.466670e+01 5.502950e-11
1.543040e+01 2.665906e-14
1.623380e+01 3.870603e-15
1.707910e+01 2.232283e-16
1.796840e+01 1.315564e-17
1.890400e+01 7.199943e-18
1.988830e+01 6.274106e-20
2.092380e+01 1.772938e-21
2.201330e+01 2.739070e-25
2.315950e+01 1.026683e-26
2.436540e+01 1.843928e-27
2.563410e+01 7.513076e-29
2.696880e+01 1.445029e-33
2.837300e+01 1.174425e-35
2.985040e+01 4.182319e-38
3.140470e+01 2.904251e-41
3.303990e+01 1.407881e-41
3.476020e+01 9.516143e-47
3.657010e+01 6.469733e-50
3.847430e+01 6.512259e-53
4.047760e+01 4.098877e-53
4.258520e+01 2.115429e-56
4.480250e+01 1.965662e-60
4.713530e+01 3.538843e-68
4.958960e+01 3.603254e-73
5.217170e+01 2.496220e-76
5.488820e+01 5.664669e-77
5.774620e+01 3.243380e-81
6.075290e+01 1.923224e-91
6.391620e+01 1.079892e-96
6.724430e+01 5.902933e-97
7.074560e+01 2.015521e-108
7.442920e+01 8.185406e-115
7.830470e+01 4.154135e-122
8.238190e+01 2.530706e-128
8.667140e+01 1.119468e-131
9.118430e+01 3.309078e-135
9.593210e+01 1.203300e-142
1.009270e+02 2.138423e-151
1.061820e+02 4.541221e-168
1.117110e+02 1.977198e-168
1.175280e+02 9.567169e-178
1.236470e+02 2.353952e-198
1.300850e+02 1.908030e-209
1.368590e+02 1.183844e-220
1.439850e+02 8.215541e-221
1.514820e+02 9.907698e-246
1.593690e+02 1.504893e-259
1.676680e+02 1.776985e-273
1.763980e+02 1.644455e-288
1.855830e+02 4.345563e-304
1.952460e+02 1.985817e-304
2.054120e+02 0.000000e+00
