# # E_gamma (MeV)  Final State Radiation (MeV^-1 s^-1)
5.145440e-01 2.103847e+16
5.413360e-01 1.864752e+16
5.695230e-01 1.697855e+16
5.991770e-01 1.486699e+16
6.303750e-01 1.348120e+16
6.631980e-01 1.164495e+16
6.977300e-01 1.051195e+16
7.340600e-01 8.946231e+15
7.722810e-01 7.489943e+15
8.124930e-01 6.730993e+15
8.547980e-01 5.543307e+15
8.993070e-01 4.955073e+15
9.461320e-01 4.014624e+15
9.953960e-01 3.197751e+15
1.047230e+00 2.845262e+15
1.101750e+00 2.233681e+15
1.159120e+00 1.728241e+15
1.219470e+00 1.530297e+15
1.282970e+00 1.171082e+15
1.349770e+00 8.859969e+14
1.420050e+00 6.640305e+14
1.493990e+00 5.854909e+14
1.571780e+00 4.346317e+14
1.653620e+00 3.185692e+14
1.739730e+00 2.294324e+14
1.830310e+00 2.004301e+14
1.925610e+00 1.407319e+14
2.025880e+00 9.557496e+13
2.131360e+00 6.236273e+13
2.242340e+00 3.907657e+13
2.359100e+00 3.368450e+13
2.481930e+00 2.050925e+13
2.611160e+00 1.214483e+13
2.747120e+00 7.078697e+12
2.890160e+00 4.077922e+12
3.040650e+00 2.288404e+12
3.198970e+00 1.944118e+12
3.365530e+00 1.050651e+12
3.540770e+00 5.329923e+11
3.725140e+00 2.540549e+11
3.919100e+00 1.181878e+11
4.123160e+00 5.309537e+10
4.337850e+00 2.339147e+10
4.563720e+00 9.792260e+09
4.801340e+00 8.064186e+09
5.051340e+00 3.068942e+09
5.314360e+00 1.118945e+09
5.591070e+00 3.919399e+08
5.882190e+00 1.304108e+08
6.188470e+00 4.130166e+07
6.510690e+00 1.150634e+07
6.849700e+00 3.131786e+06
7.206350e+00 8.205435e+05
7.581580e+00 1.803383e+05
7.976340e+00 4.013024e+04
8.391660e+00 8.026407e+03
8.828600e+00 1.313191e+03
9.288290e+00 2.431891e+02
9.771920e+00 3.485892e+01
1.028070e+01 2.705206e+01
1.081600e+01 3.575283e+00
1.137920e+01 4.702262e-01
1.197170e+01 4.452883e-02
1.259510e+01 4.871476e-03
1.325090e+01 3.917363e-04
1.394080e+01 2.388152e-05
1.466670e+01 2.028050e-06
1.543040e+01 9.795523e-08
1.623380e+01 5.107747e-09
1.707910e+01 2.343961e-10
1.796840e+01 7.957413e-12
1.890400e+01 2.255990e-13
1.988830e+01 6.269974e-15
2.092380e+01 1.407964e-16
2.201330e+01 2.158945e-18
2.315950e+01 3.033153e-20
2.436540e+01 3.792173e-22
2.563410e+01 2.962955e-24
2.696880e+01 2.093739e-26
2.837300e+01 1.203073e-28
2.985040e+01 4.219620e-31
3.140470e+01 1.479056e-33
3.303990e+01 2.904310e-36
3.476020e+01 5.237202e-39
3.657010e+01 5.522366e-42
3.847430e+01 4.988333e-45
4.047760e+01 2.470795e-48
4.258520e+01 1.088632e-51
4.480250e+01 2.396731e-55
4.713530e+01 4.126397e-59
4.958960e+01 4.618807e-63
5.217170e+01 2.633929e-67
5.488820e+01 1.008405e-71
5.774620e+01 2.531277e-76
6.075290e+01 3.460983e-81
6.391620e+01 2.462877e-86
6.724430e+01 9.332178e-92
7.074560e+01 1.880043e-97
7.442920e+01 1.960115e-103
7.830470e+01 1.020234e-109
8.238190e+01 2.506201e-116
8.667140e+01 2.619404e-123
9.118430e+01 1.091291e-130
9.593210e+01 2.150050e-138
1.009270e+02 1.817488e-146
1.061820e+02 4.495392e-155
1.117110e+02 5.413495e-164
1.175280e+02 1.664234e-173
1.236470e+02 1.931168e-183
1.300850e+02 7.274697e-194
1.368590e+02 7.120244e-205
1.439850e+02 1.835494e-216
1.514820e+02 1.204315e-228
1.593690e+02 1.766108e-241
1.676680e+02 5.056289e-255
1.763980e+02 3.573201e-269
1.855830e+02 3.858150e-284
1.952460e+02 8.465921e-300
2.054120e+02 0.000000e+00
