# E_gamma(MeV)   IFA_secondary_masked(MeV^-1 s^-1)
5.145440e-01 2.512584e+06
5.413360e-01 3.286401e+08
5.695230e-01 2.469521e+09
5.991770e-01 1.016558e+10
6.303750e-01 3.027840e+10
6.631980e-01 6.237239e+10
6.977300e-01 1.132349e+11
7.340600e-01 1.731547e+11
7.722810e-01 2.322044e+11
8.124930e-01 2.788801e+11
8.547980e-01 3.101124e+11
8.993070e-01 3.161627e+11
9.461320e-01 3.032774e+11
9.953960e-01 2.761902e+11
1.047230e+00 2.387849e+11
1.101750e+00 2.005468e+11
1.159120e+00 1.639526e+11
1.219470e+00 1.308121e+11
1.282970e+00 1.024369e+11
1.349770e+00 8.086041e+10
1.420050e+00 6.210856e+10
1.493990e+00 4.631788e+10
1.571780e+00 3.362690e+10
1.653620e+00 2.439848e+10
1.739730e+00 1.831465e+10
1.830310e+00 1.336648e+10
1.925610e+00 9.566831e+09
2.025880e+00 7.023693e+09
2.131360e+00 5.573019e+09
2.242340e+00 4.251859e+09
2.359100e+00 2.934727e+09
2.481930e+00 2.037687e+09
2.611160e+00 1.308629e+09
2.747120e+00 7.242413e+08
2.890160e+00 3.363995e+08
3.040650e+00 2.707607e+08
3.198970e+00 1.186048e+08
3.365530e+00 4.943983e+07
3.540770e+00 3.106217e+07
3.725140e+00 1.763282e+07
3.919100e+00 9.957527e+06
4.123160e+00 4.757867e+06
4.337850e+00 2.289609e+06
4.563720e+00 9.131458e+05
4.801340e+00 3.742894e+05
5.051340e+00 1.191198e+05
5.314360e+00 4.455568e+04
5.591070e+00 2.022821e+04
5.882190e+00 9.196352e+03
6.188470e+00 3.638969e+03
6.510690e+00 1.019622e+03
6.849700e+00 2.553079e+02
7.206350e+00 9.487300e+01
7.581580e+00 2.134223e+01
7.976340e+00 9.414673e+00
8.391660e+00 2.493958e+00
8.828600e+00 1.131822e+00
9.288290e+00 3.323478e-01
9.771920e+00 1.555661e-01
1.028070e+01 4.565039e-02
1.081600e+01 6.716147e-03
1.137920e+01 5.965929e-04
1.197170e+01 1.587836e-04
1.259510e+01 3.748454e-05
1.325090e+01 1.247761e-05
1.394080e+01 3.070256e-06
1.466670e+01 1.157579e-06
1.543040e+01 3.474605e-07
1.623380e+01 1.076410e-07
1.707910e+01 3.121815e-08
1.796840e+01 9.726713e-09
1.890400e+01 2.894059e-09
1.988830e+01 8.880538e-10
2.092380e+01 0.000000e+00
2.201330e+01 0.000000e+00
2.315950e+01 0.000000e+00
2.436540e+01 0.000000e+00
2.563410e+01 0.000000e+00
2.696880e+01 0.000000e+00
2.837300e+01 0.000000e+00
2.985040e+01 0.000000e+00
3.140470e+01 0.000000e+00
3.303990e+01 0.000000e+00
3.476020e+01 0.000000e+00
3.657010e+01 0.000000e+00
3.847430e+01 0.000000e+00
4.047760e+01 0.000000e+00
4.258520e+01 0.000000e+00
4.480250e+01 0.000000e+00
4.713530e+01 0.000000e+00
4.958960e+01 0.000000e+00
5.217170e+01 0.000000e+00
5.488820e+01 0.000000e+00
5.774620e+01 0.000000e+00
6.075290e+01 0.000000e+00
6.391620e+01 0.000000e+00
6.724430e+01 0.000000e+00
7.074560e+01 0.000000e+00
7.442920e+01 0.000000e+00
7.830470e+01 0.000000e+00
8.238190e+01 0.000000e+00
8.667140e+01 0.000000e+00
9.118430e+01 0.000000e+00
9.593210e+01 0.000000e+00
1.009270e+02 0.000000e+00
1.061820e+02 0.000000e+00
1.117110e+02 0.000000e+00
1.175280e+02 0.000000e+00
1.236470e+02 0.000000e+00
1.300850e+02 0.000000e+00
1.368590e+02 0.000000e+00
1.439850e+02 0.000000e+00
1.514820e+02 0.000000e+00
1.593690e+02 0.000000e+00
1.676680e+02 0.000000e+00
1.763980e+02 0.000000e+00
1.855830e+02 0.000000e+00
1.952460e+02 0.000000e+00
2.054120e+02 0.000000e+00
