# E_gamma(MeV)    Direct    Secondary    Inflight    FinalState    Total (MeV^-1 s^-1)
5.145440e-01 8.023850e+13 5.198590e+18 3.530379e+18 3.449888e+18 1.217894e+19
5.413360e-01 9.451730e+13 5.019445e+18 5.961525e+18 3.271074e+18 1.425214e+19
5.695230e-01 1.101970e+14 4.844510e+18 8.717807e+18 3.101255e+18 1.666368e+19
5.991770e-01 1.272230e+14 4.674153e+18 1.131319e+19 2.939769e+18 1.892724e+19
6.303750e-01 1.456840e+14 4.491184e+18 1.315363e+19 2.786416e+18 2.043138e+19
6.631980e-01 1.660730e+14 4.303354e+18 1.433059e+19 2.640584e+18 2.127469e+19
6.977300e-01 1.895980e+14 4.131600e+18 1.501172e+19 2.502106e+18 2.164562e+19
7.340600e-01 2.174700e+14 3.951563e+18 1.532929e+19 2.370425e+18 2.165149e+19
7.722810e-01 2.516770e+14 3.777108e+18 1.538096e+19 2.245297e+18 2.140362e+19
8.124930e-01 2.941200e+14 3.594806e+18 1.523852e+19 2.126502e+18 2.096012e+19
8.547980e-01 3.456180e+14 3.421174e+18 1.495553e+19 2.013534e+18 2.039059e+19
8.993070e-01 4.072280e+14 3.253993e+18 1.457207e+19 1.906288e+18 1.973276e+19
9.461320e-01 4.770060e+14 3.086913e+18 1.411841e+19 1.804312e+18 1.901011e+19
9.953960e-01 5.534310e+14 2.916627e+18 1.361765e+19 1.707423e+18 1.824225e+19
1.047230e+00 6.367590e+14 2.754623e+18 1.308707e+19 1.615458e+18 1.745779e+19
1.101750e+00 7.304860e+14 2.599450e+18 1.254004e+19 1.528031e+18 1.666825e+19
1.159120e+00 8.424200e+14 2.444728e+18 1.198661e+19 1.444961e+18 1.587714e+19
1.219470e+00 9.808660e+14 2.295589e+18 1.143441e+19 1.366148e+18 1.509713e+19
1.282970e+00 1.147410e+15 2.145983e+18 1.088895e+19 1.291202e+18 1.432728e+19
1.349770e+00 1.339630e+15 2.009430e+18 1.035492e+19 1.220023e+18 1.358572e+19
1.420050e+00 1.549290e+15 1.874721e+18 9.834781e+18 1.152421e+18 1.286347e+19
1.493990e+00 1.780790e+15 1.744799e+18 9.330978e+18 1.088308e+18 1.216587e+19
1.571780e+00 2.057810e+15 1.622192e+18 8.844889e+18 1.027348e+18 1.149649e+19
1.653620e+00 2.394800e+15 1.502525e+18 8.377498e+18 9.694649e+17 1.085188e+19
1.739730e+00 2.790020e+15 1.391530e+18 7.929044e+18 9.145025e+17 1.023787e+19
1.830310e+00 3.223970e+15 1.282616e+18 7.500203e+18 8.624249e+17 9.648468e+18
1.925610e+00 3.709710e+15 1.181670e+18 7.090609e+18 8.129066e+17 9.088895e+18
2.025880e+00 4.302740e+15 1.085377e+18 6.700067e+18 7.659023e+17 8.555649e+18
2.131360e+00 5.001310e+15 9.942197e+17 6.328118e+18 7.212974e+17 8.048637e+18
2.242340e+00 5.770670e+15 9.102523e+17 5.974259e+18 6.789667e+17 7.569249e+18
2.359100e+00 6.656310e+15 8.272157e+17 5.637892e+18 6.389197e+17 7.110684e+18
2.481930e+00 7.719000e+15 7.536380e+17 5.318399e+18 6.008327e+17 6.680589e+18
2.611160e+00 8.921700e+15 6.830063e+17 5.015093e+18 5.647057e+17 6.271727e+18
2.747120e+00 1.028150e+16 6.180875e+17 4.727332e+18 5.304439e+17 5.886145e+18
2.890160e+00 1.190160e+16 5.583464e+17 4.454283e+18 4.979566e+17 5.522488e+18
3.040650e+00 1.372800e+16 5.021060e+17 4.195311e+18 4.671564e+17 5.178301e+18
3.198970e+00 1.583260e+16 4.508884e+17 3.949708e+18 4.381393e+17 4.854568e+18
3.365530e+00 1.829060e+16 4.032544e+17 3.716800e+18 4.104972e+17 4.548842e+18
3.540770e+00 2.105990e+16 3.602901e+17 3.495866e+18 3.843084e+17 4.261524e+18
3.725140e+00 2.430940e+16 3.204156e+17 3.286388e+18 3.595025e+17 3.990616e+18
3.919100e+00 2.796020e+16 2.848108e+17 3.087674e+18 3.360132e+17 3.736458e+18
4.123160e+00 3.224750e+16 2.517285e+17 2.899109e+18 3.137742e+17 3.496859e+18
4.337850e+00 3.705870e+16 2.221003e+17 2.720130e+18 2.927234e+17 3.272012e+18
4.563720e+00 4.268840e+16 1.950006e+17 2.550162e+18 2.728020e+17 3.060653e+18
4.801340e+00 4.907640e+16 1.710096e+17 2.388698e+18 2.542986e+17 2.863083e+18
5.051340e+00 5.636510e+16 1.496229e+17 2.235330e+18 2.365162e+17 2.677834e+18
5.314360e+00 6.481240e+16 1.302076e+17 2.089408e+18 2.197054e+17 2.504133e+18
5.591070e+00 7.438140e+16 1.130076e+17 1.950560e+18 2.038171e+17 2.341766e+18
5.882190e+00 8.533240e+16 9.745260e+16 1.818391e+18 1.888034e+17 2.189979e+18
6.188470e+00 9.790630e+16 8.370170e+16 1.692580e+18 1.746185e+17 2.048807e+18
6.510690e+00 1.121930e+17 7.192800e+16 1.572549e+18 1.612187e+17 1.917889e+18
6.849700e+00 1.285090e+17 6.114900e+16 1.458022e+18 1.485608e+17 1.796241e+18
7.206350e+00 1.470760e+17 5.228100e+16 1.348668e+18 1.366046e+17 1.684629e+18
7.581580e+00 1.682150e+17 4.400400e+16 1.244232e+18 1.253100e+17 1.581761e+18
7.976340e+00 1.923000e+17 3.712600e+16 1.144331e+18 1.146396e+17 1.488397e+18
8.391660e+00 2.196070e+17 3.089300e+16 1.048844e+18 1.045566e+17 1.403900e+18
8.828600e+00 2.506150e+17 2.558400e+16 9.576591e+17 9.502658e+16 1.328885e+18
9.288290e+00 2.858210e+17 2.111900e+16 8.705369e+17 8.601689e+16 1.263494e+18
9.771920e+00 3.254470e+17 1.728700e+16 7.873129e+17 7.749776e+16 1.207545e+18
1.028070e+01 3.705510e+17 1.405400e+16 7.079171e+17 7.073965e+16 1.163262e+18
1.081600e+01 4.212110e+17 1.135700e+16 6.323343e+17 6.325517e+16 1.128157e+18
1.137920e+01 4.779870e+17 9.106000e+15 5.605887e+17 5.619557e+16 1.103877e+18
1.197170e+01 5.419240e+17 7.266000e+15 4.927722e+17 4.954714e+16 1.091509e+18
1.259510e+01 6.130350e+17 5.694000e+15 4.290334e+17 4.330018e+16 1.091063e+18
1.325090e+01 6.919250e+17 4.418000e+15 3.695773e+17 3.745542e+16 1.103376e+18
1.394080e+01 7.786820e+17 3.390000e+15 3.146170e+17 3.202111e+16 1.128710e+18
1.466670e+01 8.726400e+17 2.608000e+15 2.644181e+17 2.701068e+16 1.166677e+18
1.543040e+01 9.725330e+17 1.989000e+15 2.191863e+17 2.244877e+16 1.216157e+18
1.623380e+01 1.075720e+18 1.490000e+15 1.790711e+17 1.835839e+16 1.274640e+18
1.707910e+01 1.177800e+18 1.090000e+15 1.441205e+17 1.475761e+16 1.337768e+18
1.796840e+01 1.269590e+18 8.000000e+14 1.142567e+17 1.165785e+16 1.396305e+18
1.890400e+01 1.341760e+18 5.700000e+14 8.925159e+16 9.051021e+15 1.440633e+18
1.988830e+01 1.378960e+18 4.200000e+14 6.874405e+16 6.912863e+15 1.455037e+18
2.092380e+01 1.364510e+18 2.900000e+14 5.226312e+16 5.201310e+15 1.422264e+18
2.201330e+01 1.292610e+18 2.000000e+14 3.927112e+16 3.864172e+15 1.335945e+18
2.315950e+01 1.157140e+18 1.400000e+14 2.920869e+16 2.839716e+15 1.189328e+18
2.436540e+01 9.784470e+17 9.000000e+13 2.152169e+16 2.069064e+15 1.002128e+18
2.563410e+01 7.795630e+17 5.700000e+13 1.571849e+16 1.497834e+15 7.968363e+17
2.696880e+01 5.894880e+17 4.000000e+13 1.136895e+16 1.075553e+15 6.019725e+17
2.837300e+01 4.242110e+17 2.800000e+13 8.127457e+15 7.649327e+14 4.331314e+17
2.985040e+01 2.939090e+17 1.400000e+13 5.719319e+15 5.354624e+14 3.001778e+17
3.140470e+01 1.986260e+17 8.000000e+12 3.946866e+15 3.655807e+14 2.029464e+17
3.303990e+01 1.307580e+17 4.000000e+12 2.655262e+15 2.414756e+14 1.336587e+17
3.476020e+01 8.682240e+16 3.400000e+12 1.735999e+15 1.531151e+14 8.871491e+16
3.657010e+01 5.804710e+16 2.100000e+12 1.107656e+15 9.321545e+13 5.925007e+16
3.847430e+01 3.928810e+16 9.000000e+11 6.772314e+14 5.498276e+13 4.002121e+16
4.047760e+01 2.682060e+16 5.000000e+11 4.078115e+14 3.156348e+13 2.726048e+16
4.258520e+01 1.737250e+16 3.000000e+11 2.384390e+14 1.788830e+13 1.762913e+16
4.480250e+01 1.043700e+16 3.000000e+11 1.388651e+14 1.003036e+13 1.058620e+16
4.713530e+01 5.848480e+15 1.600000e+11 7.191794e+13 5.497085e+12 5.926055e+15
4.958960e+01 3.033100e+15 6.000000e+10 4.231090e+13 2.906515e+12 3.078377e+15
5.217170e+01 1.569340e+15 1.000000e+10 1.992882e+13 1.439246e+12 1.590718e+15
5.488820e+01 8.044640e+14 8.000000e+09 1.128526e+13 6.697152e+11 8.164270e+14
5.774620e+01 4.125460e+14 1.000000e+09 4.879096e+12 3.034370e+11 4.177295e+14
6.075290e+01 2.093970e+14 3.000000e+09 2.575850e+12 1.329775e+11 2.121088e+14
6.391620e+01 9.375270e+13 1.900000e+09 1.062368e+12 5.752942e+10 9.487450e+13
6.724430e+01 3.867990e+13 6.970434e+08 4.427329e+11 2.356240e+10 3.914689e+13
7.074560e+01 1.559580e+13 2.427181e+08 2.041054e+11 8.755365e+09 1.580890e+13
7.442920e+01 6.072230e+12 8.000000e+07 7.890832e+10 3.136338e+09 6.154355e+12
7.830470e+01 2.425260e+12 2.000000e+07 3.067456e+10 1.070877e+09 2.457025e+12
8.238190e+01 8.405750e+11 2.000000e+06 1.089269e+10 3.512336e+08 8.518209e+11
8.667140e+01 2.535010e+11 7.934705e+05 3.864741e+09 1.089882e+08 2.574755e+11
9.118430e+01 8.316340e+10 3.000000e+05 1.313029e+09 2.965341e+07 8.450638e+10
9.593210e+01 2.457580e+10 4.101693e+05 4.123897e+08 8.009731e+06 2.499661e+10
1.009270e+02 6.529380e+09 5.700000e+05 1.182872e+08 2.044253e+06 6.650281e+09
1.061820e+02 1.635010e+09 2.800000e+05 3.154040e+07 4.395187e+05 1.667270e+09
1.117110e+02 3.691130e+08 1.500000e+04 8.125417e+06 9.775390e+04 3.773512e+08
1.175280e+02 8.466550e+07 3.000000e+03 1.846486e+06 1.910885e+04 8.653409e+07
1.236470e+02 1.591670e+07 2.600000e+03 4.015628e+05 3.146110e+03 1.632401e+07
1.300850e+02 2.737010e+06 7.600000e+02 8.044595e+04 5.647551e+02 2.818781e+06
1.368590e+02 4.977050e+05 1.500000e+01 1.068047e+04 7.916406e+01 5.084796e+05
1.439850e+02 6.797240e+04 1.600000e+00 2.164429e+03 1.066379e+01 7.014909e+04
1.514820e+02 9.506160e+03 1.000000e-01 3.067860e+02 1.337896e+00 9.814384e+03
1.593690e+02 1.170500e+03 3.700000e-01 4.566610e+01 1.225690e-01 1.216659e+03
1.676680e+02 1.093960e+02 5.000000e-03 6.036746e+00 1.379612e-02 1.154515e+02
1.763980e+02 1.212150e+01 3.000000e-04 7.032421e-01 1.060954e-03 1.282610e+01
1.855830e+02 9.796810e-01 4.500000e-05 7.149509e-02 6.816664e-05 1.051289e+00
1.952460e+02 5.914890e-02 2.400000e-06 1.769520e-02 5.426901e-06 7.685193e-02
2.054120e+02 4.943420e-03 1.200000e-07 2.779476e-03 2.506717e-07 7.723266e-03
2.161070e+02 2.245810e-04 1.100000e-07 6.799825e-06 1.336643e-08 2.315042e-04
2.273600e+02 1.185950e-05 3.000000e-10 2.930840e-06 6.097892e-10 1.479125e-05
2.391980e+02 5.443080e-07 1.000000e-12 6.008485e-07 2.059544e-11 1.145178e-06
2.516530e+02 1.835460e-08 4.000000e-13 0.000000e+00 5.767214e-13 1.835558e-08
2.647560e+02 5.085880e-10 3.000000e-15 0.000000e+00 1.584258e-14 5.086068e-10
2.785410e+02 1.390490e-11 1.500000e-14 0.000000e+00 3.553412e-16 1.392026e-11
2.930450e+02 3.131800e-13 6.000000e-18 0.000000e+00 5.426977e-18 3.131914e-13
3.083030e+02 4.758840e-15 2.940000e-18 0.000000e+00 7.522429e-20 4.761855e-15
3.243560e+02 6.505360e-17 2.360000e-20 0.000000e+00 9.398301e-22 6.507814e-17
3.412450e+02 8.146570e-19 5.000000e-24 0.000000e+00 7.348011e-24 8.146693e-19
3.590130e+02 6.360360e-21 1.710000e-24 0.000000e+00 5.123161e-26 6.362121e-21
3.777060e+02 4.354650e-23 1.248000e-25 0.000000e+00 2.962276e-28 4.367160e-23
3.973730e+02 2.536920e-25 8.400000e-29 0.000000e+00 1.033563e-30 2.537770e-25
4.180640e+02 8.752600e-28 1.100000e-32 0.000000e+00 3.608277e-33 8.752746e-28
4.398320e+02 3.027070e-30 3.000000e-35 0.000000e+00 7.139080e-36 3.027107e-30
4.627330e+02 6.031950e-33 2.654000e-35 0.000000e+00 1.273940e-38 6.058503e-33
4.868270e+02 1.051300e-35 2.600000e-38 0.000000e+00 1.361793e-41 1.053901e-35
5.121760e+02 1.142810e-38 2.000000e-43 0.000000e+00 1.217476e-44 1.142831e-38
5.388440e+02 9.936480e-42 6.000000e-47 0.000000e+00 6.109942e-48 9.936546e-42
5.669010e+02 5.066560e-45 5.000000e-50 0.000000e+00 2.690951e-51 5.066613e-45
5.964180e+02 2.197470e-48 8.485000e-50 0.000000e+00 5.916542e-55 2.282321e-48
6.274730e+02 4.774620e-52 1.506700e-53 0.000000e+00 1.040959e-58 4.925291e-52
6.601450e+02 8.623530e-56 2.000000e-61 0.000000e+00 1.155501e-62 8.623551e-56
6.945180e+02 9.230120e-60 5.000000e-65 0.000000e+00 6.615643e-67 9.230171e-60
7.306800e+02 5.261710e-64 1.008270e-64 0.000000e+00 2.596419e-71 6.269980e-64
7.687260e+02 2.132790e-68 6.598508e-69 0.000000e+00 6.597864e-76 2.792641e-68
8.087520e+02 5.405070e-73 2.615550e-73 0.000000e+00 9.015661e-81 8.020620e-73
8.508630e+02 7.169460e-78 2.031350e-78 0.000000e+00 6.427544e-86 9.200810e-78
8.951660e+02 5.004560e-83 7.640440e-83 0.000000e+00 2.457878e-91 1.264500e-82
9.417770e+02 1.902530e-88 1.000196e-93 0.000000e+00 5.017342e-97 1.902540e-88
9.908140e+02 3.881740e-94 2.000000e-99 0.000000e+00 5.306402e-103 3.881760e-94
1.042400e+03 4.094890e-100 3.014941e-98 0.000000e+00 2.810706e-109 3.055890e-98
1.096680e+03 2.161230e-106 4.514147e-105 0.000000e+00 7.088701e-116 4.730270e-105
1.153780e+03 5.517010e-113 1.248843e-110 0.000000e+00 7.700282e-123 1.254360e-110
1.213860e+03 6.275200e-120 7.000000e-125 0.000000e+00 3.283940e-130 6.275270e-120
1.277060e+03 2.767910e-127 3.277702e-124 0.000000e+00 6.405293e-138 3.280470e-124
1.343560e+03 5.027510e-135 1.300000e-139 0.000000e+00 5.670054e-146 5.027640e-135
1.413520e+03 4.531680e-143 2.700000e-147 0.000000e+00 1.435833e-154 4.531950e-143
1.487120e+03 1.207950e-151 7.000000e-156 0.000000e+00 1.771960e-163 1.208020e-151
1.564550e+03 1.404780e-160 4.000000e-165 0.000000e+00 5.528858e-173 1.404820e-160
1.646010e+03 4.532170e-170 2.590605e-165 0.000000e+00 6.890861e-183 2.590650e-165
1.731720e+03 6.067530e-180 2.000000e-184 0.000000e+00 2.636957e-193 6.067730e-180
1.821890e+03 2.149840e-190 1.000000e-194 0.000000e+00 2.610681e-204 2.149940e-190
1.916750e+03 2.045350e-201 3.000000e-206 0.000000e+00 6.938386e-216 2.045380e-201
2.016550e+03 5.440600e-213 2.128759e-206 0.000000e+00 4.779005e-228 2.128760e-206
2.121550e+03 3.791780e-225 8.879266e-219 0.000000e+00 7.555588e-241 8.879270e-219
2.232020e+03 6.446570e-238 2.000000e-242 0.000000e+00 2.272254e-254 6.446770e-238
2.348230e+03 2.184600e-251 2.551910e-242 0.000000e+00 1.584169e-268 2.551910e-242
2.470500e+03 1.308600e-265 7.245930e-256 0.000000e+00 1.935872e-283 7.245930e-256
2.599140e+03 1.895890e-280 4.523948e-270 0.000000e+00 4.273244e-299 4.523948e-270
2.734470e+03 3.539150e-296 5.154940e-285 0.000000e+00 0.000000e+00 5.154940e-285
2.876850e+03 0.000000e+00 0.000000e+00 0.000000e+00 0.000000e+00 0.000000e+00
3.026650e+03 0.000000e+00 0.000000e+00 0.000000e+00 0.000000e+00 0.000000e+00
3.184240e+03 0.000000e+00 0.000000e+00 0.000000e+00 0.000000e+00 0.000000e+00
3.350040e+03 0.000000e+00 0.000000e+00 0.000000e+00 0.000000e+00 0.000000e+00
3.524470e+03 0.000000e+00 0.000000e+00 0.000000e+00 0.000000e+00 0.000000e+00
3.707990e+03 0.000000e+00 0.000000e+00 0.000000e+00 0.000000e+00 0.000000e+00
3.901060e+03 0.000000e+00 0.000000e+00 0.000000e+00 0.000000e+00 0.000000e+00
4.104180e+03 0.000000e+00 0.000000e+00 0.000000e+00 0.000000e+00 0.000000e+00
4.317880e+03 0.000000e+00 0.000000e+00 0.000000e+00 0.000000e+00 0.000000e+00
4.542710e+03 0.000000e+00 0.000000e+00 0.000000e+00 0.000000e+00 0.000000e+00
4.779240e+03 0.000000e+00 0.000000e+00 0.000000e+00 0.000000e+00 0.000000e+00
5.028090e+03 0.000000e+00 0.000000e+00 0.000000e+00 0.000000e+00 0.000000e+00
5.289890e+03 0.000000e+00 0.000000e+00 0.000000e+00 0.000000e+00 0.000000e+00
5.565330e+03 0.000000e+00 0.000000e+00 0.000000e+00 0.000000e+00 0.000000e+00
5.855110e+03 0.000000e+00 0.000000e+00 0.000000e+00 0.000000e+00 0.000000e+00
6.159980e+03 0.000000e+00 0.000000e+00 0.000000e+00 0.000000e+00 0.000000e+00
6.480720e+03 0.000000e+00 0.000000e+00 0.000000e+00 0.000000e+00 0.000000e+00
6.818160e+03 0.000000e+00 0.000000e+00 0.000000e+00 0.000000e+00 0.000000e+00
7.173170e+03 0.000000e+00 0.000000e+00 0.000000e+00 0.000000e+00 0.000000e+00
7.546670e+03 0.000000e+00 0.000000e+00 0.000000e+00 0.000000e+00 0.000000e+00
7.939620e+03 0.000000e+00 0.000000e+00 0.000000e+00 0.000000e+00 0.000000e+00
8.353020e+03 0.000000e+00 0.000000e+00 0.000000e+00 0.000000e+00 0.000000e+00
8.787950e+03 0.000000e+00 0.000000e+00 0.000000e+00 0.000000e+00 0.000000e+00
9.245530e+03 0.000000e+00 0.000000e+00 0.000000e+00 0.000000e+00 0.000000e+00
9.726930e+03 0.000000e+00 0.000000e+00 0.000000e+00 0.000000e+00 0.000000e+00
1.023340e+04 0.000000e+00 0.000000e+00 0.000000e+00 0.000000e+00 0.000000e+00
1.076620e+04 0.000000e+00 0.000000e+00 0.000000e+00 0.000000e+00 0.000000e+00
1.132680e+04 0.000000e+00 0.000000e+00 0.000000e+00 0.000000e+00 0.000000e+00
1.191660e+04 0.000000e+00 0.000000e+00 0.000000e+00 0.000000e+00 0.000000e+00
1.253710e+04 0.000000e+00 0.000000e+00 0.000000e+00 0.000000e+00 0.000000e+00
1.318990e+04 0.000000e+00 0.000000e+00 0.000000e+00 0.000000e+00 0.000000e+00
1.387660e+04 0.000000e+00 0.000000e+00 0.000000e+00 0.000000e+00 0.000000e+00
1.459920e+04 0.000000e+00 0.000000e+00 0.000000e+00 0.000000e+00 0.000000e+00
1.535930e+04 0.000000e+00 0.000000e+00 0.000000e+00 0.000000e+00 0.000000e+00
1.615910e+04 0.000000e+00 0.000000e+00 0.000000e+00 0.000000e+00 0.000000e+00
1.700050e+04 0.000000e+00 0.000000e+00 0.000000e+00 0.000000e+00 0.000000e+00
1.788570e+04 0.000000e+00 0.000000e+00 0.000000e+00 0.000000e+00 0.000000e+00
1.881690e+04 0.000000e+00 0.000000e+00 0.000000e+00 0.000000e+00 0.000000e+00
1.979670e+04 0.000000e+00 0.000000e+00 0.000000e+00 0.000000e+00 0.000000e+00
2.082750e+04 0.000000e+00 0.000000e+00 0.000000e+00 0.000000e+00 0.000000e+00
2.191200e+04 0.000000e+00 0.000000e+00 0.000000e+00 0.000000e+00 0.000000e+00
2.305290e+04 0.000000e+00 0.000000e+00 0.000000e+00 0.000000e+00 0.000000e+00
2.425320e+04 0.000000e+00 0.000000e+00 0.000000e+00 0.000000e+00 0.000000e+00
2.551610e+04 0.000000e+00 0.000000e+00 0.000000e+00 0.000000e+00 0.000000e+00
2.684460e+04 0.000000e+00 0.000000e+00 0.000000e+00 0.000000e+00 0.000000e+00
2.824240e+04 0.000000e+00 0.000000e+00 0.000000e+00 0.000000e+00 0.000000e+00
2.971300e+04 0.000000e+00 0.000000e+00 0.000000e+00 0.000000e+00 0.000000e+00
3.126010e+04 0.000000e+00 0.000000e+00 0.000000e+00 0.000000e+00 0.000000e+00
3.288770e+04 0.000000e+00 0.000000e+00 0.000000e+00 0.000000e+00 0.000000e+00
3.460020e+04 0.000000e+00 0.000000e+00 0.000000e+00 0.000000e+00 0.000000e+00
3.640170e+04 0.000000e+00 0.000000e+00 0.000000e+00 0.000000e+00 0.000000e+00
3.829710e+04 0.000000e+00 0.000000e+00 0.000000e+00 0.000000e+00 0.000000e+00
4.029120e+04 0.000000e+00 0.000000e+00 0.000000e+00 0.000000e+00 0.000000e+00
4.238910e+04 0.000000e+00 0.000000e+00 0.000000e+00 0.000000e+00 0.000000e+00
4.459630e+04 0.000000e+00 0.000000e+00 0.000000e+00 0.000000e+00 0.000000e+00
4.691830e+04 0.000000e+00 0.000000e+00 0.000000e+00 0.000000e+00 0.000000e+00
4.936130e+04 0.000000e+00 0.000000e+00 0.000000e+00 0.000000e+00 0.000000e+00
5.193150e+04 0.000000e+00 0.000000e+00 0.000000e+00 0.000000e+00 0.000000e+00
5.463550e+04 0.000000e+00 0.000000e+00 0.000000e+00 0.000000e+00 0.000000e+00
5.748030e+04 0.000000e+00 0.000000e+00 0.000000e+00 0.000000e+00 0.000000e+00
6.047320e+04 0.000000e+00 0.000000e+00 0.000000e+00 0.000000e+00 0.000000e+00
6.362200e+04 0.000000e+00 0.000000e+00 0.000000e+00 0.000000e+00 0.000000e+00
6.693470e+04 0.000000e+00 0.000000e+00 0.000000e+00 0.000000e+00 0.000000e+00
7.041990e+04 0.000000e+00 0.000000e+00 0.000000e+00 0.000000e+00 0.000000e+00
7.408660e+04 0.000000e+00 0.000000e+00 0.000000e+00 0.000000e+00 0.000000e+00
7.794420e+04 0.000000e+00 0.000000e+00 0.000000e+00 0.000000e+00 0.000000e+00
8.200260e+04 0.000000e+00 0.000000e+00 0.000000e+00 0.000000e+00 0.000000e+00
8.627240e+04 0.000000e+00 0.000000e+00 0.000000e+00 0.000000e+00 0.000000e+00
9.076450e+04 0.000000e+00 0.000000e+00 0.000000e+00 0.000000e+00 0.000000e+00
9.549040e+04 0.000000e+00 0.000000e+00 0.000000e+00 0.000000e+00 0.000000e+00
1.004630e+05 0.000000e+00 0.000000e+00 0.000000e+00 0.000000e+00 0.000000e+00
1.056930e+05 0.000000e+00 0.000000e+00 0.000000e+00 0.000000e+00 0.000000e+00
1.111970e+05 0.000000e+00 0.000000e+00 0.000000e+00 0.000000e+00 0.000000e+00
1.169870e+05 0.000000e+00 0.000000e+00 0.000000e+00 0.000000e+00 0.000000e+00
1.230780e+05 0.000000e+00 0.000000e+00 0.000000e+00 0.000000e+00 0.000000e+00
1.294860e+05 0.000000e+00 0.000000e+00 0.000000e+00 0.000000e+00 0.000000e+00
1.362290e+05 0.000000e+00 0.000000e+00 0.000000e+00 0.000000e+00 0.000000e+00
1.433220e+05 0.000000e+00 0.000000e+00 0.000000e+00 0.000000e+00 0.000000e+00
1.507850e+05 0.000000e+00 0.000000e+00 0.000000e+00 0.000000e+00 0.000000e+00
1.586360e+05 0.000000e+00 0.000000e+00 0.000000e+00 0.000000e+00 0.000000e+00
1.668960e+05 0.000000e+00 0.000000e+00 0.000000e+00 0.000000e+00 0.000000e+00
1.755860e+05 0.000000e+00 0.000000e+00 0.000000e+00 0.000000e+00 0.000000e+00
1.847280e+05 0.000000e+00 0.000000e+00 0.000000e+00 0.000000e+00 0.000000e+00
1.943470e+05 0.000000e+00 0.000000e+00 0.000000e+00 0.000000e+00 0.000000e+00
2.044660e+05 0.000000e+00 0.000000e+00 0.000000e+00 0.000000e+00 0.000000e+00
2.151120e+05 0.000000e+00 0.000000e+00 0.000000e+00 0.000000e+00 0.000000e+00
2.263130e+05 0.000000e+00 0.000000e+00 0.000000e+00 0.000000e+00 0.000000e+00
2.380970e+05 0.000000e+00 0.000000e+00 0.000000e+00 0.000000e+00 0.000000e+00
2.504940e+05 0.000000e+00 0.000000e+00 0.000000e+00 0.000000e+00 0.000000e+00
2.635370e+05 0.000000e+00 0.000000e+00 0.000000e+00 0.000000e+00 0.000000e+00
2.772590e+05 0.000000e+00 0.000000e+00 0.000000e+00 0.000000e+00 0.000000e+00
2.916960e+05 0.000000e+00 0.000000e+00 0.000000e+00 0.000000e+00 0.000000e+00
3.068840e+05 0.000000e+00 0.000000e+00 0.000000e+00 0.000000e+00 0.000000e+00
3.228630e+05 0.000000e+00 0.000000e+00 0.000000e+00 0.000000e+00 0.000000e+00
3.396740e+05 0.000000e+00 0.000000e+00 0.000000e+00 0.000000e+00 0.000000e+00
3.573600e+05 0.000000e+00 0.000000e+00 0.000000e+00 0.000000e+00 0.000000e+00
3.759670e+05 0.000000e+00 0.000000e+00 0.000000e+00 0.000000e+00 0.000000e+00
3.955440e+05 0.000000e+00 0.000000e+00 0.000000e+00 0.000000e+00 0.000000e+00
4.161390e+05 0.000000e+00 0.000000e+00 0.000000e+00 0.000000e+00 0.000000e+00
4.378070e+05 0.000000e+00 0.000000e+00 0.000000e+00 0.000000e+00 0.000000e+00
4.606030e+05 0.000000e+00 0.000000e+00 0.000000e+00 0.000000e+00 0.000000e+00
4.845860e+05 0.000000e+00 0.000000e+00 0.000000e+00 0.000000e+00 0.000000e+00
5.098180e+05 0.000000e+00 0.000000e+00 0.000000e+00 0.000000e+00 0.000000e+00
5.363630e+05 0.000000e+00 0.000000e+00 0.000000e+00 0.000000e+00 0.000000e+00
5.642910e+05 0.000000e+00 0.000000e+00 0.000000e+00 0.000000e+00 0.000000e+00
5.936730e+05 0.000000e+00 0.000000e+00 0.000000e+00 0.000000e+00 0.000000e+00
6.245840e+05 0.000000e+00 0.000000e+00 0.000000e+00 0.000000e+00 0.000000e+00
6.571060e+05 0.000000e+00 0.000000e+00 0.000000e+00 0.000000e+00 0.000000e+00
6.913200e+05 0.000000e+00 0.000000e+00 0.000000e+00 0.000000e+00 0.000000e+00
7.273170e+05 0.000000e+00 0.000000e+00 0.000000e+00 0.000000e+00 0.000000e+00
7.651870e+05 0.000000e+00 0.000000e+00 0.000000e+00 0.000000e+00 0.000000e+00
8.050290e+05 0.000000e+00 0.000000e+00 0.000000e+00 0.000000e+00 0.000000e+00
8.469460e+05 0.000000e+00 0.000000e+00 0.000000e+00 0.000000e+00 0.000000e+00
8.910450e+05 0.000000e+00 0.000000e+00 0.000000e+00 0.000000e+00 0.000000e+00
9.374410e+05 0.000000e+00 0.000000e+00 0.000000e+00 0.000000e+00 0.000000e+00
9.862520e+05 0.000000e+00 0.000000e+00 0.000000e+00 0.000000e+00 0.000000e+00
1.037610e+06 0.000000e+00 0.000000e+00 0.000000e+00 0.000000e+00 0.000000e+00
1.091630e+06 0.000000e+00 0.000000e+00 0.000000e+00 0.000000e+00 0.000000e+00
1.148470e+06 0.000000e+00 0.000000e+00 0.000000e+00 0.000000e+00 0.000000e+00
1.208270e+06 0.000000e+00 0.000000e+00 0.000000e+00 0.000000e+00 0.000000e+00
1.271180e+06 0.000000e+00 0.000000e+00 0.000000e+00 0.000000e+00 0.000000e+00
1.337370e+06 0.000000e+00 0.000000e+00 0.000000e+00 0.000000e+00 0.000000e+00
1.407010e+06 0.000000e+00 0.000000e+00 0.000000e+00 0.000000e+00 0.000000e+00
1.480270e+06 0.000000e+00 0.000000e+00 0.000000e+00 0.000000e+00 0.000000e+00
1.557340e+06 0.000000e+00 0.000000e+00 0.000000e+00 0.000000e+00 0.000000e+00
1.638430e+06 0.000000e+00 0.000000e+00 0.000000e+00 0.000000e+00 0.000000e+00
1.723740e+06 0.000000e+00 0.000000e+00 0.000000e+00 0.000000e+00 0.000000e+00
1.813500e+06 0.000000e+00 0.000000e+00 0.000000e+00 0.000000e+00 0.000000e+00
1.907920e+06 0.000000e+00 0.000000e+00 0.000000e+00 0.000000e+00 0.000000e+00
2.007270e+06 0.000000e+00 0.000000e+00 0.000000e+00 0.000000e+00 0.000000e+00
2.111780e+06 0.000000e+00 0.000000e+00 0.000000e+00 0.000000e+00 0.000000e+00
2.221740e+06 0.000000e+00 0.000000e+00 0.000000e+00 0.000000e+00 0.000000e+00
2.337420e+06 0.000000e+00 0.000000e+00 0.000000e+00 0.000000e+00 0.000000e+00
2.459130e+06 0.000000e+00 0.000000e+00 0.000000e+00 0.000000e+00 0.000000e+00
2.587170e+06 0.000000e+00 0.000000e+00 0.000000e+00 0.000000e+00 0.000000e+00
2.721880e+06 0.000000e+00 0.000000e+00 0.000000e+00 0.000000e+00 0.000000e+00
2.863610e+06 0.000000e+00 0.000000e+00 0.000000e+00 0.000000e+00 0.000000e+00
3.012710e+06 0.000000e+00 0.000000e+00 0.000000e+00 0.000000e+00 0.000000e+00
3.169580e+06 0.000000e+00 0.000000e+00 0.000000e+00 0.000000e+00 0.000000e+00
3.334620e+06 0.000000e+00 0.000000e+00 0.000000e+00 0.000000e+00 0.000000e+00
3.508250e+06 0.000000e+00 0.000000e+00 0.000000e+00 0.000000e+00 0.000000e+00
3.690920e+06 0.000000e+00 0.000000e+00 0.000000e+00 0.000000e+00 0.000000e+00
3.883100e+06 0.000000e+00 0.000000e+00 0.000000e+00 0.000000e+00 0.000000e+00
4.085290e+06 0.000000e+00 0.000000e+00 0.000000e+00 0.000000e+00 0.000000e+00
4.298000e+06 0.000000e+00 0.000000e+00 0.000000e+00 0.000000e+00 0.000000e+00
4.521790e+06 0.000000e+00 0.000000e+00 0.000000e+00 0.000000e+00 0.000000e+00
4.757240e+06 0.000000e+00 0.000000e+00 0.000000e+00 0.000000e+00 0.000000e+00
5.004940e+06 0.000000e+00 0.000000e+00 0.000000e+00 0.000000e+00 0.000000e+00
5.265540e+06 0.000000e+00 0.000000e+00 0.000000e+00 0.000000e+00 0.000000e+00
5.539710e+06 0.000000e+00 0.000000e+00 0.000000e+00 0.000000e+00 0.000000e+00
5.828150e+06 0.000000e+00 0.000000e+00 0.000000e+00 0.000000e+00 0.000000e+00
6.131620e+06 0.000000e+00 0.000000e+00 0.000000e+00 0.000000e+00 0.000000e+00
6.450880e+06 0.000000e+00 0.000000e+00 0.000000e+00 0.000000e+00 0.000000e+00
6.786770e+06 0.000000e+00 0.000000e+00 0.000000e+00 0.000000e+00 0.000000e+00
7.140150e+06 0.000000e+00 0.000000e+00 0.000000e+00 0.000000e+00 0.000000e+00
7.511930e+06 0.000000e+00 0.000000e+00 0.000000e+00 0.000000e+00 0.000000e+00
7.903070e+06 0.000000e+00 0.000000e+00 0.000000e+00 0.000000e+00 0.000000e+00
8.314570e+06 0.000000e+00 0.000000e+00 0.000000e+00 0.000000e+00 0.000000e+00
8.747500e+06 0.000000e+00 0.000000e+00 0.000000e+00 0.000000e+00 0.000000e+00
9.202970e+06 0.000000e+00 0.000000e+00 0.000000e+00 0.000000e+00 0.000000e+00
9.682150e+06 0.000000e+00 0.000000e+00 0.000000e+00 0.000000e+00 0.000000e+00
1.018630e+07 0.000000e+00 0.000000e+00 0.000000e+00 0.000000e+00 0.000000e+00
1.071670e+07 0.000000e+00 0.000000e+00 0.000000e+00 0.000000e+00 0.000000e+00
1.127470e+07 0.000000e+00 0.000000e+00 0.000000e+00 0.000000e+00 0.000000e+00
1.186170e+07 0.000000e+00 0.000000e+00 0.000000e+00 0.000000e+00 0.000000e+00
1.247940e+07 0.000000e+00 0.000000e+00 0.000000e+00 0.000000e+00 0.000000e+00
1.312910e+07 0.000000e+00 0.000000e+00 0.000000e+00 0.000000e+00 0.000000e+00
1.381280e+07 0.000000e+00 0.000000e+00 0.000000e+00 0.000000e+00 0.000000e+00
1.453200e+07 0.000000e+00 0.000000e+00 0.000000e+00 0.000000e+00 0.000000e+00
1.528860e+07 0.000000e+00 0.000000e+00 0.000000e+00 0.000000e+00 0.000000e+00
1.608470e+07 0.000000e+00 0.000000e+00 0.000000e+00 0.000000e+00 0.000000e+00
1.692220e+07 0.000000e+00 0.000000e+00 0.000000e+00 0.000000e+00 0.000000e+00
1.780330e+07 0.000000e+00 0.000000e+00 0.000000e+00 0.000000e+00 0.000000e+00
1.873030e+07 0.000000e+00 0.000000e+00 0.000000e+00 0.000000e+00 0.000000e+00
1.970560e+07 0.000000e+00 0.000000e+00 0.000000e+00 0.000000e+00 0.000000e+00
2.073160e+07 0.000000e+00 0.000000e+00 0.000000e+00 0.000000e+00 0.000000e+00
2.181110e+07 0.000000e+00 0.000000e+00 0.000000e+00 0.000000e+00 0.000000e+00
2.294680e+07 0.000000e+00 0.000000e+00 0.000000e+00 0.000000e+00 0.000000e+00
2.414160e+07 0.000000e+00 0.000000e+00 0.000000e+00 0.000000e+00 0.000000e+00
2.539860e+07 0.000000e+00 0.000000e+00 0.000000e+00 0.000000e+00 0.000000e+00
2.672110e+07 0.000000e+00 0.000000e+00 0.000000e+00 0.000000e+00 0.000000e+00
2.811240e+07 0.000000e+00 0.000000e+00 0.000000e+00 0.000000e+00 0.000000e+00
2.957620e+07 0.000000e+00 0.000000e+00 0.000000e+00 0.000000e+00 0.000000e+00
3.111620e+07 0.000000e+00 0.000000e+00 0.000000e+00 0.000000e+00 0.000000e+00
3.273630e+07 0.000000e+00 0.000000e+00 0.000000e+00 0.000000e+00 0.000000e+00
3.444090e+07 0.000000e+00 0.000000e+00 0.000000e+00 0.000000e+00 0.000000e+00
3.623420e+07 0.000000e+00 0.000000e+00 0.000000e+00 0.000000e+00 0.000000e+00
3.812080e+07 0.000000e+00 0.000000e+00 0.000000e+00 0.000000e+00 0.000000e+00
4.010570e+07 0.000000e+00 0.000000e+00 0.000000e+00 0.000000e+00 0.000000e+00
4.219400e+07 0.000000e+00 0.000000e+00 0.000000e+00 0.000000e+00 0.000000e+00
4.439100e+07 0.000000e+00 0.000000e+00 0.000000e+00 0.000000e+00 0.000000e+00
4.670230e+07 0.000000e+00 0.000000e+00 0.000000e+00 0.000000e+00 0.000000e+00
4.913410e+07 0.000000e+00 0.000000e+00 0.000000e+00 0.000000e+00 0.000000e+00
5.169240e+07 0.000000e+00 0.000000e+00 0.000000e+00 0.000000e+00 0.000000e+00
5.438400e+07 0.000000e+00 0.000000e+00 0.000000e+00 0.000000e+00 0.000000e+00
5.721570e+07 0.000000e+00 0.000000e+00 0.000000e+00 0.000000e+00 0.000000e+00
6.019480e+07 0.000000e+00 0.000000e+00 0.000000e+00 0.000000e+00 0.000000e+00
6.332910e+07 0.000000e+00 0.000000e+00 0.000000e+00 0.000000e+00 0.000000e+00
6.662650e+07 0.000000e+00 0.000000e+00 0.000000e+00 0.000000e+00 0.000000e+00
7.009570e+07 0.000000e+00 0.000000e+00 0.000000e+00 0.000000e+00 0.000000e+00
7.374550e+07 0.000000e+00 0.000000e+00 0.000000e+00 0.000000e+00 0.000000e+00
7.758530e+07 0.000000e+00 0.000000e+00 0.000000e+00 0.000000e+00 0.000000e+00
8.162510e+07 0.000000e+00 0.000000e+00 0.000000e+00 0.000000e+00 0.000000e+00
8.587520e+07 0.000000e+00 0.000000e+00 0.000000e+00 0.000000e+00 0.000000e+00
9.034660e+07 0.000000e+00 0.000000e+00 0.000000e+00 0.000000e+00 0.000000e+00
9.505080e+07 0.000000e+00 0.000000e+00 0.000000e+00 0.000000e+00 0.000000e+00
1.000000e+08 0.000000e+00 0.000000e+00 0.000000e+00 0.000000e+00 0.000000e+00
