# # E_gamma (MeV)  Final State Radiation (MeV^-1 s^-1)
5.145440e-01 2.665482e+20
5.413360e-01 2.526214e+20
5.695230e-01 2.394196e+20
5.991770e-01 2.268467e+20
6.303750e-01 2.149336e+20
6.631980e-01 2.035845e+20
6.977300e-01 1.928359e+20
7.340600e-01 1.825940e+20
7.722810e-01 1.728623e+20
8.124930e-01 1.636579e+20
8.547980e-01 1.548786e+20
8.993070e-01 1.465790e+20
9.461320e-01 1.386614e+20
9.953960e-01 1.311403e+20
1.047230e+00 1.240411e+20
1.101750e+00 1.172629e+20
1.159120e+00 1.108245e+20
1.219470e+00 1.047590e+20
1.282970e+00 9.895927e+19
1.349770e+00 9.345364e+19
1.420050e+00 8.822724e+19
1.493990e+00 8.331995e+19
1.571780e+00 7.861690e+19
1.653620e+00 7.415421e+19
1.739730e+00 6.991977e+19
1.830310e+00 6.596037e+19
1.925610e+00 6.215546e+19
2.025880e+00 5.854710e+19
2.131360e+00 5.512625e+19
2.242340e+00 5.188347e+19
2.359100e+00 4.887143e+19
2.481930e+00 4.596353e+19
2.611160e+00 4.320874e+19
2.747120e+00 4.059990e+19
2.890160e+00 3.812980e+19
3.040650e+00 3.579179e+19
3.198970e+00 3.364371e+19
3.365530e+00 3.155386e+19
3.540770e+00 2.957746e+19
3.725140e+00 2.770906e+19
3.919100e+00 2.594352e+19
4.123160e+00 2.427555e+19
4.337850e+00 2.270044e+19
4.563720e+00 2.121361e+19
4.801340e+00 1.987519e+19
5.051340e+00 1.855405e+19
5.314360e+00 1.730854e+19
5.591070e+00 1.613487e+19
5.882190e+00 1.502964e+19
6.188470e+00 1.398927e+19
6.510690e+00 1.301053e+19
6.849700e+00 1.209031e+19
7.206350e+00 1.122560e+19
7.581580e+00 1.041363e+19
7.976340e+00 9.651714e+18
8.391660e+00 8.937131e+18
8.828600e+00 8.267580e+18
9.288290e+00 7.640611e+18
9.771920e+00 7.054070e+18
1.028070e+01 6.559707e+18
1.081600e+01 6.047080e+18
1.137920e+01 5.568535e+18
1.197170e+01 5.122195e+18
1.259510e+01 4.706274e+18
1.325090e+01 4.319064e+18
1.394080e+01 3.958943e+18
1.466670e+01 3.624262e+18
1.543040e+01 3.313734e+18
1.623380e+01 3.025855e+18
1.707910e+01 2.759199e+18
1.796840e+01 2.512529e+18
1.890400e+01 2.284698e+18
1.988830e+01 2.074484e+18
2.092380e+01 1.880798e+18
2.201330e+01 1.702545e+18
2.315950e+01 1.538733e+18
2.436540e+01 1.388447e+18
2.563410e+01 1.250768e+18
2.696880e+01 1.124820e+18
2.837300e+01 1.009789e+18
2.985040e+01 9.048707e+17
3.140470e+01 8.093730e+17
3.303990e+01 7.226178e+17
3.476020e+01 6.438992e+17
3.657010e+01 5.726153e+17
3.847430e+01 5.081616e+17
4.047760e+01 4.500290e+17
4.258520e+01 3.976883e+17
4.480250e+01 3.506619e+17
4.713530e+01 3.084929e+17
4.958960e+01 2.707451e+17
5.217170e+01 2.370441e+17
5.488820e+01 2.070345e+17
5.774620e+01 1.803510e+17
6.075290e+01 1.566995e+17
6.391620e+01 1.357833e+17
6.724430e+01 1.173247e+17
7.074560e+01 1.010849e+17
7.442920e+01 8.683413e+16
7.830470e+01 7.436139e+16
8.238190e+01 6.348651e+16
8.667140e+01 5.402389e+16
9.118430e+01 4.580848e+16
9.593210e+01 3.870058e+16
1.009270e+02 3.259298e+16
1.061820e+02 2.734879e+16
1.117110e+02 2.284846e+16
1.175280e+02 1.900770e+16
1.236470e+02 1.575475e+16
1.300850e+02 1.300529e+16
1.368590e+02 1.068378e+16
1.439850e+02 8.734607e+15
1.514820e+02 7.108191e+15
1.593690e+02 5.756508e+15
1.676680e+02 4.638153e+15
1.763980e+02 3.715017e+15
1.855830e+02 2.958534e+15
1.952460e+02 2.346379e+15
2.054120e+02 1.848377e+15
2.161070e+02 1.445877e+15
2.273600e+02 1.123092e+15
2.391980e+02 8.683294e+14
2.516530e+02 6.660356e+14
2.647560e+02 5.075342e+14
2.785410e+02 3.841091e+14
2.930450e+02 2.885028e+14
3.083030e+02 2.143526e+14
3.243560e+02 1.585377e+14
3.412450e+02 1.161089e+14
3.590130e+02 8.444396e+13
3.777060e+02 6.088390e+13
3.973730e+02 4.341107e+13
4.180640e+02 3.071277e+13
4.398320e+02 2.135542e+13
4.627330e+02 1.476547e+13
4.868270e+02 1.012490e+13
5.121760e+02 6.847211e+12
5.388440e+02 4.555584e+12
5.669010e+02 3.002869e+12
5.964180e+02 1.931339e+12
6.274730e+02 1.214482e+12
6.601450e+02 7.582214e+11
6.945180e+02 4.748131e+11
7.306800e+02 2.894468e+11
7.687260e+02 1.757380e+11
8.087520e+02 1.031479e+11
8.508630e+02 6.144523e+10
8.951660e+02 3.674679e+10
9.417770e+02 2.380239e+10
9.908140e+02 1.704013e+10
1.042400e+03 8.278897e+09
1.096680e+03 5.515370e+09
1.153780e+03 2.152407e+09
1.213860e+03 1.745282e+09
1.277060e+03 5.707230e+08
1.343560e+03 4.492637e+08
1.413520e+03 2.008715e+08
1.487120e+03 9.223488e+07
1.564550e+03 5.560903e+07
1.646010e+03 2.222380e+07
1.731720e+03 1.086879e+07
1.821890e+03 2.703304e+06
1.916750e+03 1.734643e+06
2.016550e+03 7.808516e+05
2.121550e+03 6.372120e+05
2.232020e+03 3.548560e+05
2.348230e+03 8.277407e+04
2.470500e+03 0.000000e+00
