# E_gamma(MeV)   IFA_primary_masked(MeV^-1 s^-1)
5.145440e-01 7.761901e+20
5.413360e-01 1.023984e+21
5.695230e-01 1.264565e+21
5.991770e-01 1.234539e+21
6.303750e-01 1.199824e+21
6.631980e-01 1.161772e+21
6.977300e-01 1.121508e+21
7.340600e-01 1.079890e+21
7.722810e-01 1.037594e+21
8.124930e-01 9.951638e+20
8.547980e-01 9.529947e+20
8.993070e-01 9.114162e+20
9.461320e-01 8.706740e+20
9.953960e-01 8.309551e+20
1.047230e+00 7.923849e+20
1.101750e+00 7.550798e+20
1.159120e+00 7.190944e+20
1.219470e+00 6.844753e+20
1.282970e+00 6.512269e+20
1.349770e+00 6.193599e+20
1.420050e+00 5.888680e+20
1.493990e+00 5.597259e+20
1.571780e+00 5.318933e+20
1.653620e+00 5.053549e+20
1.739730e+00 4.800703e+20
1.830310e+00 4.559878e+20
1.925610e+00 4.330703e+20
2.025880e+00 4.112747e+20
2.131360e+00 3.905572e+20
2.242340e+00 3.708651e+20
2.359100e+00 3.521584e+20
2.481930e+00 3.343925e+20
2.611160e+00 3.175282e+20
2.747120e+00 3.015132e+20
2.890160e+00 2.863132e+20
3.040650e+00 2.718913e+20
3.198970e+00 2.582071e+20
3.365530e+00 2.452215e+20
3.540770e+00 2.329048e+20
3.725140e+00 2.212201e+20
3.919100e+00 2.101330e+20
4.123160e+00 1.996155e+20
4.337850e+00 1.896407e+20
4.563720e+00 1.801782e+20
4.801340e+00 1.712016e+20
5.051340e+00 1.626873e+20
5.314360e+00 1.546079e+20
5.591070e+00 1.469439e+20
5.882190e+00 1.396710e+20
6.188470e+00 1.327711e+20
6.510690e+00 1.262211e+20
6.849700e+00 1.200076e+20
7.206350e+00 1.141082e+20
7.581580e+00 1.085101e+20
7.976340e+00 1.031951e+20
8.391660e+00 9.815069e+19
8.828600e+00 9.336045e+19
9.288290e+00 8.881329e+19
9.771920e+00 8.449626e+19
1.028070e+01 8.039648e+19
1.081600e+01 7.650267e+19
1.137920e+01 7.280413e+19
1.197170e+01 6.929059e+19
1.259510e+01 6.595181e+19
1.325090e+01 6.277945e+19
1.394080e+01 5.976484e+19
1.466670e+01 5.689990e+19
1.543040e+01 5.417689e+19
1.623380e+01 5.158836e+19
1.707910e+01 4.912756e+19
1.796840e+01 4.678783e+19
1.890400e+01 4.456291e+19
1.988830e+01 4.244693e+19
2.092380e+01 4.043435e+19
2.201330e+01 3.851981e+19
2.315950e+01 3.669846e+19
2.436540e+01 3.496543e+19
2.563410e+01 3.331633e+19
2.696880e+01 3.174680e+19
2.837300e+01 3.025282e+19
2.985040e+01 2.883053e+19
3.140470e+01 2.747638e+19
3.303990e+01 2.618689e+19
3.476020e+01 2.495880e+19
3.657010e+01 2.378906e+19
3.847430e+01 2.267471e+19
4.047760e+01 2.161281e+19
4.258520e+01 2.060099e+19
4.480250e+01 1.963663e+19
4.713530e+01 1.871732e+19
4.958960e+01 1.784082e+19
5.217170e+01 1.700509e+19
5.488820e+01 1.620787e+19
5.774620e+01 1.544732e+19
6.075290e+01 1.472160e+19
6.391620e+01 1.402895e+19
6.724430e+01 1.336772e+19
7.074560e+01 1.273631e+19
7.442920e+01 1.213309e+19
7.830470e+01 1.155687e+19
8.238190e+01 1.100611e+19
8.667140e+01 1.047958e+19
9.118430e+01 9.976101e+18
9.593210e+01 9.494285e+18
1.009270e+02 9.033096e+18
1.061820e+02 8.591319e+18
1.117110e+02 8.168107e+18
1.175280e+02 7.762268e+18
1.236470e+02 7.373130e+18
1.300850e+02 6.999475e+18
1.368590e+02 6.640678e+18
1.439850e+02 6.295625e+18
1.514820e+02 5.963629e+18
1.593690e+02 5.643824e+18
1.676680e+02 5.335534e+18
1.763980e+02 5.038071e+18
1.855830e+02 4.750801e+18
1.952460e+02 4.473012e+18
2.054120e+02 4.204174e+18
2.161070e+02 3.943571e+18
2.273600e+02 3.690600e+18
2.391980e+02 3.444764e+18
2.516530e+02 3.205617e+18
2.647560e+02 2.972706e+18
2.785410e+02 2.745708e+18
2.930450e+02 2.524375e+18
3.083030e+02 2.308488e+18
3.243560e+02 2.098050e+18
3.412450e+02 1.893285e+18
3.590130e+02 1.694507e+18
3.777060e+02 1.502483e+18
3.973730e+02 1.318006e+18
4.180640e+02 1.142343e+18
4.398320e+02 9.768936e+17
4.627330e+02 8.232622e+17
4.868270e+02 6.828056e+17
5.121760e+02 5.570297e+17
5.388440e+02 4.467036e+17
5.669010e+02 3.521336e+17
5.964180e+02 2.730043e+17
6.274730e+02 2.084256e+17
6.601450e+02 1.568647e+17
6.945180e+02 1.166166e+17
7.306800e+02 8.579899e+16
7.687260e+02 6.256082e+16
8.087520e+02 4.523842e+16
8.508630e+02 3.240237e+16
8.951660e+02 2.292384e+16
9.417770e+02 1.594090e+16
9.908140e+02 1.083881e+16
1.042400e+03 7.159635e+15
1.096680e+03 4.577517e+15
1.153780e+03 2.821711e+15
1.213860e+03 1.687987e+15
1.277060e+03 9.677915e+14
1.343560e+03 5.445319e+14
1.413520e+03 2.940891e+14
1.487120e+03 1.588494e+14
1.564550e+03 7.884753e+13
1.646010e+03 4.685173e+13
1.731720e+03 2.014173e+13
1.821890e+03 1.127097e+13
1.916750e+03 4.287943e+12
2.016550e+03 1.820300e+12
2.121550e+03 8.990829e+11
2.232020e+03 3.224572e+11
2.348230e+03 1.380122e+11
2.470500e+03 4.846617e+10
2.599140e+03 1.899408e+10
2.734470e+03 7.842978e+09
2.876850e+03 3.637891e+09
3.026650e+03 2.065989e+09
3.184240e+03 1.174517e+09
3.350040e+03 5.540706e+08
3.524470e+03 0.000000e+00
3.707990e+03 0.000000e+00
3.901060e+03 0.000000e+00
4.104180e+03 0.000000e+00
4.317880e+03 0.000000e+00
4.542710e+03 0.000000e+00
4.779240e+03 0.000000e+00
5.028090e+03 0.000000e+00
5.289890e+03 0.000000e+00
5.565330e+03 0.000000e+00
5.855110e+03 0.000000e+00
6.159980e+03 0.000000e+00
6.480720e+03 0.000000e+00
6.818160e+03 0.000000e+00
7.173170e+03 0.000000e+00
7.546670e+03 0.000000e+00
7.939620e+03 0.000000e+00
8.353020e+03 0.000000e+00
8.787950e+03 0.000000e+00
9.245530e+03 0.000000e+00
9.726930e+03 0.000000e+00
1.023340e+04 0.000000e+00
1.076620e+04 0.000000e+00
1.132680e+04 0.000000e+00
1.191660e+04 0.000000e+00
1.253710e+04 0.000000e+00
1.318990e+04 0.000000e+00
1.387660e+04 0.000000e+00
1.459920e+04 0.000000e+00
1.535930e+04 0.000000e+00
1.615910e+04 0.000000e+00
1.700050e+04 0.000000e+00
1.788570e+04 0.000000e+00
1.881690e+04 0.000000e+00
1.979670e+04 0.000000e+00
2.082750e+04 0.000000e+00
2.191200e+04 0.000000e+00
2.305290e+04 0.000000e+00
2.425320e+04 0.000000e+00
2.551610e+04 0.000000e+00
2.684460e+04 0.000000e+00
2.824240e+04 0.000000e+00
2.971300e+04 0.000000e+00
3.126010e+04 0.000000e+00
3.288770e+04 0.000000e+00
3.460020e+04 0.000000e+00
3.640170e+04 0.000000e+00
3.829710e+04 0.000000e+00
4.029120e+04 0.000000e+00
4.238910e+04 0.000000e+00
4.459630e+04 0.000000e+00
4.691830e+04 0.000000e+00
4.936130e+04 0.000000e+00
5.193150e+04 0.000000e+00
5.463550e+04 0.000000e+00
5.748030e+04 0.000000e+00
6.047320e+04 0.000000e+00
6.362200e+04 0.000000e+00
6.693470e+04 0.000000e+00
7.041990e+04 0.000000e+00
7.408660e+04 0.000000e+00
7.794420e+04 0.000000e+00
8.200260e+04 0.000000e+00
