0.007487
0.008481333
0.016530667
0.023356667
0.037086667
0.043943333
0.05883
0.07395
0.088156667
0.09397
0.12083
0.14212
0.174833333
0.189966667
0.2167
0.209233333
0.2295
0.225766667
0.269133333
0.2789
0.305466667
0.316233333
0.302833333
0.325166667
0.328233333
0.406766667
0.449233333
0.4854
0.491066667
0.524566667
0.543066667
0.544633333
0.518066667
0.514133333
0.509633333
0.475133333
0.446633333
0.436566667
0.4821
0.555333333
0.576033333
0.591733333
0.5888
0.554433333
0.5453
0.504866667
0.5573
0.5513
0.557166667
0.5658
0.578233333
0.613033333
0.6057
0.6323
0.652766667
0.664633333
0.591666667
0.511566667
0.472433333
0.5577
0.583266667
0.5793
0.555266667
0.622133333
0.658966667
0.722833333
0.736333333
0.757333333
0.730466667
0.761333333
0.767233333
0.7128
0.667
0.656566667
0.642166667
0.628
0.648666667
0.778966667
0.798133333
0.783333333
0.751666667
0.705566667
0.630266667
0.515666667
0.5592
0.595633333
0.639966667
0.616666667
0.6564
0.728433333
0.816066667
0.8464
0.695733333
0.584
0.621133333
0.753866667
0.6767
0.706633333
0.811066667
1.0761
1.137666667
1.181666667
1.192
1.186333333
1.159333333
1.146666667
1.134
1.136
1.171333333
1.160666667
1.165333333
1.171666667
1.22
1.243
1.238333333
1.251
1.248666667
1.237666667
1.225
1.220666667
1.242666667
1.238333333
1.226666667
1.219
1.231666667
1.242333333
1.222666667
1.193333333
1.154666667
1.077533333
1.008033333
1.0517
1.143833333
1.209
1.199
1.237
1.298333333
1.302333333
1.27
1.257333333
1.3
1.361
1.396
1.426
1.413333333
1.391333333
1.395333333
1.417666667
1.463666667
1.486666667
1.520333333
1.533333333
1.502666667
1.474
1.467333333
1.502666667
1.526
1.529
1.517333333
1.498666667
1.508666667
1.525333333
1.536666667
1.527666667
1.508333333
1.497
1.486
1.487333333
1.487
1.479333333
1.465333333
1.474333333
1.493
1.513333333
1.512666667
1.503666667
1.495333333
1.496
1.508
1.519333333
1.526
1.538333333
1.543
1.528
1.486666667
1.391666667
1.327333333
1.329
1.393
1.461666667
1.479333333
1.467666667
1.446666667
1.439333333
1.463333333
1.475
1.489666667
1.477
1.467666667
1.436666667
1.421
1.392666667
1.397333333
1.396666667
1.420333333
1.440333333
1.449333333
1.425333333
1.399
1.394333333
1.417333333
1.432666667
1.425
1.401333333
1.368
1.359333333
1.303666667
1.273333333
1.264666667
1.322333333
1.363666667
1.385
1.382333333
1.391666667
1.406333333
1.408
1.367
1.345
1.369
1.412333333
1.438
1.422333333
1.4
1.383333333
1.393
1.420333333
1.415333333
1.408666667
1.393666667
1.378666667
1.358333333
1.356333333
1.369333333
1.387
1.389
1.396666667
1.396666667
1.392666667
1.388666667
1.390666667
1.392333333
1.396
1.385333333
1.391333333
1.395
1.400666667
1.381
1.357333333
1.331666667
1.326333333
1.33
1.339333333
1.355
1.352666667
1.349333333
1.327333333
1.325666667
1.323666667
1.316666667
1.302333333
1.290333333
1.3
1.313666667
1.327666667
1.323333333
1.31
1.302666667
1.296666667
1.296
1.298
1.308
1.324333333
1.334
1.345666667
1.338
1.320333333
1.307666667
1.293666667
1.237666667
1.190333333
1.18
1.215666667
1.242
1.241666667
1.235666667
1.24
1.242666667
1.256
1.252333333
1.254666667
1.254666667
1.250666667
1.251666667
1.262333333
1.273666667
1.276666667
1.277
1.275
1.275
1.267
1.266
1.263
1.258
1.244666667
1.241666667
1.230333333
1.224
1.224333333
1.234
1.247
1.244666667
1.239666667
1.223666667
1.201666667
1.188333333
1.189666667
1.201666667
1.192666667
1.190333333
1.175333333
1.187333333
1.180666667
1.194
1.195666667
1.209
1.204333333
1.21
1.213666667
1.218666667
1.213666667
1.204333333
1.197666667
1.2
1.201666667
1.205333333
1.193333333
1.177
1.159666667
1.146
1.141333333
1.154333333
1.155
1.166
1.156
1.149666667
1.087633333
1.0383
1.045633333
1.097
1.14
1.142333333
1.142
1.135333333
1.135
1.136666667
1.146333333
1.149333333
1.151666667
1.158333333
1.163333333
1.167333333
1.162
1.164
1.164666667
1.165333333
1.162666667
1.157666667
1.156666667
1.147333333
1.145
1.139333333
1.139333333
1.135666667
1.132666667
1.133333333
1.132333333
1.041933333
0.9801
0.921133333
0.963366667
0.983866667
1.008833333
1.015
1.004166667
1.002166667
1.009166667
1.046666667
1.064666667
1.072
1.051333333
1.032333333
1.027
1.027
1.043333333
1.056
1.068666667
1.069
1.071
1.073666667
1.075666667
1.076666667
1.075666667
1.071333333
1.068666667
1.053666667
1.042333333
0.977033333
0.897266667
0.7969
0.760166667
0.782166667
0.870833333
0.922633333
0.909766667
0.844566667
0.819
0.832133333
0.832433333
0.831566667
0.841066667
0.8566
0.881966667
0.912133333
0.964533333
0.9868
0.987933333
0.981633333
0.989
0.990133333
0.999433333
0.999766667
1.007666667
1.015
1.024666667
1.033666667
1.035666667
1.038666667
1.041
1.037333333
1.033
1.025666667
1.023666667
1.023333333
1.027333333
1.028
1.027
1.025666667
1.022
1.0133
0.7673
0.491133333
0.3656
0.398233333
0.507133333
0.507333333
0.614866667
0.725166667
0.828633333
0.906866667
0.948033333
0.9603
0.969166667
0.972733333
0.973466667
0.971433333
0.9711
0.968133333
0.965733333
0.9597
0.956166667
0.9549
0.9553
0.9519
0.949633333
0.942866667
0.944933333
0.9391
0.931466667
0.9197
0.905433333
0.899033333
0.8916
0.888166667
0.888
0.8943
0.8943
0.8878
0.886933333
0.895033333
0.897033333
0.887833333
0.880066667
0.875666667
0.8729
0.870633333
0.879633333
0.8843
0.889766667
0.880366667
0.8709
0.8613
0.848333333
0.8327
0.780266667
0.736066667
0.680633333
0.666766667
0.6454
0.6707
0.675633333
0.731366667
0.749366667
0.692566667
0.6735
0.677233333
0.759533333
0.777433333
0.736433333
0.734933333
0.7136
0.738066667
0.7258
0.736666667
0.736
0.7716
0.7746
0.802933333
0.794166667
0.804966667
0.8072
0.814633333
0.8177
0.815166667
0.812666667
0.818666667
0.822966667
0.826733333
0.818666667
0.804066667
0.783433333
0.7793
0.781033333
0.7842
0.7378
0.715266667
0.724366667
0.7747
0.800833333
0.805133333
0.8039
0.803233333
0.806533333
0.8156
0.8123
0.802433333
0.759833333
0.741366667
0.7468
0.773033333
0.7965
0.794666667
0.797466667
0.7923
0.787666667
0.778666667
0.7728
0.772733333
0.780666667
0.781966667
0.775133333
0.7615
0.7573
0.7594
0.7645
0.766133333
0.754333333
0.746633333
0.740066667
0.7498
0.7536
0.754033333
0.743066667
0.7265
0.7001
0.666733333
0.6269
0.5666
0.538866667
0.479966667
0.504866667
0.464366667
0.500033333
0.483966667
0.564566667
0.6069
0.6333
0.5694
0.517133333
0.494166667
0.4888
0.492566667
0.489366667
0.4914
0.479466667
0.473433333
0.4584
0.487333333
0.4629
0.5098
0.5161
0.5721
0.560366667
0.563933333
0.544066667
0.544133333
0.528633333
0.550166667
0.514666667
0.4634
0.3585
0.309766667
0.246666667
0.2004
0.133716667
0.123016667
0.104206667
0.110713333
0.097413333
0.154923333
0.232333333
0.2726
0.2774
0.228133333
0.2137
0.202633333
0.182533333
0.199533333
0.177266667
0.2502
0.195003333
0.246036667
0.188236667
0.236466667
0.219966667
0.239
0.2403
0.201
0.238766667
0.247666667
0.2876
0.285866667
0.304266667
0.330633333
0.331766667
0.349566667
0.347266667
0.3544
0.4024
0.459266667
0.500466667
0.5185
0.5212
0.5125
0.468933333
0.440733333
0.430233333
0.449833333
0.452833333
0.4747
0.462433333
0.4958
0.511466667
0.529866667
0.537333333
0.536633333
0.5656
0.564933333
0.5818
0.5821
0.580633333
0.5865
0.588466667
0.591233333
0.592666667
0.592733333
0.597166667
0.596333333
0.594666667
0.593433333
0.590066667
0.5904
0.584866667
0.584066667
0.575466667
0.566966667
0.562333333
0.5669
0.576633333
0.578266667
0.574733333
0.575133333
0.574833333
0.577033333
0.575333333
0.5742
0.570666667
0.5689
0.567933333
0.563333333
0.561733333
0.5605
0.562166667
0.5623
0.559633333
0.561633333
0.5608
0.5625
0.560733333
0.557666667
0.556533333
0.554966667
0.555233333
0.5512
0.548066667
0.545966667
0.547566667
0.5461
0.544866667
0.542633333
0.5427
0.542633333
0.541466667
0.540433333
0.539333333
0.537
0.5333
0.530566667
0.531266667
0.533166667
0.532633333
0.531
0.529366667
0.5272
0.5256
0.5249
0.525
0.524133333
0.5189
0.5144
0.5102
0.510033333
0.510533333
0.509533333
0.510833333
0.509866667
0.5074
0.504833333
0.499866667
0.492766667
0.488566667
0.4913
0.4968
0.495166667
0.4949
0.487466667
0.491433333
0.487233333
0.4893
0.4866
0.483066667
0.477966667
0.4717
0.470666667
0.4698
0.4721
0.457766667
0.4546
0.452166667
0.459933333
0.457333333
0.456233333
0.461166667
0.442966667
0.4288
0.4073
0.406266667
0.4167
0.407466667
0.410933333
0.379533333
0.38015