# # E_gamma (MeV)  Final State Radiation (MeV^-1 s^-1)
5.145440e-01 2.735360e+17
5.413360e-01 2.565512e+17
5.695230e-01 2.406020e+17
5.991770e-01 2.253206e+17
6.303750e-01 2.110120e+17
6.631980e-01 1.972757e+17
6.977300e-01 1.844555e+17
7.340600e-01 1.721227e+17
7.722810e-01 1.604134e+17
8.124930e-01 1.495959e+17
8.547980e-01 1.391021e+17
8.993070e-01 1.294544e+17
9.461320e-01 1.200667e+17
9.953960e-01 1.111595e+17
1.047230e+00 1.030980e+17
1.101750e+00 9.515298e+16
1.159120e+00 8.761565e+16
1.219470e+00 8.093840e+16
1.282970e+00 7.423808e+16
1.349770e+00 6.788614e+16
1.420050e+00 6.186029e+16
1.493990e+00 5.679211e+16
1.571780e+00 5.146746e+16
1.653620e+00 4.642132e+16
1.739730e+00 4.163770e+16
1.830310e+00 3.793046e+16
1.925610e+00 3.374694e+16
2.025880e+00 2.979704e+16
2.131360e+00 2.607624e+16
2.242340e+00 2.258360e+16
2.359100e+00 2.032969e+16
2.481930e+00 1.737176e+16
2.611160e+00 1.464714e+16
2.747120e+00 1.216824e+16
2.890160e+00 9.948908e+15
3.040650e+00 7.998764e+15
3.198970e+00 7.084823e+15
3.365530e+00 5.598338e+15
3.540770e+00 4.352850e+15
3.725140e+00 3.334171e+15
3.919100e+00 2.519090e+15
4.123160e+00 1.881431e+15
4.337850e+00 1.391868e+15
4.563720e+00 1.020876e+15
4.801340e+00 8.891287e+14
5.051340e+00 6.476713e+14
5.314360e+00 4.667909e+14
5.591070e+00 3.314389e+14
5.882190e+00 2.303705e+14
6.188470e+00 1.550985e+14
6.510690e+00 1.005403e+14
6.849700e+00 6.262967e+13
7.206350e+00 3.759277e+13
7.581580e+00 2.201610e+13
7.976340e+00 1.264532e+13
8.391660e+00 7.167847e+12
8.828600e+00 4.021513e+12
9.288290e+00 2.166815e+12
9.771920e+00 1.105126e+12
1.028070e+01 9.082098e+11
1.081600e+01 4.359909e+11
1.137920e+01 1.988888e+11
1.197170e+01 8.951060e+10
1.259510e+01 3.919808e+10
1.325090e+01 1.637462e+10
1.394080e+01 6.440525e+09
1.466670e+01 2.309259e+09
1.543040e+01 8.063006e+08
1.623380e+01 2.761039e+08
1.707910e+01 8.541097e+07
1.796840e+01 2.485243e+07
1.890400e+01 6.701302e+06
1.988830e+01 1.700954e+06
2.092380e+01 4.191641e+05
2.201330e+01 8.743327e+04
2.315950e+01 1.811303e+04
2.436540e+01 3.398393e+03
2.563410e+01 5.310420e+02
2.696880e+01 8.890456e+01
2.837300e+01 1.170554e+01
2.985040e+01 1.330524e+00
3.140470e+01 1.717908e-01
3.303990e+01 1.572766e-02
3.476020e+01 1.380540e-03
3.657010e+01 1.143511e-04
3.847430e+01 6.180476e-06
4.047760e+01 4.516049e-07
4.258520e+01 2.020902e-08
4.480250e+01 9.921772e-10
4.713530e+01 3.685816e-11
4.958960e+01 1.069611e-12
5.217170e+01 2.974983e-14
5.488820e+01 7.369346e-16
5.774620e+01 1.250213e-17
6.075290e+01 1.733307e-19
6.391620e+01 2.350052e-21
6.724430e+01 2.114572e-23
7.074560e+01 1.458492e-25
7.442920e+01 9.636462e-28
7.830470e+01 3.713686e-30
8.238190e+01 1.321835e-32
8.667140e+01 3.199627e-35
9.118430e+01 5.560224e-38
9.593210e+01 7.547975e-41
1.009270e+02 6.538315e-44
1.061820e+02 4.225716e-47
1.117110e+02 1.875313e-50
1.175280e+02 4.871175e-54
1.236470e+02 1.053126e-57
1.300850e+02 1.152129e-61
1.368590e+02 8.216311e-66
1.439850e+02 4.196738e-70
1.514820e+02 1.161444e-74
1.593690e+02 1.685276e-79
1.676680e+02 1.397936e-84
1.763980e+02 6.618027e-90
1.855830e+02 1.683841e-95
1.952460e+02 2.177426e-101
2.054120e+02 1.379702e-107
2.161070e+02 4.228017e-114
2.273600e+02 6.256256e-121
2.391980e+02 4.114743e-128
2.516530e+02 9.743678e-136
2.647560e+02 9.456079e-144
2.785410e+02 4.288230e-152
2.930450e+02 5.300283e-161
3.083030e+02 3.044179e-170
3.243560e+02 4.678818e-180
3.412450e+02 2.183706e-190
3.590130e+02 3.343139e-201
3.777060e+02 1.385554e-212
3.973730e+02 1.395685e-224
4.180640e+02 3.215729e-237
4.398320e+02 1.767227e-250
4.627330e+02 2.156423e-264
4.868270e+02 3.763249e-279
5.121760e+02 1.500122e-294
5.388440e+02 0.000000e+00
