# E_gamma(MeV)   IFA_primary_masked(MeV^-1 s^-1)
5.145440e-01 1.025805e+16
5.413360e-01 6.081611e+16
5.695230e-01 1.681100e+17
5.991770e-01 3.250123e+17
6.303750e-01 5.183679e+17
6.631980e-01 7.270303e+17
6.977300e-01 9.100762e+17
7.340600e-01 1.043751e+18
7.722810e-01 1.129320e+18
8.124930e-01 1.175142e+18
8.547980e-01 1.189911e+18
8.993070e-01 1.181082e+18
9.461320e-01 1.154667e+18
9.953960e-01 1.115415e+18
1.047230e+00 1.067083e+18
1.101750e+00 1.012568e+18
1.159120e+00 9.540787e+17
1.219470e+00 8.933429e+17
1.282970e+00 8.316669e+17
1.349770e+00 7.700302e+17
1.420050e+00 7.092028e+17
1.493990e+00 6.498557e+17
1.571780e+00 5.922366e+17
1.653620e+00 5.367683e+17
1.739730e+00 4.837038e+17
1.830310e+00 4.332125e+17
1.925610e+00 3.853529e+17
2.025880e+00 3.404230e+17
2.131360e+00 2.984089e+17
2.242340e+00 2.593799e+17
2.359100e+00 2.234005e+17
2.481930e+00 1.905017e+17
2.611160e+00 1.607098e+17
2.747120e+00 1.340223e+17
2.890160e+00 1.104209e+17
3.040650e+00 8.982646e+16
3.198970e+00 7.213818e+16
3.365530e+00 5.718144e+16
3.540770e+00 4.475267e+16
3.725140e+00 3.459373e+16
3.919100e+00 2.644177e+16
4.123160e+00 1.999248e+16
4.337850e+00 1.497189e+16
4.563720e+00 1.111473e+16
4.801340e+00 8.179129e+15
5.051340e+00 5.961363e+15
5.314360e+00 4.297995e+15
5.591070e+00 3.053731e+15
5.882190e+00 2.130780e+15
6.188470e+00 1.453863e+15
6.510690e+00 9.684936e+14
6.849700e+00 6.241007e+14
7.206350e+00 3.934233e+14
7.581580e+00 2.387369e+14
7.976340e+00 1.429047e+14
8.391660e+00 8.171062e+13
8.828600e+00 4.823621e+13
9.288290e+00 2.511629e+13
9.771920e+00 1.504200e+13
1.028070e+01 7.781861e+12
1.081600e+01 3.966429e+12
1.137920e+01 1.908293e+12
1.197170e+01 8.979200e+11
1.259510e+01 3.808757e+11
1.325090e+01 1.815807e+11
1.394080e+01 7.700472e+10
1.466670e+01 3.041184e+10
1.543040e+01 1.125758e+10
1.623380e+01 4.092476e+09
1.707910e+01 1.415842e+09
1.796840e+01 4.797231e+08
1.890400e+01 1.490934e+08
1.988830e+01 4.315758e+07
2.092380e+01 1.170783e+07
2.201330e+01 2.956358e+06
2.315950e+01 7.117361e+05
2.436540e+01 1.544349e+05
2.563410e+01 3.194865e+04
2.696880e+01 5.970963e+03
2.837300e+01 8.713921e+02
2.985040e+01 1.542658e+02
3.140470e+01 2.190829e+01
3.303990e+01 3.538323e+00
3.476020e+01 5.658422e-01
3.657010e+01 1.968734e-01
3.847430e+01 4.937634e-02
4.047760e+01 1.589088e-02
4.258520e+01 0.000000e+00
4.480250e+01 0.000000e+00
4.713530e+01 0.000000e+00
4.958960e+01 0.000000e+00
5.217170e+01 0.000000e+00
5.488820e+01 0.000000e+00
5.774620e+01 0.000000e+00
6.075290e+01 0.000000e+00
6.391620e+01 0.000000e+00
6.724430e+01 0.000000e+00
7.074560e+01 0.000000e+00
7.442920e+01 0.000000e+00
7.830470e+01 0.000000e+00
8.238190e+01 0.000000e+00
8.667140e+01 0.000000e+00
9.118430e+01 0.000000e+00
9.593210e+01 0.000000e+00
1.009270e+02 0.000000e+00
1.061820e+02 0.000000e+00
1.117110e+02 0.000000e+00
1.175280e+02 0.000000e+00
1.236470e+02 0.000000e+00
1.300850e+02 0.000000e+00
1.368590e+02 0.000000e+00
1.439850e+02 0.000000e+00
1.514820e+02 0.000000e+00
1.593690e+02 0.000000e+00
1.676680e+02 0.000000e+00
1.763980e+02 0.000000e+00
1.855830e+02 0.000000e+00
1.952460e+02 0.000000e+00
2.054120e+02 0.000000e+00
2.161070e+02 0.000000e+00
2.273600e+02 0.000000e+00
2.391980e+02 0.000000e+00
2.516530e+02 0.000000e+00
2.647560e+02 0.000000e+00
2.785410e+02 0.000000e+00
2.930450e+02 0.000000e+00
3.083030e+02 0.000000e+00
3.243560e+02 0.000000e+00
3.412450e+02 0.000000e+00
3.590130e+02 0.000000e+00
3.777060e+02 0.000000e+00
3.973730e+02 0.000000e+00
4.180640e+02 0.000000e+00
4.398320e+02 0.000000e+00
4.627330e+02 0.000000e+00
4.868270e+02 0.000000e+00
5.121760e+02 0.000000e+00
5.388440e+02 0.000000e+00
