# E_gamma(MeV)   IFA_primary_masked(MeV^-1 s^-1)
5.145440e-01 1.494029e+17
5.413360e-01 4.330197e+17
5.695230e-01 8.408776e+17
5.991770e-01 1.337462e+18
6.303750e-01 1.875395e+18
6.631980e-01 2.336413e+18
6.977300e-01 2.663842e+18
7.340600e-01 2.872785e+18
7.722810e-01 2.988876e+18
8.124930e-01 3.034580e+18
8.547980e-01 3.027686e+18
8.993070e-01 2.981913e+18
9.461320e-01 2.907782e+18
9.953960e-01 2.813370e+18
1.047230e+00 2.704866e+18
1.101750e+00 2.587020e+18
1.159120e+00 2.463464e+18
1.219470e+00 2.336975e+18
1.282970e+00 2.209652e+18
1.349770e+00 2.083096e+18
1.420050e+00 1.958493e+18
1.493990e+00 1.836721e+18
1.571780e+00 1.718410e+18
1.653620e+00 1.604004e+18
1.739730e+00 1.493793e+18
1.830310e+00 1.387955e+18
1.925610e+00 1.286579e+18
2.025880e+00 1.189689e+18
2.131360e+00 1.097253e+18
2.242340e+00 1.009208e+18
2.359100e+00 9.254659e+17
2.481930e+00 8.459208e+17
2.611160e+00 7.704095e+17
2.747120e+00 6.989145e+17
2.890160e+00 6.312883e+17
3.040650e+00 5.674238e+17
3.198970e+00 5.072396e+17
3.365530e+00 4.507225e+17
3.540770e+00 3.977303e+17
3.725140e+00 3.482727e+17
3.919100e+00 3.023967e+17
4.123160e+00 2.600976e+17
4.337850e+00 2.214097e+17
4.563720e+00 1.863636e+17
4.801340e+00 1.549985e+17
5.051340e+00 1.272552e+17
5.314360e+00 1.030952e+17
5.591070e+00 8.239233e+16
5.882190e+00 6.496478e+16
6.188470e+00 5.054721e+16
6.510690e+00 3.883725e+16
6.849700e+00 2.949689e+16
7.206350e+00 2.217626e+16
7.581580e+00 1.650980e+16
7.976340e+00 1.218230e+16
8.391660e+00 8.909029e+15
8.828600e+00 6.449029e+15
9.288290e+00 4.602354e+15
9.771920e+00 3.235238e+15
1.028070e+01 2.228121e+15
1.081600e+01 1.482121e+15
1.137920e+01 9.633479e+14
1.197170e+01 6.104290e+14
1.259510e+01 3.692435e+14
1.325090e+01 2.172765e+14
1.394080e+01 1.368879e+14
1.466670e+01 7.969660e+13
1.543040e+01 4.071469e+13
1.623380e+01 2.422029e+13
1.707910e+01 1.207884e+13
1.796840e+01 6.603730e+12
1.890400e+01 3.045971e+12
1.988830e+01 1.557891e+12
2.092380e+01 6.478641e+11
2.201330e+01 2.964006e+11
2.315950e+01 1.297325e+11
2.436540e+01 5.210651e+10
2.563410e+01 1.960372e+10
2.696880e+01 7.089991e+09
2.837300e+01 2.434224e+09
2.985040e+01 8.340202e+08
3.140470e+01 2.622726e+08
3.303990e+01 7.723733e+07
3.476020e+01 2.119988e+07
3.657010e+01 5.411459e+06
3.847430e+01 1.325331e+06
4.047760e+01 2.845714e+05
4.258520e+01 6.040214e+04
4.480250e+01 1.049021e+04
4.713530e+01 1.630201e+03
4.958960e+01 2.640328e+02
5.217170e+01 4.294851e+01
5.488820e+01 5.761603e+00
5.774620e+01 1.293641e+00
6.075290e+01 1.984213e-01
6.391620e+01 8.049626e-02
6.724430e+01 1.833786e-02
7.074560e+01 0.000000e+00
7.442920e+01 0.000000e+00
7.830470e+01 0.000000e+00
8.238190e+01 0.000000e+00
8.667140e+01 0.000000e+00
9.118430e+01 0.000000e+00
9.593210e+01 0.000000e+00
1.009270e+02 0.000000e+00
1.061820e+02 0.000000e+00
1.117110e+02 0.000000e+00
1.175280e+02 0.000000e+00
1.236470e+02 0.000000e+00
1.300850e+02 0.000000e+00
1.368590e+02 0.000000e+00
1.439850e+02 0.000000e+00
1.514820e+02 0.000000e+00
1.593690e+02 0.000000e+00
1.676680e+02 0.000000e+00
1.763980e+02 0.000000e+00
1.855830e+02 0.000000e+00
1.952460e+02 0.000000e+00
2.054120e+02 0.000000e+00
2.161070e+02 0.000000e+00
2.273600e+02 0.000000e+00
2.391980e+02 0.000000e+00
2.516530e+02 0.000000e+00
2.647560e+02 0.000000e+00
2.785410e+02 0.000000e+00
2.930450e+02 0.000000e+00
3.083030e+02 0.000000e+00
3.243560e+02 0.000000e+00
3.412450e+02 0.000000e+00
3.590130e+02 0.000000e+00
3.777060e+02 0.000000e+00
3.973730e+02 0.000000e+00
4.180640e+02 0.000000e+00
4.398320e+02 0.000000e+00
4.627330e+02 0.000000e+00
4.868270e+02 0.000000e+00
5.121760e+02 0.000000e+00
5.388440e+02 0.000000e+00
5.669010e+02 0.000000e+00
5.964180e+02 0.000000e+00
6.274730e+02 0.000000e+00
6.601450e+02 0.000000e+00
6.945180e+02 0.000000e+00
7.306800e+02 0.000000e+00
7.687260e+02 0.000000e+00
8.087520e+02 0.000000e+00
8.508630e+02 0.000000e+00
8.951660e+02 0.000000e+00
