      E_gamma(MeV)          Gamma Rays            Positrons
    5.1454400000e-01     4.8903987000e+17     2.9336600000e+17
    5.4133600000e-01     4.5609807000e+17     2.6706300000e+17
    5.6952300000e-01     4.2273585000e+17     2.4058500000e+17
    5.9917700000e-01     3.9258324000e+17     2.1796200000e+17
    6.3037500000e-01     3.6252267000e+17     1.9672900000e+17
    6.6319800000e-01     3.3463860000e+17     1.7632500000e+17
    6.9773000000e-01     3.0834211000e+17     1.5822500000e+17
    7.3406000000e-01     2.8270788000e+17     1.4110600000e+17
    7.7228100000e-01     2.5949706000e+17     1.2645300000e+17
    8.1249300000e-01     2.3628129000e+17     1.1175500000e+17
    8.5479800000e-01     2.1553029000e+17     9.9075000000e+16
    8.9930700000e-01     1.9608750000e+17     8.7756000000e+16
    9.4613200000e-01     1.7718530000e+17     7.7253000000e+16
    9.9539600000e-01     1.6032480000e+17     6.7779000000e+16
    1.0472300000e+00     1.4421310000e+17     5.9260000000e+16
    1.1017500000e+00     1.2987770000e+17     5.1760000000e+16
    1.1591200000e+00     1.1608410000e+17     4.4970000000e+16
    1.2194700000e+00     1.0399760000e+17     3.8760000000e+16
    1.2829700000e+00     9.2507100000e+16     3.3660000000e+16
    1.3497700000e+00     8.2358000000e+16     2.8710000000e+16
    1.4200500000e+00     7.3071400000e+16     2.4700000000e+16
    1.4939900000e+00     6.4379900000e+16     2.1090000000e+16
    1.5717800000e+00     5.6837700000e+16     1.7670000000e+16
    1.6536200000e+00     4.9744600000e+16     1.5070000000e+16
    1.7397300000e+00     4.3707100000e+16     1.2660000000e+16
    1.8303100000e+00     3.7861000000e+16     1.0570000000e+16
    1.9256100000e+00     3.3005700000e+16     8.7600000000e+15
    2.0258800000e+00     2.8474700000e+16     7.2900000000e+15
    2.1313600000e+00     2.4497000000e+16     5.9900000000e+15
    2.2423400000e+00     2.1089000000e+16     4.9000000000e+15
    2.3591000000e+00     1.7943000000e+16     3.9600000000e+15
    2.4819300000e+00     1.5297000000e+16     3.2200000000e+15
    2.6111600000e+00     1.2927000000e+16     2.5400000000e+15
    2.7471200000e+00     1.0832000000e+16     2.0500000000e+15
    2.8901600000e+00     9.1120000000e+15     1.6000000000e+15
    3.0406500000e+00     7.4920000000e+15     1.2700000000e+15
    3.1989700000e+00     6.2600000000e+15     9.9000000000e+14
    3.3655300000e+00     5.0650000000e+15     7.4000000000e+14
    3.5407700000e+00     4.1420000000e+15     5.8000000000e+14
    3.7251400000e+00     3.3030000000e+15     4.4000000000e+14
    3.9191000000e+00     2.6400000000e+15     3.3000000000e+14
    4.1231600000e+00     2.0830000000e+15     2.3000000000e+14
    4.3378500000e+00     1.6150000000e+15     1.8000000000e+14
    4.5637200000e+00     1.2540000000e+15     1.3000000000e+14
    4.8013400000e+00     9.6000000000e+14     9.9999999999e+13
    5.0513400000e+00     7.3600000000e+14     7.0000000001e+13
    5.3143600000e+00     5.6000000000e+14     5.0000000000e+13
    5.5910700000e+00     4.1000000000e+14     3.0000000000e+13
    5.8821900000e+00     3.0000000000e+14     3.0000000000e+13
    6.1884700000e+00     2.2000000000e+14     2.0000000000e+13
    6.5106900000e+00     1.6000000000e+14     2.0000000000e+13
    6.8497000000e+00     1.2000000000e+14     1.7037297182e+13
    7.2063500000e+00     8.0000000000e+13     1.4392900424e+13
    7.5815800000e+00     5.0000000000e+13     1.2052573669e+13
    7.9763400000e+00     4.0000000000e+13     9.9999999999e+12
    8.3916600000e+00     2.5000000000e+13     6.0079900249e+12
    8.8286000000e+00     1.7000000000e+13     3.5151177598e+12
    9.2882900000e+00     1.2000000000e+13     1.9999999999e+12
    9.7719200000e+00     8.0000000000e+12     9.9999999997e+11
    1.0280700000e+01     1.1000000000e+13     1.0000000000e+13
    1.0816000000e+01     7.0000000000e+12     8.0000000000e+12
    1.1379200000e+01     3.0000000000e+12     2.0000000000e+12
    1.1971700000e+01     1.6000000000e+12     1.0000000000e+12
    1.2595100000e+01     3.0000000000e+11     2.0000000000e+12
    1.3250900000e+01     2.0000000000e+11     1.1000000000e+12
    1.3940800000e+01     5.0000000000e+11     1.1000000000e+12
    1.4666700000e+01     1.0000000000e+11     2.0000000000e+11
    1.5430400000e+01     3.0000000000e+10     1.0000000000e+11
    1.6233800000e+01     1.1000000000e+11     1.6000000000e+11
    1.7079100000e+01     1.0000000000e+10     5.8080308563e+10
    1.7968400000e+01     1.0000000000e+10     2.0000000000e+10
    1.8904000000e+01     6.0000000000e+09     2.0000000000e+10
    1.9888300000e+01     2.0000000000e+09     6.0000000000e+09
    2.0923800000e+01     5.0000000000e+09     1.0000000000e+10
    2.2013300000e+01     9.0000000000e+08     1.0000000000e+09
    2.3159500000e+01     4.0000000000e+08     8.0000000000e+08
    2.4365400000e+01     1.0000000000e+07     2.6048271293e+08
    2.5634100000e+01     3.0000000000e+07     8.0000000000e+07
    2.6968800000e+01     2.0000000000e+07     2.0000000000e+07
    2.8373000000e+01     2.2000000000e+07     4.0000000000e+07
    2.9850400000e+01     1.0000000000e+06     2.0000000000e+06
    3.1404700000e+01     8.0000000000e+05     1.6000000000e+06
    3.3039900000e+01     3.0000000000e+05     4.0000000000e+05
    3.4760200000e+01     1.0000000000e+04     2.0000000000e+04
    3.6570100000e+01     9.0000000000e+03     2.0000000000e+04
    3.8474300000e+01     2.0000000000e+03     4.0000000000e+03
    4.0477600000e+01     4.0000000000e+02     7.0000000000e+02
    4.2585200000e+01     3.0000000000e+01     3.3042982765e+02
    4.4802500000e+01     7.8000000000e+01     1.5000000000e+02
    4.7135300000e+01     1.3000000000e+01     2.6000000000e+01
    4.9589600000e+01     1.0000000000e+00     2.2000000000e+00
    5.2171700000e+01     1.0000000000e-02     3.0000000000e-02
    5.4888200000e+01     2.0833980846e-03     1.0000000000e-03
    5.7746200000e+01     4.0000000000e-04     7.0000000000e-04
    6.0752900000e+01     1.2000000000e-04     2.5000000000e-04
    6.3916200000e+01     3.0000000000e-05     5.9000000000e-05
    6.7244300000e+01     6.0000000001e-08     1.0000000000e-07
    7.0745600000e+01     1.0000000000e-09     3.1756361461e-08
    7.4429200000e+01     4.6000000000e-09     9.5000000000e-09
    7.8304700000e+01     2.0000000000e-11     4.0000000000e-11
    8.2381900000e+01     4.0000000000e-13     7.0263544251e-13
    8.6671400000e+01     1.5394103415e-14     9.9999999999e-15
    9.1184300000e+01     5.0000000000e-16     1.0000000000e-15
    9.5932100000e+01     1.4187048595e-16     2.8116124639e-16
    1.0092700000e+02     3.7700000000e-17     7.4000000000e-17
    1.0618200000e+02     1.2070000000e-18     2.3550000000e-18
    1.1171100000e+02     3.4600000000e-21     6.7600000000e-21
    1.1752800000e+02     1.8000000000e-24     3.4000000000e-24
    1.2364700000e+02     1.3630000000e-24     2.6300000000e-24
    1.3008500000e+02     1.4470000000e-26     2.8120000000e-26
    1.3685900000e+02     2.4000000000e-31     5.0000000000e-31
    1.4398500000e+02     6.0000000000e-34     1.3000000000e-33
    1.5148200000e+02     8.0000000000e-37     2.0000000000e-36
    1.5936900000e+02     2.6549000000e-36     5.0160000000e-36
    1.6766800000e+02     8.0000000000e-42     1.6000000000e-41
    1.7639800000e+02     4.0000000000e-45     6.0000000000e-45
    1.8558300000e+02     4.1000000000e-48     8.0000000000e-48
    1.9524600000e+02     1.5000000000e-51     2.9000000000e-51
    2.0541200000e+02     2.5000000000e-55     4.0000000000e-55
    2.1610700000e+02     2.3143000000e-55     4.2419000000e-55
    2.2736000000e+02     7.0000000000e-63     1.2000000000e-62
    2.3919800000e+02     4.9191699244e-67     8.8771323672e-67
    2.5165300000e+02     2.1000000000e-71     4.0000000000e-71
    2.6475600000e+02     1.0000000000e-76     2.0000000000e-76
    2.7854100000e+02     7.5375000000e-76     1.3884910000e-75
    2.9304500000e+02     6.0000000000e-86     1.1000000000e-85
    3.0830300000e+02     3.1312000000e-86     5.5738300000e-86
    3.2435600000e+02     8.3959600000e-92     1.4537650000e-91
    3.4124500000e+02    3.9999999999e-103    1.0000000000e-102
    3.5901300000e+02    1.2921460000e-103    2.1718770000e-103
    3.7770600000e+02    7.8688820000e-109    1.3166835000e-108
    3.9737300000e+02    2.3771350000e-116    4.0223770000e-116
    4.1806400000e+02    1.0000000000e-129    3.0000000000e-129
    4.3983200000e+02    4.0000000000e-137    6.0000000000e-137
    4.6273300000e+02    3.1470259900e-137    5.0181545100e-137
    4.8682700000e+02    1.4738133300e-145    2.3766924600e-145
    5.1217600000e+02    4.0000000000e-162    6.0000000000e-162
    5.3884400000e+02    1.0000000000e-171    1.0000000000e-171
    5.6690100000e+02    2.0000000000e-181    3.0000000000e-181
    5.9641800000e+02    3.4735776134e-181    5.5458022995e-181
    6.2747300000e+02    8.4946487842e-192    1.2138869845e-191
    6.6014500000e+02    2.0000000000e-214    2.9817024516e-208
    6.9451800000e+02    1.0000000000e-225    1.0000000000e-225
    7.3068000000e+02    1.1491199721e-225    1.6123499633e-225
    7.6872600000e+02    3.0887533632e-238    4.2374124521e-238
    8.0875200000e+02    1.8407699982e-251    2.4662199973e-251
    8.5086300000e+02    6.8448699954e-266    1.0296699994e-265
    8.9516600000e+02    4.8910999998e-280    5.9387699998e-280
    9.4177700000e+02     0.0000000000e+00     0.0000000000e+00
    9.9081400000e+02     0.0000000000e+00     0.0000000000e+00
    1.0424000000e+03     0.0000000000e+00     0.0000000000e+00
    1.0966800000e+03     0.0000000000e+00     0.0000000000e+00
    1.1537800000e+03     0.0000000000e+00     0.0000000000e+00
    1.2138600000e+03     0.0000000000e+00     0.0000000000e+00
    1.2770600000e+03     0.0000000000e+00     0.0000000000e+00
    1.3435600000e+03     0.0000000000e+00     0.0000000000e+00
    1.4135200000e+03     0.0000000000e+00     0.0000000000e+00
    1.4871200000e+03     0.0000000000e+00     0.0000000000e+00
    1.5645500000e+03     0.0000000000e+00     0.0000000000e+00
    1.6460100000e+03     0.0000000000e+00     0.0000000000e+00
    1.7317200000e+03     0.0000000000e+00     0.0000000000e+00
    1.8218900000e+03     0.0000000000e+00     0.0000000000e+00
    1.9167500000e+03     0.0000000000e+00     0.0000000000e+00
    2.0165500000e+03     0.0000000000e+00     0.0000000000e+00
    2.1215500000e+03     0.0000000000e+00     0.0000000000e+00
    2.2320200000e+03     0.0000000000e+00     0.0000000000e+00
    2.3482300000e+03     0.0000000000e+00     0.0000000000e+00
    2.4705000000e+03     0.0000000000e+00     0.0000000000e+00
    2.5991400000e+03     0.0000000000e+00     0.0000000000e+00
    2.7344700000e+03     0.0000000000e+00     0.0000000000e+00
    2.8768500000e+03     0.0000000000e+00     0.0000000000e+00
    3.0266500000e+03     0.0000000000e+00     0.0000000000e+00
    3.1842400000e+03     0.0000000000e+00     0.0000000000e+00
    3.3500400000e+03     0.0000000000e+00     0.0000000000e+00
    3.5244700000e+03     0.0000000000e+00     0.0000000000e+00
    3.7079900000e+03     0.0000000000e+00     0.0000000000e+00
    3.9010600000e+03     0.0000000000e+00     0.0000000000e+00
    4.1041800000e+03     0.0000000000e+00     0.0000000000e+00
    4.3178800000e+03     0.0000000000e+00     0.0000000000e+00
    4.5427100000e+03     0.0000000000e+00     0.0000000000e+00
    4.7792400000e+03     0.0000000000e+00     0.0000000000e+00
    5.0280900000e+03     0.0000000000e+00     0.0000000000e+00
    5.2898900000e+03     0.0000000000e+00     0.0000000000e+00
    5.5653300000e+03     0.0000000000e+00     0.0000000000e+00
    5.8551100000e+03     0.0000000000e+00     0.0000000000e+00
    6.1599800000e+03     0.0000000000e+00     0.0000000000e+00
    6.4807200000e+03     0.0000000000e+00     0.0000000000e+00
    6.8181600000e+03     0.0000000000e+00     0.0000000000e+00
    7.1731700000e+03     0.0000000000e+00     0.0000000000e+00
    7.5466700000e+03     0.0000000000e+00     0.0000000000e+00
    7.9396200000e+03     0.0000000000e+00     0.0000000000e+00
    8.3530200000e+03     0.0000000000e+00     0.0000000000e+00
    8.7879500000e+03     0.0000000000e+00     0.0000000000e+00
    9.2455300000e+03     0.0000000000e+00     0.0000000000e+00
    9.7269300000e+03     0.0000000000e+00     0.0000000000e+00
    1.0233400000e+04     0.0000000000e+00     0.0000000000e+00
    1.0766200000e+04     0.0000000000e+00     0.0000000000e+00
    1.1326800000e+04     0.0000000000e+00     0.0000000000e+00
    1.1916600000e+04     0.0000000000e+00     0.0000000000e+00
    1.2537100000e+04     0.0000000000e+00     0.0000000000e+00
    1.3189900000e+04     0.0000000000e+00     0.0000000000e+00
    1.3876600000e+04     0.0000000000e+00     0.0000000000e+00
    1.4599200000e+04     0.0000000000e+00     0.0000000000e+00
    1.5359300000e+04     0.0000000000e+00     0.0000000000e+00
    1.6159100000e+04     0.0000000000e+00     0.0000000000e+00
    1.7000500000e+04     0.0000000000e+00     0.0000000000e+00
    1.7885700000e+04     0.0000000000e+00     0.0000000000e+00
    1.8816900000e+04     0.0000000000e+00     0.0000000000e+00
    1.9796700000e+04     0.0000000000e+00     0.0000000000e+00
    2.0827500000e+04     0.0000000000e+00     0.0000000000e+00
    2.1912000000e+04     0.0000000000e+00     0.0000000000e+00
    2.3052900000e+04     0.0000000000e+00     0.0000000000e+00
    2.4253200000e+04     0.0000000000e+00     0.0000000000e+00
    2.5516100000e+04     0.0000000000e+00     0.0000000000e+00
    2.6844600000e+04     0.0000000000e+00     0.0000000000e+00
    2.8242400000e+04     0.0000000000e+00     0.0000000000e+00
    2.9713000000e+04     0.0000000000e+00     0.0000000000e+00
    3.1260100000e+04     0.0000000000e+00     0.0000000000e+00
    3.2887700000e+04     0.0000000000e+00     0.0000000000e+00
    3.4600200000e+04     0.0000000000e+00     0.0000000000e+00
    3.6401700000e+04     0.0000000000e+00     0.0000000000e+00
    3.8297100000e+04     0.0000000000e+00     0.0000000000e+00
    4.0291200000e+04     0.0000000000e+00     0.0000000000e+00
    4.2389100000e+04     0.0000000000e+00     0.0000000000e+00
    4.4596300000e+04     0.0000000000e+00     0.0000000000e+00
    4.6918300000e+04     0.0000000000e+00     0.0000000000e+00
    4.9361300000e+04     0.0000000000e+00     0.0000000000e+00
    5.1931500000e+04     0.0000000000e+00     0.0000000000e+00
    5.4635500000e+04     0.0000000000e+00     0.0000000000e+00
    5.7480300000e+04     0.0000000000e+00     0.0000000000e+00
    6.0473200000e+04     0.0000000000e+00     0.0000000000e+00
    6.3622000000e+04     0.0000000000e+00     0.0000000000e+00
    6.6934700000e+04     0.0000000000e+00     0.0000000000e+00
    7.0419900000e+04     0.0000000000e+00     0.0000000000e+00
    7.4086600000e+04     0.0000000000e+00     0.0000000000e+00
    7.7944200000e+04     0.0000000000e+00     0.0000000000e+00
    8.2002600000e+04     0.0000000000e+00     0.0000000000e+00
    8.6272400000e+04     0.0000000000e+00     0.0000000000e+00
    9.0764500000e+04     0.0000000000e+00     0.0000000000e+00
    9.5490400000e+04     0.0000000000e+00     0.0000000000e+00
    1.0046300000e+05     0.0000000000e+00     0.0000000000e+00
    1.0569300000e+05     0.0000000000e+00     0.0000000000e+00
    1.1119700000e+05     0.0000000000e+00     0.0000000000e+00
    1.1698700000e+05     0.0000000000e+00     0.0000000000e+00
    1.2307800000e+05     0.0000000000e+00     0.0000000000e+00
    1.2948600000e+05     0.0000000000e+00     0.0000000000e+00
    1.3622900000e+05     0.0000000000e+00     0.0000000000e+00
    1.4332200000e+05     0.0000000000e+00     0.0000000000e+00
    1.5078500000e+05     0.0000000000e+00     0.0000000000e+00
    1.5863600000e+05     0.0000000000e+00     0.0000000000e+00
    1.6689600000e+05     0.0000000000e+00     0.0000000000e+00
    1.7558600000e+05     0.0000000000e+00     0.0000000000e+00
    1.8472800000e+05     0.0000000000e+00     0.0000000000e+00
    1.9434700000e+05     0.0000000000e+00     0.0000000000e+00
    2.0446600000e+05     0.0000000000e+00     0.0000000000e+00
    2.1511200000e+05     0.0000000000e+00     0.0000000000e+00
    2.2631300000e+05     0.0000000000e+00     0.0000000000e+00
    2.3809700000e+05     0.0000000000e+00     0.0000000000e+00
    2.5049400000e+05     0.0000000000e+00     0.0000000000e+00
    2.6353700000e+05     0.0000000000e+00     0.0000000000e+00
    2.7725900000e+05     0.0000000000e+00     0.0000000000e+00
    2.9169600000e+05     0.0000000000e+00     0.0000000000e+00
    3.0688400000e+05     0.0000000000e+00     0.0000000000e+00
    3.2286300000e+05     0.0000000000e+00     0.0000000000e+00
    3.3967400000e+05     0.0000000000e+00     0.0000000000e+00
    3.5736000000e+05     0.0000000000e+00     0.0000000000e+00
    3.7596700000e+05     0.0000000000e+00     0.0000000000e+00
    3.9554400000e+05     0.0000000000e+00     0.0000000000e+00
    4.1613900000e+05     0.0000000000e+00     0.0000000000e+00
    4.3780700000e+05     0.0000000000e+00     0.0000000000e+00
    4.6060300000e+05     0.0000000000e+00     0.0000000000e+00
    4.8458600000e+05     0.0000000000e+00     0.0000000000e+00
    5.0981800000e+05     0.0000000000e+00     0.0000000000e+00
    5.3636300000e+05     0.0000000000e+00     0.0000000000e+00
    5.6429100000e+05     0.0000000000e+00     0.0000000000e+00
    5.9367300000e+05     0.0000000000e+00     0.0000000000e+00
    6.2458400000e+05     0.0000000000e+00     0.0000000000e+00
    6.5710600000e+05     0.0000000000e+00     0.0000000000e+00
    6.9132000000e+05     0.0000000000e+00     0.0000000000e+00
    7.2731700000e+05     0.0000000000e+00     0.0000000000e+00
    7.6518700000e+05     0.0000000000e+00     0.0000000000e+00
    8.0502900000e+05     0.0000000000e+00     0.0000000000e+00
    8.4694600000e+05     0.0000000000e+00     0.0000000000e+00
    8.9104500000e+05     0.0000000000e+00     0.0000000000e+00
    9.3744100000e+05     0.0000000000e+00     0.0000000000e+00
    9.8625200000e+05     0.0000000000e+00     0.0000000000e+00
    1.0376100000e+06     0.0000000000e+00     0.0000000000e+00
    1.0916300000e+06     0.0000000000e+00     0.0000000000e+00
    1.1484700000e+06     0.0000000000e+00     0.0000000000e+00
    1.2082700000e+06     0.0000000000e+00     0.0000000000e+00
    1.2711800000e+06     0.0000000000e+00     0.0000000000e+00
    1.3373700000e+06     0.0000000000e+00     0.0000000000e+00
    1.4070100000e+06     0.0000000000e+00     0.0000000000e+00
    1.4802700000e+06     0.0000000000e+00     0.0000000000e+00
    1.5573400000e+06     0.0000000000e+00     0.0000000000e+00
    1.6384300000e+06     0.0000000000e+00     0.0000000000e+00
    1.7237400000e+06     0.0000000000e+00     0.0000000000e+00
    1.8135000000e+06     0.0000000000e+00     0.0000000000e+00
    1.9079200000e+06     0.0000000000e+00     0.0000000000e+00
    2.0072700000e+06     0.0000000000e+00     0.0000000000e+00
    2.1117800000e+06     0.0000000000e+00     0.0000000000e+00
    2.2217400000e+06     0.0000000000e+00     0.0000000000e+00
    2.3374200000e+06     0.0000000000e+00     0.0000000000e+00
    2.4591300000e+06     0.0000000000e+00     0.0000000000e+00
    2.5871700000e+06     0.0000000000e+00     0.0000000000e+00
    2.7218800000e+06     0.0000000000e+00     0.0000000000e+00
    2.8636100000e+06     0.0000000000e+00     0.0000000000e+00
    3.0127100000e+06     0.0000000000e+00     0.0000000000e+00
    3.1695800000e+06     0.0000000000e+00     0.0000000000e+00
    3.3346200000e+06     0.0000000000e+00     0.0000000000e+00
    3.5082500000e+06     0.0000000000e+00     0.0000000000e+00
    3.6909200000e+06     0.0000000000e+00     0.0000000000e+00
    3.8831000000e+06     0.0000000000e+00     0.0000000000e+00
    4.0852900000e+06     0.0000000000e+00     0.0000000000e+00
    4.2980000000e+06     0.0000000000e+00     0.0000000000e+00
    4.5217900000e+06     0.0000000000e+00     0.0000000000e+00
    4.7572400000e+06     0.0000000000e+00     0.0000000000e+00
    5.0049400000e+06     0.0000000000e+00     0.0000000000e+00
    5.2655400000e+06     0.0000000000e+00     0.0000000000e+00
    5.5397100000e+06     0.0000000000e+00     0.0000000000e+00
    5.8281500000e+06     0.0000000000e+00     0.0000000000e+00
    6.1316200000e+06     0.0000000000e+00     0.0000000000e+00
    6.4508800000e+06     0.0000000000e+00     0.0000000000e+00
    6.7867700000e+06     0.0000000000e+00     0.0000000000e+00
    7.1401500000e+06     0.0000000000e+00     0.0000000000e+00
    7.5119300000e+06     0.0000000000e+00     0.0000000000e+00
    7.9030700000e+06     0.0000000000e+00     0.0000000000e+00
    8.3145700000e+06     0.0000000000e+00     0.0000000000e+00
    8.7475000000e+06     0.0000000000e+00     0.0000000000e+00
    9.2029700000e+06     0.0000000000e+00     0.0000000000e+00
    9.6821500000e+06     0.0000000000e+00     0.0000000000e+00
    1.0186300000e+07     0.0000000000e+00     0.0000000000e+00
    1.0716700000e+07     0.0000000000e+00     0.0000000000e+00
    1.1274700000e+07     0.0000000000e+00     0.0000000000e+00
    1.1861700000e+07     0.0000000000e+00     0.0000000000e+00
    1.2479400000e+07     0.0000000000e+00     0.0000000000e+00
    1.3129100000e+07     0.0000000000e+00     0.0000000000e+00
    1.3812800000e+07     0.0000000000e+00     0.0000000000e+00
    1.4532000000e+07     0.0000000000e+00     0.0000000000e+00
    1.5288600000e+07     0.0000000000e+00     0.0000000000e+00
    1.6084700000e+07     0.0000000000e+00     0.0000000000e+00
    1.6922200000e+07     0.0000000000e+00     0.0000000000e+00
    1.7803300000e+07     0.0000000000e+00     0.0000000000e+00
    1.8730300000e+07     0.0000000000e+00     0.0000000000e+00
    1.9705600000e+07     0.0000000000e+00     0.0000000000e+00
    2.0731600000e+07     0.0000000000e+00     0.0000000000e+00
    2.1811100000e+07     0.0000000000e+00     0.0000000000e+00
    2.2946800000e+07     0.0000000000e+00     0.0000000000e+00
    2.4141600000e+07     0.0000000000e+00     0.0000000000e+00
    2.5398600000e+07     0.0000000000e+00     0.0000000000e+00
    2.6721100000e+07     0.0000000000e+00     0.0000000000e+00
    2.8112400000e+07     0.0000000000e+00     0.0000000000e+00
    2.9576200000e+07     0.0000000000e+00     0.0000000000e+00
    3.1116200000e+07     0.0000000000e+00     0.0000000000e+00
    3.2736300000e+07     0.0000000000e+00     0.0000000000e+00
    3.4440900000e+07     0.0000000000e+00     0.0000000000e+00
    3.6234200000e+07     0.0000000000e+00     0.0000000000e+00
    3.8120800000e+07     0.0000000000e+00     0.0000000000e+00
    4.0105700000e+07     0.0000000000e+00     0.0000000000e+00
    4.2194000000e+07     0.0000000000e+00     0.0000000000e+00
    4.4391000000e+07     0.0000000000e+00     0.0000000000e+00
    4.6702300000e+07     0.0000000000e+00     0.0000000000e+00
    4.9134100000e+07     0.0000000000e+00     0.0000000000e+00
    5.1692400000e+07     0.0000000000e+00     0.0000000000e+00
    5.4384000000e+07     0.0000000000e+00     0.0000000000e+00
    5.7215700000e+07     0.0000000000e+00     0.0000000000e+00
    6.0194800000e+07     0.0000000000e+00     0.0000000000e+00
    6.3329100000e+07     0.0000000000e+00     0.0000000000e+00
    6.6626500000e+07     0.0000000000e+00     0.0000000000e+00
    7.0095700000e+07     0.0000000000e+00     0.0000000000e+00
    7.3745500000e+07     0.0000000000e+00     0.0000000000e+00
    7.7585300000e+07     0.0000000000e+00     0.0000000000e+00
    8.1625100000e+07     0.0000000000e+00     0.0000000000e+00
    8.5875200000e+07     0.0000000000e+00     0.0000000000e+00
    9.0346600000e+07     0.0000000000e+00     0.0000000000e+00
    9.5050800000e+07     0.0000000000e+00     0.0000000000e+00
    1.0000000000e+08     0.0000000000e+00     0.0000000000e+00
