# # E_gamma (MeV)  Final State Radiation (MeV^-1 s^-1)
5.145440e-01 4.569119e+20
5.413360e-01 4.332543e+20
5.695230e-01 4.108091e+20
5.991770e-01 3.894474e+20
6.303750e-01 3.691868e+20
6.631980e-01 3.499001e+20
6.977300e-01 3.316134e+20
7.340600e-01 3.142031e+20
7.722810e-01 2.976591e+20
8.124930e-01 2.819877e+20
8.547980e-01 2.670572e+20
8.993070e-01 2.529192e+20
9.461320e-01 2.394480e+20
9.953960e-01 2.266496e+20
1.047230e+00 2.145438e+20
1.101750e+00 2.030028e+20
1.159120e+00 1.920382e+20
1.219470e+00 1.816822e+20
1.282970e+00 1.717979e+20
1.349770e+00 1.624122e+20
1.420050e+00 1.534998e+20
1.493990e+00 1.451027e+20
1.571780e+00 1.370750e+20
1.653620e+00 1.294544e+20
1.739730e+00 1.222205e+20
1.830310e+00 1.154267e+20
1.925610e+00 1.089184e+20
2.025880e+00 1.027429e+20
2.131360e+00 9.688500e+19
2.242340e+00 9.132846e+19
2.359100e+00 8.613644e+19
2.481930e+00 8.114536e+19
2.611160e+00 7.641347e+19
2.747120e+00 7.192850e+19
2.890160e+00 6.767829e+19
3.040650e+00 6.365152e+19
3.198970e+00 5.992133e+19
3.365530e+00 5.631385e+19
3.540770e+00 5.289845e+19
3.725140e+00 4.966569e+19
3.919100e+00 4.660714e+19
4.123160e+00 4.371380e+19
4.337850e+00 4.097768e+19
4.563720e+00 3.839110e+19
4.801340e+00 3.603451e+19
5.051340e+00 3.372867e+19
5.314360e+00 3.155117e+19
5.591070e+00 2.949564e+19
5.882190e+00 2.755629e+19
6.188470e+00 2.572722e+19
6.510690e+00 2.400286e+19
6.849700e+00 2.237811e+19
7.206350e+00 2.084788e+19
7.581580e+00 1.940754e+19
7.976340e+00 1.805258e+19
8.391660e+00 1.677841e+19
8.828600e+00 1.558125e+19
9.288290e+00 1.445699e+19
9.771920e+00 1.340195e+19
1.028070e+01 1.249281e+19
1.081600e+01 1.156548e+19
1.137920e+01 1.069697e+19
1.197170e+01 9.884011e+18
1.259510e+01 9.123717e+18
1.325090e+01 8.413229e+18
1.394080e+01 7.749907e+18
1.466670e+01 7.130896e+18
1.543040e+01 6.554131e+18
1.623380e+01 6.017098e+18
1.707910e+01 5.517399e+18
1.796840e+01 5.053020e+18
1.890400e+01 4.621989e+18
1.988830e+01 4.222236e+18
2.092380e+01 3.852001e+18
2.201330e+01 3.509378e+18
2.315950e+01 3.192758e+18
2.436540e+01 2.900520e+18
2.563410e+01 2.631175e+18
2.696880e+01 2.383200e+18
2.837300e+01 2.155254e+18
2.985040e+01 1.945984e+18
3.140470e+01 1.754148e+18
3.303990e+01 1.578633e+18
3.476020e+01 1.418215e+18
3.657010e+01 1.271861e+18
3.847430e+01 1.138514e+18
4.047760e+01 1.017270e+18
4.258520e+01 9.072228e+17
4.480250e+01 8.075220e+17
4.713530e+01 7.173118e+17
4.958960e+01 6.358649e+17
5.217170e+01 5.624654e+17
5.488820e+01 4.964741e+17
5.774620e+01 4.372279e+17
6.075290e+01 3.841855e+17
6.391620e+01 3.367894e+17
6.724430e+01 2.944868e+17
7.074560e+01 2.568759e+17
7.442920e+01 2.234942e+17
7.830470e+01 1.939200e+17
8.238190e+01 1.678139e+17
8.667140e+01 1.448153e+17
9.118430e+01 1.245963e+17
9.593210e+01 1.068632e+17
1.009270e+02 9.139679e+16
1.061820e+02 7.792324e+16
1.117110e+02 6.619424e+16
1.175280e+02 5.603632e+16
1.236470e+02 4.728325e+16
1.300850e+02 3.975079e+16
1.368590e+02 3.329013e+16
1.439850e+02 2.776711e+16
1.514820e+02 2.306940e+16
1.593690e+02 1.908238e+16
1.676680e+02 1.571926e+16
1.763980e+02 1.288810e+16
1.855830e+02 1.051646e+16
1.952460e+02 8.547622e+15
2.054120e+02 6.907051e+15
2.161070e+02 5.549694e+15
2.273600e+02 4.434764e+15
2.391980e+02 3.528455e+15
2.516530e+02 2.787964e+15
2.647560e+02 2.190537e+15
2.785410e+02 1.710694e+15
2.930450e+02 1.327770e+15
3.083030e+02 1.020852e+15
3.243560e+02 7.808017e+14
3.412450e+02 5.929142e+14
3.590130e+02 4.472604e+14
3.777060e+02 3.345085e+14
3.973730e+02 2.478232e+14
4.180640e+02 1.824755e+14
4.398320e+02 1.326749e+14
4.627330e+02 9.593125e+13
4.868270e+02 6.868223e+13
5.121760e+02 4.869542e+13
5.388440e+02 3.406032e+13
5.669010e+02 2.357607e+13
5.964180e+02 1.606924e+13
6.274730e+02 1.074191e+13
6.601450e+02 7.130285e+12
6.945180e+02 4.681580e+12
7.306800e+02 3.035384e+12
7.687260e+02 1.936927e+12
8.087520e+02 1.182682e+12
8.508630e+02 7.263188e+11
8.951660e+02 4.364244e+11
9.417770e+02 2.614094e+11
9.908140e+02 1.656884e+11
1.042400e+03 8.617759e+10
1.096680e+03 4.965233e+10
1.153780e+03 2.233640e+10
1.213860e+03 1.140293e+10
1.277060e+03 1.507901e+09
1.343560e+03 0.000000e+00
