# # E_gamma (MeV)  Final State Radiation (MeV^-1 s^-1)
5.145440e-01 2.911585e+20
5.413360e-01 2.767314e+20
5.695230e-01 2.630183e+20
5.991770e-01 2.499842e+20
6.303750e-01 2.375951e+20
6.631980e-01 2.258191e+20
6.977300e-01 2.146258e+20
7.340600e-01 2.039866e+20
7.722810e-01 1.938740e+20
8.124930e-01 1.842618e+20
8.547980e-01 1.751254e+20
8.993070e-01 1.664410e+20
9.461320e-01 1.581867e+20
9.953960e-01 1.503407e+20
1.047230e+00 1.428824e+20
1.101750e+00 1.357949e+20
1.159120e+00 1.290568e+20
1.219470e+00 1.226529e+20
1.282970e+00 1.165653e+20
1.349770e+00 1.107795e+20
1.420050e+00 1.052799e+20
1.493990e+00 1.000524e+20
1.571780e+00 9.508371e+19
1.653620e+00 9.036091e+19
1.739730e+00 8.587142e+19
1.830310e+00 8.160477e+19
1.925610e+00 7.754913e+19
2.025880e+00 7.369392e+19
2.131360e+00 7.002989e+19
2.242340e+00 6.654696e+19
2.359100e+00 6.323639e+19
2.481930e+00 6.008991e+19
2.611160e+00 5.709905e+19
2.747120e+00 5.425620e+19
2.890160e+00 5.155403e+19
3.040650e+00 4.898558e+19
3.198970e+00 4.654435e+19
3.365530e+00 4.422399e+19
3.540770e+00 4.201837e+19
3.725140e+00 3.992187e+19
3.919100e+00 3.792924e+19
4.123160e+00 3.603523e+19
4.337850e+00 3.423493e+19
4.563720e+00 3.252374e+19
4.801340e+00 3.089731e+19
5.051340e+00 2.935135e+19
5.314360e+00 2.788190e+19
5.591070e+00 2.648521e+19
5.882190e+00 2.515765e+19
6.188470e+00 2.389581e+19
6.510690e+00 2.269646e+19
6.849700e+00 2.155644e+19
7.206350e+00 2.047290e+19
7.581580e+00 1.944298e+19
7.976340e+00 1.846407e+19
8.391660e+00 1.753361e+19
8.828600e+00 1.664924e+19
9.288290e+00 1.580866e+19
9.771920e+00 1.500970e+19
1.028070e+01 1.425036e+19
1.081600e+01 1.352857e+19
1.137920e+01 1.284251e+19
1.197170e+01 1.219046e+19
1.259510e+01 1.157067e+19
1.325090e+01 1.098164e+19
1.394080e+01 1.042183e+19
1.466670e+01 9.889698e+18
1.543040e+01 9.383943e+18
1.623380e+01 8.903296e+18
1.707910e+01 8.446442e+18
1.796840e+01 8.012248e+18
1.890400e+01 7.599592e+18
1.988830e+01 7.207412e+18
2.092380e+01 6.834708e+18
2.201330e+01 6.480475e+18
2.315950e+01 6.143836e+18
2.436540e+01 5.823911e+18
2.563410e+01 5.519876e+18
2.696880e+01 5.230964e+18
2.837300e+01 4.956415e+18
2.985040e+01 4.695507e+18
3.140470e+01 4.447588e+18
3.303990e+01 4.212018e+18
3.476020e+01 3.988190e+18
3.657010e+01 3.775517e+18
3.847430e+01 3.573448e+18
4.047760e+01 3.381473e+18
4.258520e+01 3.199093e+18
4.480250e+01 3.025837e+18
4.713530e+01 2.861253e+18
4.958960e+01 2.704916e+18
5.217170e+01 2.556424e+18
5.488820e+01 2.415397e+18
5.774620e+01 2.281463e+18
6.075290e+01 2.154284e+18
6.391620e+01 2.033523e+18
6.724430e+01 1.918866e+18
7.074560e+01 1.810021e+18
7.442920e+01 1.706703e+18
7.830470e+01 1.608639e+18
8.238190e+01 1.515580e+18
8.667140e+01 1.427279e+18
9.118430e+01 1.343504e+18
9.593210e+01 1.264039e+18
1.009270e+02 1.188674e+18
1.061820e+02 1.117209e+18
1.117110e+02 1.049450e+18
1.175280e+02 9.852209e+17
1.236470e+02 9.243603e+17
1.300850e+02 8.666916e+17
1.368590e+02 8.120572e+17
1.439850e+02 7.603205e+17
1.514820e+02 7.113345e+17
1.593690e+02 6.649655e+17
1.676680e+02 6.210757e+17
1.763980e+02 5.795541e+17
1.855830e+02 5.402748e+17
1.952460e+02 5.031275e+17
2.054120e+02 4.680027e+17
2.161070e+02 4.347964e+17
2.273600e+02 4.034038e+17
2.391980e+02 3.737336e+17
2.516530e+02 3.456886e+17
2.647560e+02 3.191805e+17
2.785410e+02 2.941214e+17
2.930450e+02 2.704242e+17
3.083030e+02 2.480111e+17
3.243560e+02 2.268008e+17
3.412450e+02 2.067187e+17
3.590130e+02 1.876944e+17
3.777060e+02 1.696611e+17
3.973730e+02 1.525597e+17
4.180640e+02 1.363405e+17
4.398320e+02 1.209651e+17
4.627330e+02 1.064138e+17
4.868270e+02 9.268070e+16
5.121760e+02 7.978737e+16
5.388440e+02 6.777968e+16
5.669010e+02 5.671497e+16
5.964180e+02 4.667920e+16
6.274730e+02 3.774055e+16
6.601450e+02 2.995238e+16
6.945180e+02 2.333520e+16
7.306800e+02 1.785735e+16
7.687260e+02 1.344176e+16
8.087520e+02 9.971100e+15
8.508630e+02 7.311635e+15
8.951660e+02 5.308777e+15
9.417770e+02 3.826879e+15
9.908140e+02 2.743509e+15
1.042400e+03 1.950467e+15
1.096680e+03 1.370937e+15
1.153780e+03 9.443963e+14
1.213860e+03 6.309576e+14
1.277060e+03 4.058734e+14
1.343560e+03 2.499768e+14
1.413520e+03 1.480964e+14
1.487120e+03 8.546030e+13
1.564550e+03 4.824015e+13
1.646010e+03 2.702119e+13
1.731720e+03 1.492630e+13
1.821890e+03 7.976337e+12
1.916750e+03 4.060108e+12
2.016550e+03 1.925411e+12
2.121550e+03 8.673420e+11
2.232020e+03 3.853245e+11
2.348230e+03 1.661828e+11
2.470500e+03 6.979220e+10
2.599140e+03 2.701567e+10
2.734470e+03 9.528019e+09
2.876850e+03 3.352616e+09
3.026650e+03 1.119804e+09
3.184240e+03 3.481962e+08
3.350040e+03 1.013573e+08
3.524470e+03 2.662369e+07
3.707990e+03 7.038808e+06
3.901060e+03 1.655056e+06
4.104180e+03 3.348006e+05
4.317880e+03 7.339492e+04
4.542710e+03 1.310147e+04
4.779240e+03 2.090653e+03
5.028090e+03 3.524350e+02
5.289890e+03 4.413568e+01
5.565330e+03 5.886114e+00
5.855110e+03 6.548883e-01
6.159980e+03 5.667364e-02
6.480720e+03 5.910645e-03
6.818160e+03 4.218657e-04
7.173170e+03 2.553122e-05
7.546670e+03 1.825629e-06
7.939620e+03 7.976697e-08
8.353020e+03 3.959628e-09
8.787950e+03 1.507966e-10
9.245530e+03 4.403125e-12
9.726930e+03 1.212074e-13
1.023340e+04 3.058583e-15
1.076620e+04 5.368725e-17
1.132680e+04 7.391478e-19
1.191660e+04 1.009464e-20
1.253710e+04 9.532011e-23
1.318990e+04 6.516827e-25
1.387660e+04 4.404438e-27
1.459920e+04 1.776979e-29
1.535930e+04 6.216518e-32
1.615910e+04 1.617296e-34
1.700050e+04 2.756787e-37
1.788570e+04 4.034922e-40
1.881690e+04 3.436026e-43
1.979670e+04 2.426157e-46
2.082750e+04 1.050979e-49
2.191200e+04 2.991489e-53
2.305290e+04 6.609080e-57
2.425320e+04 7.287932e-61
2.551610e+04 5.783877e-65
2.684460e+04 3.095365e-69
2.824240e+04 8.547154e-74
2.971300e+04 1.295827e-78
3.126010e+04 1.174283e-83
3.288770e+04 6.101424e-89
3.460020e+04 1.685705e-94
3.640170e+04 2.346130e-100
3.829710e+04 1.583132e-106
4.029120e+04 5.065301e-113
4.238910e+04 7.763236e-120
4.459630e+04 5.676810e-127
4.691830e+04 1.633136e-134
4.936130e+04 1.621057e-142
5.193150e+04 8.054369e-151
5.463550e+04 1.173653e-159
5.748030e+04 7.372196e-169
6.047320e+04 1.184607e-178
6.362200e+04 7.148980e-189
6.693470e+04 1.302962e-199
7.041990e+04 6.140009e-211
7.408660e+04 7.275335e-223
7.794420e+04 1.989314e-235
8.200260e+04 1.136285e-248
8.627240e+04 1.579907e-262
9.076450e+04 3.896871e-277
9.549040e+04 1.704528e-292
1.004630e+05 0.000000e+00
