# E_gamma(MeV)   IFA_primary_masked(MeV^-1 s^-1)
5.145440e-01 1.043474e+21
5.413360e-01 1.371544e+21
5.695230e-01 1.688450e+21
5.991770e-01 1.637192e+21
6.303750e-01 1.582562e+21
6.631980e-01 1.525743e+21
6.977300e-01 1.467721e+21
7.340600e-01 1.409241e+21
7.722810e-01 1.350930e+21
8.124930e-01 1.293247e+21
8.547980e-01 1.236555e+21
8.993070e-01 1.181135e+21
9.461320e-01 1.127209e+21
9.953960e-01 1.074907e+21
1.047230e+00 1.024349e+21
1.101750e+00 9.756066e+20
1.159120e+00 9.287205e+20
1.219470e+00 8.837089e+20
1.282970e+00 8.405671e+20
1.349770e+00 7.992787e+20
1.420050e+00 7.598120e+20
1.493990e+00 7.221289e+20
1.571780e+00 6.861813e+20
1.653620e+00 6.519159e+20
1.739730e+00 6.192793e+20
1.830310e+00 5.882155e+20
1.925610e+00 5.586628e+20
2.025880e+00 5.305613e+20
2.131360e+00 5.038520e+20
2.242340e+00 4.784730e+20
2.359100e+00 4.543631e+20
2.481930e+00 4.314664e+20
2.611160e+00 4.097266e+20
2.747120e+00 3.890895e+20
2.890160e+00 3.695018e+20
3.040650e+00 3.509114e+20
3.198970e+00 3.332716e+20
3.365530e+00 3.165340e+20
3.540770e+00 3.006536e+20
3.725140e+00 2.855867e+20
3.919100e+00 2.712935e+20
4.123160e+00 2.577321e+20
4.337850e+00 2.448661e+20
4.563720e+00 2.326598e+20
4.801340e+00 2.210784e+20
5.051340e+00 2.100902e+20
5.314360e+00 1.996652e+20
5.591070e+00 1.897735e+20
5.882190e+00 1.803873e+20
6.188470e+00 1.714810e+20
6.510690e+00 1.630289e+20
6.849700e+00 1.550065e+20
7.206350e+00 1.473921e+20
7.581580e+00 1.401645e+20
7.976340e+00 1.333034e+20
8.391660e+00 1.267897e+20
8.828600e+00 1.206053e+20
9.288290e+00 1.147330e+20
9.771920e+00 1.091566e+20
1.028070e+01 1.038607e+20
1.081600e+01 9.883076e+19
1.137920e+01 9.405276e+19
1.197170e+01 8.951378e+19
1.259510e+01 8.520145e+19
1.325090e+01 8.110401e+19
1.394080e+01 7.721034e+19
1.466670e+01 7.351010e+19
1.543040e+01 6.999308e+19
1.623380e+01 6.664990e+19
1.707910e+01 6.347169e+19
1.796840e+01 6.044995e+19
1.890400e+01 5.757667e+19
1.988830e+01 5.484429e+19
2.092380e+01 5.224555e+19
2.201330e+01 4.977365e+19
2.315950e+01 4.742218e+19
2.436540e+01 4.518495e+19
2.563410e+01 4.305623e+19
2.696880e+01 4.103050e+19
2.837300e+01 3.910254e+19
2.985040e+01 3.726740e+19
3.140470e+01 3.552042e+19
3.303990e+01 3.385715e+19
3.476020e+01 3.227338e+19
3.657010e+01 3.076516e+19
3.847430e+01 2.932869e+19
4.047760e+01 2.796034e+19
4.258520e+01 2.665673e+19
4.480250e+01 2.541464e+19
4.713530e+01 2.423096e+19
4.958960e+01 2.310281e+19
5.217170e+01 2.202742e+19
5.488820e+01 2.100219e+19
5.774620e+01 2.002457e+19
6.075290e+01 1.909224e+19
6.391620e+01 1.820291e+19
6.724430e+01 1.735444e+19
7.074560e+01 1.654480e+19
7.442920e+01 1.577208e+19
7.830470e+01 1.503441e+19
8.238190e+01 1.433005e+19
8.667140e+01 1.365735e+19
9.118430e+01 1.301469e+19
9.593210e+01 1.240058e+19
1.009270e+02 1.181354e+19
1.061820e+02 1.125221e+19
1.117110e+02 1.071527e+19
1.175280e+02 1.020147e+19
1.236470e+02 9.709577e+18
1.300850e+02 9.238470e+18
1.368590e+02 8.787048e+18
1.439850e+02 8.354246e+18
1.514820e+02 7.939043e+18
1.593690e+02 7.540500e+18
1.676680e+02 7.157670e+18
1.763980e+02 6.789649e+18
1.855830e+02 6.435585e+18
1.952460e+02 6.094661e+18
2.054120e+02 5.766063e+18
2.161070e+02 5.449050e+18
2.273600e+02 5.142883e+18
2.391980e+02 4.846890e+18
2.516530e+02 4.560366e+18
2.647560e+02 4.282640e+18
2.785410e+02 4.013114e+18
2.930450e+02 3.751240e+18
3.083030e+02 3.496464e+18
3.243560e+02 3.248326e+18
3.412450e+02 3.006466e+18
3.590130e+02 2.770523e+18
3.777060e+02 2.540284e+18
3.973730e+02 2.315640e+18
4.180640e+02 2.096759e+18
4.398320e+02 1.883920e+18
4.627330e+02 1.677702e+18
4.868270e+02 1.478958e+18
5.121760e+02 1.288932e+18
5.388440e+02 1.108924e+18
5.669010e+02 9.405597e+17
5.964180e+02 7.854919e+17
6.274730e+02 6.453550e+17
6.601450e+02 5.211926e+17
6.945180e+02 4.137124e+17
7.306800e+02 3.228864e+17
7.687260e+02 2.480182e+17
8.087520e+02 1.876752e+17
8.508630e+02 1.401602e+17
8.951660e+02 1.035105e+17
9.417770e+02 7.571965e+16
9.908140e+02 5.492873e+16
1.042400e+03 3.949282e+16
1.096680e+03 2.809305e+16
1.153780e+03 1.968187e+16
1.213860e+03 1.352106e+16
1.277060e+03 9.042127e+15
1.343560e+03 5.860658e+15
1.413520e+03 3.667732e+15
1.487120e+03 2.229118e+15
1.564550e+03 1.294554e+15
1.646010e+03 7.388522e+14
1.731720e+03 4.068328e+14
1.821890e+03 2.210730e+14
1.916750e+03 1.088556e+14
2.016550e+03 6.556378e+13
2.121550e+03 2.912152e+13
2.232020e+03 1.646010e+13
2.348230e+03 6.422133e+12
2.470500e+03 2.918574e+12
2.599140e+03 1.642526e+12
2.734470e+03 8.388967e+11
2.876850e+03 5.852690e+11
3.026650e+03 4.296929e+11
3.184240e+03 3.004270e+11
3.350040e+03 1.816619e+11
3.524470e+03 0.000000e+00
3.707990e+03 0.000000e+00
3.901060e+03 0.000000e+00
4.104180e+03 0.000000e+00
4.317880e+03 0.000000e+00
4.542710e+03 0.000000e+00
4.779240e+03 0.000000e+00
5.028090e+03 0.000000e+00
5.289890e+03 0.000000e+00
5.565330e+03 0.000000e+00
5.855110e+03 0.000000e+00
6.159980e+03 0.000000e+00
6.480720e+03 0.000000e+00
6.818160e+03 0.000000e+00
7.173170e+03 0.000000e+00
7.546670e+03 0.000000e+00
7.939620e+03 0.000000e+00
8.353020e+03 0.000000e+00
8.787950e+03 0.000000e+00
9.245530e+03 0.000000e+00
9.726930e+03 0.000000e+00
1.023340e+04 0.000000e+00
1.076620e+04 0.000000e+00
1.132680e+04 0.000000e+00
1.191660e+04 0.000000e+00
1.253710e+04 0.000000e+00
1.318990e+04 0.000000e+00
1.387660e+04 0.000000e+00
1.459920e+04 0.000000e+00
1.535930e+04 0.000000e+00
1.615910e+04 0.000000e+00
1.700050e+04 0.000000e+00
1.788570e+04 0.000000e+00
1.881690e+04 0.000000e+00
1.979670e+04 0.000000e+00
2.082750e+04 0.000000e+00
2.191200e+04 0.000000e+00
2.305290e+04 0.000000e+00
2.425320e+04 0.000000e+00
2.551610e+04 0.000000e+00
2.684460e+04 0.000000e+00
2.824240e+04 0.000000e+00
2.971300e+04 0.000000e+00
3.126010e+04 0.000000e+00
3.288770e+04 0.000000e+00
3.460020e+04 0.000000e+00
3.640170e+04 0.000000e+00
3.829710e+04 0.000000e+00
4.029120e+04 0.000000e+00
4.238910e+04 0.000000e+00
4.459630e+04 0.000000e+00
4.691830e+04 0.000000e+00
4.936130e+04 0.000000e+00
5.193150e+04 0.000000e+00
5.463550e+04 0.000000e+00
5.748030e+04 0.000000e+00
6.047320e+04 0.000000e+00
6.362200e+04 0.000000e+00
6.693470e+04 0.000000e+00
7.041990e+04 0.000000e+00
7.408660e+04 0.000000e+00
7.794420e+04 0.000000e+00
8.200260e+04 0.000000e+00
8.627240e+04 0.000000e+00
9.076450e+04 0.000000e+00
9.549040e+04 0.000000e+00
1.004630e+05 0.000000e+00
