9 11 20
9 12 15
9 13 16
0 9 19
0 10 11
10 12 13
11 14 19
0 12 18
0 13 14
13 17 18
14 16 20
0 15 16
15 17 20
18 19 20
1 10 20
1 11 12
1 13 19
1 14 15
1 16 17
1 2 4
0 1 3
1 5 18
1 6 7
1 8 9
2 9 14
2 10 15
2 11 13
2 16 18
2 17 19
0 2 20
2 3 12
2 5 7
2 6 8
3 9 18
3 10 19
3 14 17
3 4 16
3 5 20
3 6 13
3 7 15
3 8 11
4 10 18
4 11 15
4 12 19
0 4 17
4 5 9
4 6 20
4 7 13
4 8 14
5 10 16
5 11 17
5 12 14
5 13 15
0 5 6
5 8 19
6 9 10
6 11 16
6 12 17
6 14 18
6 15 19
7 9 17
7 10 14
7 11 18
7 12 20
7 16 19
0 7 8
8 10 17
8 12 16
8 13 20
8 15 18
