1 6 7
15 23 24
1 3 9
10 22 24
2 5 9
13 21 24
2 4 10
3 20 24
1 5 10
6 19 24
0 7 10
7 18 24
0 3 11
2 17 24
4 6 11
11 16 24
5 7 11
12 14 24
1 8 11
4 9 24
0 2 12
5 8 24
0 1 24
7 8 12
13 22 23
1 2 13
6 21 23
5 6 13
5 20 23
4 8 13
11 19 23
3 10 13
3 18 23
3 4 14
14 17 23
2 6 14
1 16 23
9 10 14
10 12 23
11 13 14
7 9 23
3 7 15
2 8 23
0 4 23
8 10 15
20 21 22
6 12 15
1 19 22
0 13 15
4 18 22
0 9 16
16 17 22
6 10 16
11 15 22
0 14 22
3 12 16
5 12 22
5 14 16
8 9 22
4 15 16
2 7 22
0 5 17
3 6 22
3 8 17
10 19 21
6 9 17
17 18 21
10 11 17
2 16 21
4 12 17
14 15 21
7 13 17
1 12 21
1 15 17
9 11 21
0 8 21
6 8 18
4 7 21
2 11 18
3 5 21
9 12 18
17 19 20
1 14 18
10 18 20
5 15 18
8 16 20
13 16 18
2 15 20
2 3 19
7 14 20
4 5 19
9 13 20
12 13 19
11 12 20
0 6 20
8 14 19
1 4 20
0 18 19
9 15 19
7 16 19
0 1 25
2 3 25
4 5 25
6 7 25
8 9 25
10 11 25
12 13 25
14 15 25
16 17 25
18 19 25
20 21 25
22 23 25
13 24 25
