0 1 2 5 25
0 2 11 16 24
0 3 6 12 27
0 4 7 8 23
0 9 15 17 26
0 10 13 14 19
0 18 20 21 22
1 2 5 15 25
1 3 5 23 25
1 4 14 17 20
1 6 10 11 18
1 7 24 26 27
1 8 16 19 22
1 9 12 13 21
2 3 17 18 19
2 4 7 10 21
2 6 8 13 26
2 8 9 20 27
2 12 14 22 23
3 4 11 22 26
3 7 9 11 14
3 8 10 15 21
3 13 16 20 24
4 5 6 9 16
4 12 15 19 24
4 13 18 25 27
5 7 13 17 22
5 8 14 18 24
5 10 12 20 26
5 11 19 21 27
6 7 19 20 25
6 14 15 22 27
6 17 21 23 24
7 12 15 16 18
8 11 12 17 25
9 10 22 24 25
9 18 19 23 26
10 16 17 23 27
11 13 15 20 23
14 16 21 25 26
