1 2 4
1 3 5
1 6 7
1 8 9
1 10 11
1 12 13
1 14 15
1 16 17
1 18 19
1 20 21
1 22 23
1 24 25
1 26 27
0 1 28
2 3 4
2 4 5
2 6 8
2 7 10
2 9 11
2 12 14
2 13 16
2 15 17
2 18 20
2 19 22
2 21 23
2 24 26
2 25 28
0 2 27
3 6 9
3 7 11
3 8 10
3 12 15
3 13 17
3 14 16
3 18 21
3 19 23
3 20 22
3 24 27
0 3 25
3 26 28
4 6 10
4 7 9
4 8 11
4 12 16
4 13 15
4 14 17
4 18 22
4 19 21
4 20 23
4 24 28
4 25 27
0 4 26
5 6 11
5 7 8
5 9 10
5 12 17
5 13 14
5 15 16
5 18 23
5 19 20
5 21 22
0 5 24
5 25 26
5 27 28
6 12 20
6 13 28
6 14 24
6 15 21
6 16 27
6 17 18
6 19 26
6 22 25
0 6 23
7 12 23
7 13 21
7 14 27
0 7 15
7 16 25
7 17 19
7 18 26
7 20 28
7 22 24
8 12 19
8 13 25
8 14 21
8 15 28
8 16 23
8 17 27
8 18 24
0 8 20
8 22 26
9 12 25
9 13 26
9 14 20
9 15 24
9 16 18
9 17 22
9 19 28
0 9 21
9 23 27
10 12 26
10 13 23
10 14 22
10 15 18
0 10 16
10 17 28
10 19 27
10 20 25
10 21 24
11 12 24
11 13 19
11 14 26
11 15 22
11 16 20
0 11 17
11 18 25
11 21 27
11 23 28
0 12 18
12 21 28
12 22 27
13 18 27
13 20 24
0 13 22
14 18 28
0 14 19
14 23 25
15 19 25
15 20 27
15 23 26
16 19 24
16 21 26
16 22 28
17 20 26
17 21 25
17 23 24
