1 2 7 8
1 2 9 10
3 4 11 12
5 6 13 14
15 16 17 18
19 20 21 22
23 24 25 26
27 28 29 30
1 2 3 6
1 2 4 5
0 1 16 20
0 2 15 19
0 3 5 8
0 4 6 7
0 9 23 27
0 10 24 28
0 11 14 26
0 12 13 25
0 17 21 30
0 18 22 29
1 11 15 23
2 12 16 24
1 12 21 27
2 11 22 28
1 13 17 24
2 14 18 23
1 14 19 29
2 13 20 30
1 18 25 28
2 17 26 27
1 22 26 30
2 21 25 29
3 7 9 30
4 8 10 29
3 10 16 26
4 9 15 25
3 13 15 22
4 14 16 21
3 14 17 28
4 13 18 27
3 18 21 24
4 17 22 23
3 20 23 29
4 19 24 30
3 19 25 27
4 20 26 28
5 7 21 23
6 8 22 24
5 9 18 26
6 10 17 25
5 10 22 27
6 9 21 28
5 12 17 20
6 11 18 19
5 11 25 30
6 12 26 29
5 16 19 28
6 15 20 27
5 15 24 29
6 16 23 30
7 10 18 20
8 9 17 19
7 12 15 28
8 11 16 27
7 11 17 29
8 12 18 30
7 13 19 26
8 14 20 25
7 14 24 27
8 13 23 28
7 16 22 25
8 15 21 26
9 12 14 22
10 11 13 21
9 11 20 24
10 12 19 23
9 13 16 29
10 14 15 30
