0 1 16 18 31
0 1 21 22 25
0 2 8 9 30
0 3 12 14 29
0 4 17 20 26
0 5 11 13 27
0 6 10 15 24
0 7 19 23 28
1 2 13 15 29
1 3 10 11 30
1 4 8 12 28
1 5 19 20 24
1 6 17 23 27
1 7 9 14 26
2 3 17 19 31
2 3 20 23 25
2 4 18 21 27
2 5 10 12 26
2 6 11 14 28
2 7 16 22 24
3 4 9 13 24
3 5 16 21 28
3 6 18 22 26
3 7 8 15 27
4 5 14 15 31
4 5 22 23 29
4 6 16 19 30
4 7 10 11 25
5 6 8 9 25
5 7 17 18 30
6 7 12 13 31
6 7 20 21 29
8 10 16 17 29
8 11 20 22 31
8 13 19 21 26
8 14 18 23 24
9 10 21 23 31
9 11 18 19 29
9 12 16 20 27
9 15 17 22 28
10 13 18 20 28
10 14 19 22 27
11 12 17 21 24
11 15 16 23 26
12 13 22 23 30
12 15 18 19 25
13 14 16 17 25
14 15 20 21 30
20 24 25 26 27
24 25 26 28 29
24 25 26 30 31
27 28 29 30 31
