0 1 14 15 20 30
0 2 6 10 11 18
0 3 4 7 9 26
0 3 11 13 30 31
0 5 16 17 25 31
0 8 12 19 22 27
0 14 16 18 24 26
0 21 23 28 29 32
1 2 9 16 27 32
1 3 5 18 19 21
1 4 8 10 17 29
1 6 7 22 28 31
1 6 19 23 24 26
1 11 12 13 23 25
2 3 15 17 22 23
2 4 19 25 28 30
2 5 7 12 14 29
2 8 20 21 26 31
2 13 20 21 24 32
3 6 8 14 25 32
3 10 12 16 20 28
3 24 27 29 30 31
4 5 6 20 23 27
4 7 10 13 22 24
4 11 14 16 21 22
4 12 15 18 31 32
5 8 9 13 15 26
5 10 22 26 30 32
5 11 26 27 28 29
5 12 17 24 25 26
6 9 12 17 21 30
6 13 15 16 19 29
7 8 16 18 23 30
7 10 15 21 25 27
7 11 17 19 20 32
8 9 11 15 24 28
9 10 14 19 23 31
9 18 20 22 25 29
13 14 17 18 27 28
