0 1 4 8
0 2 32 33
0 3 7 11
0 5 12 18
0 6 14 20
0 9 13 24
0 10 15 28
0 16 22 25
0 17 21 30
0 19 26 31
0 23 27 29
1 2 5 9
1 3 32 33
1 6 13 19
1 7 15 21
1 10 14 25
1 11 12 29
1 16 27 28
1 17 23 26
1 18 22 31
1 20 24 30
2 3 6 10
2 4 12 22
2 7 14 16
2 8 13 30
2 11 15 26
2 17 24 29
2 18 20 27
2 19 23 28
2 21 25 31
3 4 15 17
3 5 13 23
3 8 12 27
3 9 14 31
3 16 20 29
3 18 25 30
3 19 21 24
3 22 26 28
4 5 16 24
4 6 32 33
4 7 19 27
4 9 21 29
4 10 18 23
4 11 25 28
4 13 20 31
4 14 26 30
5 6 17 25
5 7 32 33
5 8 26 29
5 10 22 30
5 11 19 20
5 14 21 28
5 15 27 31
6 7 18 26
6 8 16 21
6 9 27 30
6 11 23 31
6 12 24 28
6 15 22 29
7 8 20 28
7 9 17 22
7 10 24 31
7 12 23 30
7 13 25 29
8 9 10 11
8 14 19 22
8 15 18 24
8 17 31 32
8 23 25 33
9 12 19 25
9 15 16 23
9 18 28 32
9 20 26 33
10 12 17 20
10 13 16 26
10 19 29 32
10 21 27 33
11 13 18 21
11 14 17 27
11 16 30 32
11 22 24 33
12 13 14 15
12 16 31 33
12 21 26 32
13 17 28 33
13 22 27 32
14 18 29 33
14 23 24 32
15 19 30 33
15 20 25 32
16 17 18 19
20 21 22 23
24 25 26 27
28 29 30 31
