0 1 5 6 9 20 26
0 2 16 17 21 23 29
0 3 12 13 14 32 34
0 4 7 11 15 26 33
0 8 19 22 25 28 30
0 10 18 24 26 27 31
1 2 3 15 17 18 30
1 4 8 12 22 23 27
1 7 10 14 16 25 34
1 11 19 21 31 32 34
1 13 24 28 29 33 34
2 4 17 20 24 25 32
2 5 7 12 17 28 31
2 6 14 17 19 27 33
2 8 9 10 11 13 22
2 8 9 17 22 26 34
3 4 6 10 17 21 28
3 5 11 25 27 29 34
3 7 9 19 23 24 26
3 8 16 20 22 31 33
4 5 13 16 18 19 34
4 9 14 26 29 30 31
5 8 14 15 21 22 24
5 10 23 30 32 33 34
6 7 8 18 22 29 32
6 11 12 16 24 30 34
6 13 15 17 23 25 31
7 13 20 21 26 27 30
9 12 18 21 25 26 33
9 15 16 26 27 28 32
10 12 15 19 20 29 34
11 14 17 18 20 23 28
