0 1 7 13 14 20 26 27 33
0 2 11 13 15 24 26 28 37
0 3 8 13 16 21 26 29 34
0 4 5 13 17 18 26 30 31
0 6 9 13 19 22 26 32 35
0 10 12 13 23 25 26 36 38
1 2 6 14 15 19 27 28 32
1 3 12 14 16 25 27 29 38
1 4 11 14 17 24 27 30 37
1 5 8 14 18 21 27 31 34
1 9 10 14 22 23 27 35 36
2 3 10 15 16 23 28 29 36
2 4 12 15 17 25 28 30 38
2 5 9 15 18 22 28 31 35
2 7 8 15 20 21 28 33 34
3 4 6 16 17 19 29 30 32
3 5 7 16 18 20 29 31 33
3 9 11 16 22 24 29 35 37
4 7 10 17 20 23 30 33 36
4 8 9 17 21 22 30 34 35
5 6 12 18 19 25 31 32 38
5 10 11 18 23 24 31 36 37
6 7 11 19 20 24 32 33 37
6 8 10 19 21 23 32 34 36
7 9 12 20 22 25 33 35 38
8 11 12 21 24 25 34 37 38
