0 1 2 3 4 24 25 26 27 28
0 5 10 15 20 24 29 34 39 44
0 6 10 12 18 24 30 34 36 42
0 7 14 16 23 24 31 38 40 47
0 8 11 19 22 24 32 35 43 46
0 9 13 17 21 24 33 37 41 45
1 5 14 18 22 25 29 38 42 46
1 6 11 16 21 25 30 35 40 45
1 7 13 19 20 25 31 37 43 44
1 8 10 15 17 25 32 34 39 41
1 9 12 15 23 25 33 36 39 47
2 5 13 16 21 26 29 37 40 45
2 6 10 19 23 26 30 34 43 47
2 7 12 17 22 26 31 36 41 46
2 8 14 15 21 26 32 38 39 45
2 9 11 18 20 26 33 35 42 44
3 5 12 19 21 27 29 36 43 45
3 6 14 17 20 27 30 38 41 44
3 7 10 11 15 27 31 34 35 39
3 8 13 18 23 27 32 37 42 47
3 9 10 16 22 27 33 34 40 46
4 5 11 17 23 28 29 35 41 47
4 6 13 15 22 28 30 37 39 46
4 7 10 18 21 28 31 34 42 45
4 8 12 16 20 28 32 36 40 44
4 9 14 19 23 28 33 38 43 47
5 6 7 8 9 29 30 31 32 33
9 20 21 22 23 33 44 45 46 47
10 11 12 13 14 34 35 36 37 38
15 16 17 18 19 39 40 41 42 43
