0 1 2 8 9 10 56
0 1 2 48 49 50 56
0 1 3 4 5 6 7
0 8 16 24 32 40 48
0 9 17 25 33 41 49
0 10 18 26 34 42 50
0 11 19 27 35 43 51
0 12 20 28 36 44 52
0 13 21 29 37 45 53
0 14 22 30 38 46 54
0 15 23 31 39 47 55
1 8 17 26 35 44 53
1 9 16 27 34 45 52
1 10 19 24 33 46 55
1 11 18 25 32 47 54
1 12 21 30 39 40 49
1 13 20 31 38 41 48
1 14 23 28 37 42 51
1 15 22 29 36 43 50
2 3 4 5 6 7 56
2 8 18 28 38 45 55
2 9 19 29 39 44 54
2 10 16 30 36 47 53
2 11 17 31 37 46 52
2 12 22 24 34 41 51
2 13 23 25 35 40 50
2 14 20 26 32 43 49
2 15 21 27 33 42 48
3 8 19 30 37 41 50
3 9 18 31 36 40 51
3 10 17 28 39 43 48
3 11 16 29 38 42 49
3 12 23 26 33 45 54
3 13 22 27 32 44 55
3 14 21 24 35 47 52
3 15 20 25 34 46 53
4 8 20 29 33 47 51
4 9 21 28 32 46 50
4 10 22 31 35 45 49
4 11 23 30 34 44 48
4 12 16 25 37 43 55
4 13 17 24 36 42 54
4 14 18 27 39 41 53
4 15 19 26 38 40 52
5 8 21 31 34 43 54
5 9 20 30 35 42 55
5 10 23 29 32 41 52
5 11 22 28 33 40 53
5 12 17 27 38 47 50
5 13 16 26 39 46 51
5 14 19 25 36 45 48
5 15 18 24 37 44 49
6 8 22 25 39 42 52
6 9 23 24 38 43 53
6 10 20 27 37 40 54
6 11 21 26 36 41 55
6 12 18 29 35 46 48
6 13 19 28 34 47 49
6 14 16 31 33 44 50
6 15 17 30 32 45 51
7 8 23 27 36 46 49
7 9 22 26 37 47 48
7 10 21 25 38 44 51
7 11 20 24 39 45 50
7 12 19 31 32 42 53
7 13 18 30 33 43 52
7 14 17 29 34 40 55
7 15 16 28 35 41 54
8 9 11 12 13 14 15
10 11 12 13 14 15 56
16 17 18 24 25 26 56
16 17 19 20 21 22 23
18 19 20 21 22 23 56
24 25 27 28 29 30 31
26 27 28 29 30 31 56
32 33 34 40 41 42 56
32 33 35 36 37 38 39
34 35 36 37 38 39 56
40 41 43 44 45 46 47
42 43 44 45 46 47 56
48 49 51 52 53 54 55
50 51 52 53 54 55 56
