0 1 4
0 2 25
0 3 34
0 5 10
0 6 37
0 7 19
0 8 35
0 9 17
0 11 49
0 12 15
0 13 48
0 14 16
0 18 26
0 20 45
0 21 50
0 22 42
0 23 38
0 24 58
0 27 30
0 28 57
0 29 54
0 31 53
0 32 36
0 33 44
0 39 60
0 40 51
0 41 61
0 43 52
0 43 56
0 46 55
0 47 59
1 2 55
1 3 32
1 5 60
1 6 58
1 7 27
1 8 33
1 9 61
1 10 22
1 11 50
1 12 21
1 13 15
1 14 45
1 16 35
1 17 59
1 18 46
1 19 49
1 20 52
1 23 28
1 24 38
1 25 48
1 26 53
1 29 34
1 30 51
1 31 37
1 36 54
1 37 56
1 39 43
1 40 41
1 42 44
1 47 57
2 3 52
2 4 50
2 5 49
2 6 43
2 7 41
2 8 29
2 9 38
2 10 14
2 11 28
2 12 46
2 13 24
2 15 39
2 16 37
2 17 60
2 18 57
2 19 59
2 20 33
2 21 51
2 22 27
2 23 40
2 26 47
2 26 56
2 30 53
2 31 34
2 32 61
2 35 54
2 36 45
2 42 48
2 44 58
3 4 42
3 5 27
3 6 7
3 8 60
3 9 44
3 10 46
3 11 33
3 12 61
3 13 35
3 14 49
3 14 56
3 15 17
3 16 53
3 18 19
3 20 54
3 21 58
3 22 23
3 24 59
3 25 26
3 28 39
3 29 45
3 30 36
3 31 40
3 37 57
3 38 50
3 41 55
3 43 48
3 47 51
4 5 41
4 6 60
4 7 48
4 8 20
4 9 16
4 10 49
4 11 40
4 12 22
4 13 36
4 14 21
4 15 33
4 17 61
4 18 51
4 19 24
4 21 56
4 23 53
4 25 35
4 26 29
4 27 32
4 28 37
4 30 58
4 31 39
4 34 44
4 38 54
4 43 59
4 45 52
4 46 57
4 47 55
5 6 23
5 7 33
5 8 45
5 9 54
5 11 16
5 12 19
5 13 42
5 14 18
5 15 57
5 17 28
5 20 30
5 21 48
5 22 36
5 24 34
5 25 58
5 26 51
5 29 61
5 31 50
5 32 38
5 35 59
5 37 46
5 39 40
5 43 53
5 44 47
5 45 56
5 52 55
6 8 13
6 9 36
6 10 12
6 11 31
6 14 48
6 15 19
6 16 50
6 17 25
6 18 28
6 20 39
6 21 42
6 22 45
6 24 55
6 26 61
6 27 46
6 29 53
6 30 57
6 32 40
6 33 34
6 35 47
6 36 56
6 38 51
6 41 44
6 49 59
6 52 54
7 8 28
7 9 21
7 10 31
7 11 36
7 12 13
7 14 52
7 15 59
7 16 24
7 17 50
7 18 54
7 20 34
7 22 38
7 22 56
7 23 46
7 25 39
7 26 45
7 29 43
7 30 40
7 32 42
7 35 58
7 37 49
7 44 55
7 47 53
7 51 57
7 60 61
8 9 15
8 10 42
8 11 47
8 12 32
8 14 37
8 15 56
8 16 36
8 17 18
8 19 30
8 21 43
8 22 44
8 23 51
8 24 50
8 25 27
8 26 55
8 31 58
8 34 54
8 38 61
8 39 41
8 40 59
8 46 49
8 48 57
8 52 53
9 10 47
9 11 20
9 12 24
9 13 51
9 14 46
9 18 50
9 19 22
9 23 33
9 25 57
9 26 41
9 27 43
9 28 40
9 29 59
9 30 45
9 31 42
9 32 52
9 34 37
9 35 49
9 39 53
9 48 55
9 55 56
9 58 60
10 11 34
10 13 41
10 15 28
10 16 26
10 17 54
10 18 44
10 19 58
10 20 55
10 21 40
10 23 32
10 24 36
10 25 45
10 27 52
10 29 30
10 33 53
10 35 50
10 37 48
10 38 57
10 39 61
10 43 51
10 56 59
10 59 60
11 12 29
11 13 43
11 14 17
11 15 22
11 18 61
11 19 48
11 19 56
11 21 39
11 23 25
11 24 32
11 26 35
11 27 38
11 30 60
11 37 41
11 42 58
11 44 46
11 45 54
11 51 55
11 52 59
11 53 57
12 14 36
12 16 27
12 17 20
12 17 56
12 18 31
12 23 42
12 25 54
12 26 58
12 28 44
12 30 59
12 33 49
12 34 40
12 35 53
12 37 43
12 38 45
12 39 55
12 41 47
12 48 60
12 50 57
12 51 52
13 14 53
13 16 17
13 18 32
13 19 38
13 20 47
13 21 27
13 22 29
13 23 61
13 25 50
13 26 37
13 28 33
13 30 46
13 31 45
13 34 57
13 39 58
13 40 54
13 44 60
13 48 56
13 49 52
13 55 59
14 15 30
14 19 34
14 20 24
14 22 47
14 23 27
14 25 41
14 26 60
14 28 38
14 29 42
14 31 32
14 33 54
14 35 39
14 40 61
14 43 58
14 44 50
14 51 59
14 55 57
15 16 43
15 18 21
15 20 49
15 23 29
15 24 40
15 25 34
15 26 42
15 27 61
15 31 52
15 32 35
15 36 46
15 37 51
15 38 47
15 41 48
15 44 45
15 50 58
15 53 60
15 54 55
16 18 60
16 19 23
16 20 32
16 21 33
16 22 34
16 25 47
16 28 31
16 29 40
16 30 49
16 38 48
16 38 56
16 39 59
16 41 46
16 42 55
16 44 52
16 45 57
16 51 54
16 58 61
17 19 31
17 21 32
17 22 39
17 23 47
17 24 27
17 26 40
17 29 51
17 30 42
17 33 41
17 34 55
17 35 46
17 36 53
17 37 44
17 38 49
17 43 57
17 45 48
17 52 58
18 20 59
18 22 25
18 23 36
18 24 29
18 27 40
18 30 55
18 33 48
18 34 52
18 35 45
18 35 56
18 37 38
18 39 47
18 41 58
18 42 53
18 43 49
19 20 60
19 21 45
19 25 40
19 26 50
19 27 39
19 28 35
19 29 46
19 32 51
19 33 57
19 36 43
19 37 42
19 41 52
19 44 61
19 47 54
19 53 55
20 21 36
20 22 31
20 23 58
20 25 51
20 26 46
20 27 50
20 28 43
20 28 56
20 29 38
20 35 48
20 37 61
20 40 53
20 41 42
20 44 57
21 22 61
21 23 55
21 24 53
21 25 46
21 26 54
21 28 29
21 30 41
21 31 38
21 34 47
21 35 60
21 37 59
21 44 49
21 52 57
22 24 33
22 26 43
22 28 32
22 30 52
22 35 40
22 37 55
22 41 60
22 46 48
22 49 53
22 50 51
22 54 58
22 57 59
23 24 52
23 26 31
23 30 39
23 34 49
23 35 37
23 41 43
23 44 59
23 45 50
23 48 54
23 50 56
23 57 60
24 25 43
24 26 30
24 28 47
24 31 49
24 35 57
24 37 45
24 39 42
24 40 56
24 41 51
24 44 48
24 46 61
24 54 60
25 28 30
25 29 52
25 31 60
25 32 49
25 33 59
25 36 44
25 37 53
25 38 42
25 41 56
25 55 61
26 27 57
26 28 49
26 32 44
26 33 38
26 34 39
26 36 59
26 48 52
27 28 42
27 29 47
27 31 59
27 33 55
27 34 58
27 35 51
27 36 37
27 41 53
27 44 54
27 44 56
27 45 60
27 48 49
28 34 45
28 36 48
28 41 54
28 46 52
28 50 55
28 51 60
28 53 61
28 58 59
29 31 41
29 32 55
29 33 37
29 35 36
29 39 44
29 48 50
29 49 56
29 49 60
29 51 56
29 57 58
30 31 48
30 32 43
30 33 61
30 34 38
30 35 44
30 37 47
30 50 54
30 54 56
31 33 46
31 35 55
31 36 61
31 43 47
31 44 51
31 52 56
31 54 57
32 33 60
32 34 48
32 37 58
32 39 57
32 41 45
32 46 47
32 50 59
32 53 54
32 56 57
33 35 42
33 36 39
33 40 45
33 43 50
33 47 52
33 51 58
33 56 58
34 35 41
34 36 42
34 42 56
34 43 46
34 50 60
34 51 61
34 53 59
35 38 43
35 52 61
36 38 52
36 40 57
36 41 50
36 47 60
36 49 51
36 55 58
37 39 54
37 40 50
37 52 60
38 39 46
38 40 58
38 41 59
38 44 53
38 55 60
39 45 49
39 48 51
39 50 52
39 56 60
40 42 52
40 43 44
40 46 60
40 47 48
40 49 55
41 49 57
42 43 60
42 45 59
42 46 51
42 47 50
42 49 54
42 57 61
43 45 55
43 54 61
45 46 58
45 47 61
45 51 53
46 50 53
46 53 56
46 54 59
47 49 58
47 56 61
48 53 58
48 59 61
49 50 61
