0 1 9 13
0 1 10 11
0 2 7 14
0 3 6 61
0 4 8 62
0 5 12 60
0 15 30 45
0 16 44 55
0 17 42 59
0 18 41 49
0 19 40 54
0 20 38 58
0 21 32 53
0 22 36 48
0 23 39 57
0 24 43 52
0 25 37 47
0 26 35 51
0 27 34 56
0 28 33 46
0 29 31 50
1 2 6 62
1 3 7 60
1 4 12 61
1 5 8 14
1 15 32 51
1 16 31 46
1 17 30 56
1 18 43 45
1 19 42 50
1 20 41 55
1 21 39 59
1 22 33 54
1 23 37 49
1 24 40 58
1 25 44 53
1 26 38 48
1 27 36 52
1 28 35 57
1 29 34 47
2 3 8 9
2 3 12 13
2 4 10 60
2 5 11 61
2 15 35 48
2 16 33 52
2 17 32 47
2 18 31 57
2 19 44 46
2 20 43 51
2 21 42 56
2 22 40 45
2 23 34 55
2 24 38 50
2 25 41 59
2 26 30 54
2 27 39 49
2 28 37 53
2 29 36 58
3 4 11 14
3 5 10 62
3 15 37 59
3 16 36 49
3 17 34 53
3 18 33 48
3 19 32 58
3 20 30 47
3 21 44 52
3 22 43 57
3 23 41 46
3 24 35 56
3 25 39 51
3 26 42 45
3 27 31 55
3 28 40 50
3 29 38 54
4 5 6 9
4 5 7 13
4 15 39 55
4 16 38 45
4 17 37 50
4 18 35 54
4 19 34 49
4 20 33 59
4 21 31 48
4 22 30 53
4 23 44 58
4 24 42 47
4 25 36 57
4 26 40 52
4 27 43 46
4 28 32 56
4 29 41 51
5 15 42 52
5 16 40 56
5 17 39 46
5 18 38 51
5 19 36 55
5 20 35 50
5 21 34 45
5 22 32 49
5 23 31 54
5 24 30 59
5 25 43 48
5 26 37 58
5 27 41 53
5 28 44 47
5 29 33 57
6 7 8 12
6 7 10 11
6 13 14 60
6 15 34 58
6 16 43 53
6 17 41 57
6 18 40 47
6 19 39 52
6 20 37 56
6 21 36 51
6 22 35 46
6 23 33 50
6 24 32 55
6 25 31 45
6 26 44 49
6 27 38 59
6 28 42 54
6 29 30 48
7 9 61 62
7 15 31 49
7 16 35 59
7 17 44 54
7 18 42 58
7 19 41 48
7 20 40 53
7 21 38 57
7 22 37 52
7 23 36 47
7 24 34 51
7 25 33 56
7 26 32 46
7 27 30 50
7 28 39 45
7 29 43 55
8 9 11 60
8 10 13 61
8 15 44 56
8 16 32 50
8 17 36 45
8 18 30 55
8 19 43 59
8 20 42 49
8 21 41 54
8 22 39 58
8 23 38 53
8 24 37 48
8 25 35 52
8 26 34 57
8 27 33 47
8 28 31 51
8 29 40 46
9 10 12 14
9 15 41 47
9 16 30 57
9 17 33 51
9 18 37 46
9 19 31 56
9 20 44 45
9 21 43 50
9 22 42 55
9 23 40 59
9 24 39 54
9 25 38 49
9 26 36 53
9 27 35 58
9 28 34 48
9 29 32 52
10 15 33 53
10 16 42 48
10 17 31 58
10 18 34 52
10 19 38 47
10 20 32 57
10 21 30 46
10 22 44 51
10 23 43 56
10 24 41 45
10 25 40 55
10 26 39 50
10 27 37 54
10 28 36 59
10 29 35 49
11 12 13 62
11 15 36 50
11 16 34 54
11 17 43 49
11 18 32 59
11 19 35 53
11 20 39 48
11 21 33 58
11 22 31 47
11 23 30 52
11 24 44 57
11 25 42 46
11 26 41 56
11 27 40 51
11 28 38 55
11 29 37 45
12 15 38 46
12 16 37 51
12 17 35 55
12 18 44 50
12 19 33 45
12 20 36 54
12 21 40 49
12 22 34 59
12 23 32 48
12 24 31 53
12 25 30 58
12 26 43 47
12 27 42 57
12 28 41 52
12 29 39 56
13 15 40 57
13 16 39 47
13 17 38 52
13 18 36 56
13 19 30 51
13 20 34 46
13 21 37 55
13 22 41 50
13 23 35 45
13 24 33 49
13 25 32 54
13 26 31 59
13 27 44 48
13 28 43 58
13 29 42 53
14 15 43 54
14 16 41 58
14 17 40 48
14 18 39 53
14 19 37 57
14 20 31 52
14 21 35 47
14 22 38 56
14 23 42 51
14 24 36 46
14 25 34 50
14 26 33 55
14 27 32 45
14 28 30 49
14 29 59 62
14 44 59 61
15 16 24 28
15 16 25 26
15 17 22 29
15 18 21 62
15 19 23 60
15 20 27 61
16 17 21 60
16 18 22 61
16 19 27 62
16 20 23 29
17 18 23 24
17 18 27 28
17 19 25 61
17 20 26 62
18 19 26 29
18 20 25 60
19 20 21 24
19 20 22 28
21 22 23 27
21 22 25 26
21 28 29 61
22 24 60 62
23 24 26 61
23 25 28 62
24 25 27 29
26 27 28 60
29 44 59 60
30 31 39 43
30 31 40 41
30 32 37 44
30 33 36 60
30 34 38 61
30 35 42 62
31 32 36 61
31 33 37 62
31 34 42 60
31 35 38 44
32 33 38 39
32 33 42 43
32 34 40 62
32 35 41 60
33 34 41 44
33 35 40 61
34 35 36 39
34 35 37 43
36 37 38 42
36 37 40 41
36 43 44 62
37 39 60 61
38 39 41 62
38 40 43 60
39 40 42 44
41 42 43 61
45 46 54 58
45 46 55 56
45 47 52 59
45 48 51 60
45 49 53 61
45 50 57 62
46 47 51 61
46 48 52 62
46 49 57 60
46 50 53 59
47 48 53 54
47 48 57 58
47 49 55 62
47 50 56 60
48 49 56 59
48 50 55 61
49 50 51 54
49 50 52 58
51 52 53 57
51 52 55 56
51 58 59 62
52 54 60 61
53 54 56 62
53 55 58 60
54 55 57 59
56 57 58 61
