0 1 2 3 4 5 63
0 1 2 5 6 7 8
0 9 10 11 12 13 63
0 9 18 27 36 45 54
0 10 19 28 37 46 55
0 11 20 29 38 47 56
0 12 21 30 39 48 57
0 13 22 31 40 49 58
0 14 23 32 41 50 59
0 15 24 33 42 51 60
0 16 25 34 43 52 61
0 17 26 35 44 53 62
0 18 19 20 21 22 63
0 27 28 29 30 31 63
0 36 37 38 39 40 63
0 45 46 47 48 49 63
0 54 55 56 57 58 63
1 9 20 28 42 53 61
1 10 18 29 43 51 62
1 11 19 27 44 52 60
1 12 23 31 36 47 55
1 13 21 32 37 45 56
1 14 22 30 38 46 54
1 15 26 34 39 50 58
1 16 24 35 40 48 59
1 17 25 33 41 49 57
2 9 19 29 39 49 59
2 10 20 27 40 50 57
2 11 18 28 41 48 58
2 12 22 32 42 52 62
2 13 23 30 43 53 60
2 14 21 31 44 51 61
2 15 25 35 36 46 56
2 16 26 33 37 47 54
2 17 24 34 38 45 55
3 4 5 6 7 8 63
3 9 24 30 41 47 62
3 10 25 31 39 45 60
3 11 26 32 40 46 61
3 12 18 33 44 50 56
3 13 19 34 42 48 54
3 14 20 35 43 49 55
3 15 21 27 38 53 59
3 16 22 28 36 51 57
3 17 23 29 37 52 58
4 9 26 31 38 52 57
4 10 24 32 36 53 58
4 11 25 30 37 51 59
4 12 20 34 41 46 60
4 13 18 35 39 47 61
4 14 19 33 40 45 62
4 15 23 28 44 49 54
4 16 21 29 42 50 55
4 17 22 27 43 48 56
5 9 25 32 44 48 55
5 10 26 30 42 49 56
5 11 24 31 43 50 54
5 12 19 35 38 51 58
5 13 20 33 36 52 59
5 14 18 34 37 53 57
5 15 22 29 41 45 61
5 16 23 27 39 46 62
5 17 21 28 40 47 60
6 9 21 33 43 46 58
6 10 22 34 44 47 59
6 11 23 35 42 45 57
6 12 24 27 37 49 61
6 13 25 28 38 50 62
6 14 26 29 36 48 60
6 15 18 30 40 52 55
6 16 19 31 41 53 56
6 17 20 32 39 51 54
7 9 23 34 40 51 56
7 10 21 35 41 52 54
7 11 22 33 39 53 55
7 12 26 28 43 45 59
7 13 24 29 44 46 57
7 14 25 27 42 47 58
7 15 20 31 37 48 62
7 16 18 32 38 49 60
7 17 19 30 36 50 61
8 9 22 35 37 50 60
8 10 23 33 38 48 61
8 11 21 34 36 49 62
8 12 25 29 40 53 54
8 13 26 27 41 51 55
8 14 24 28 39 52 56
8 15 19 32 43 47 57
8 16 20 30 44 45 58
8 17 18 31 42 46 59
9 10 11 14 15 16 17
12 13 14 15 16 17 63
18 19 20 23 24 25 26
21 22 23 24 25 26 63
27 28 29 32 33 34 35
30 31 32 33 34 35 63
36 37 38 41 42 43 44
39 40 41 42 43 44 63
45 46 47 50 51 52 53
48 49 50 51 52 53 63
54 55 56 59 60 61 62
57 58 59 60 61 62 63
