0 1 2 3 66 67
0 1 14 27 40 53
0 2 15 28 41 54
0 3 16 29 42 55
0 4 17 30 43 56
0 5 18 31 44 57
0 6 19 32 45 58
0 7 20 33 46 59
0 8 21 34 47 60
0 9 22 35 48 61
0 10 23 36 49 62
0 11 24 37 50 63
0 12 25 38 51 64
0 13 26 39 52 65
1 2 11 18 23 25
1 3 31 36 37 46
1 4 5 15 21 26
1 6 43 50 52 55
1 7 32 54 57 65
1 8 39 59 61 64
1 9 45 47 51 63
1 10 13 17 22 24
1 12 29 34 35 44
1 16 33 41 56 60
1 19 28 38 42 62
1 20 30 48 49 58
2 3 12 19 24 26
2 4 32 37 38 47
2 5 6 14 16 22
2 7 40 44 51 56
2 8 33 53 55 58
2 9 27 60 62 65
2 10 46 48 52 64
2 13 30 35 36 45
2 17 34 42 57 61
2 20 29 39 43 63
2 21 31 49 50 59
3 4 13 14 20 25
3 5 33 38 39 48
3 6 7 15 17 23
3 8 41 45 52 57
3 9 34 54 56 59
3 10 28 53 61 63
3 11 40 47 49 65
3 18 35 43 58 62
3 21 27 30 44 64
3 22 32 50 51 60
4 6 27 34 39 49
4 7 8 16 18 24
4 9 40 42 46 58
4 10 35 55 57 60
4 11 29 54 62 64
4 12 41 48 50 53
4 14 42 52 66 67
4 19 36 44 59 63
4 22 28 31 45 65
4 23 33 51 52 61
5 7 27 28 35 50
5 8 9 17 19 25
5 10 41 43 47 59
5 11 36 56 58 61
5 11 47 60 66 67
5 12 30 55 63 65
5 13 42 49 51 54
5 20 37 45 60 64
5 23 29 32 46 53
5 24 34 40 52 62
6 7 31 63 66 67
6 8 28 29 36 51
6 9 10 18 20 26
6 11 42 44 48 60
6 12 37 57 59 62
6 13 31 53 56 64
6 21 38 46 61 65
6 24 30 33 47 54
6 25 35 40 41 63
7 9 29 30 37 52
7 10 11 14 19 21
7 12 43 45 49 61
7 13 38 58 60 63
7 22 39 47 53 62
7 25 31 34 48 55
7 26 36 41 42 64
8 10 30 31 38 40
8 11 12 15 20 22
8 13 44 46 50 62
8 14 37 42 43 65
8 21 40 54 66 67
8 23 27 48 54 63
8 26 32 35 49 56
9 11 31 32 39 41
9 12 13 16 21 23
9 12 32 37 66 67
9 14 33 36 50 57
9 15 38 43 44 53
9 24 28 49 55 64
10 12 27 32 33 42
10 15 34 37 51 58
10 16 39 44 45 54
10 25 29 50 56 65
10 25 50 65 66 67
11 13 28 33 34 43
11 16 35 38 52 59
11 17 27 45 46 55
11 26 30 51 53 57
12 14 31 52 54 58
12 17 36 39 40 60
12 18 28 46 47 56
13 15 32 40 55 59
13 18 27 37 41 61
13 19 29 47 48 57
13 19 44 48 66 67
14 15 45 48 56 62
14 17 29 38 41 49
14 18 32 34 63 64
14 23 28 30 59 60
14 24 35 39 46 51
14 26 44 47 55 61
15 16 46 49 57 63
15 18 30 39 42 50
15 19 33 35 64 65
15 23 26 51 66 67
15 24 29 31 60 61
15 25 27 36 47 52
16 17 47 50 58 64
16 19 27 31 43 51
16 20 34 36 53 65
16 25 30 32 61 62
16 26 28 37 40 48
16 46 55 58 66 67
17 18 48 51 59 65
17 20 28 32 44 52
17 20 28 59 66 67
17 21 35 37 53 54
17 26 31 33 62 63
18 19 49 52 53 60
18 21 29 33 40 45
18 22 36 38 54 55
18 32 49 61 66 67
19 20 40 50 54 61
19 22 30 34 41 46
19 23 37 39 55 56
20 21 41 51 55 62
20 23 31 35 42 47
20 24 27 38 56 57
21 22 42 52 56 63
21 24 32 36 43 48
21 25 28 39 57 58
22 23 40 43 57 64
22 25 33 37 44 49
22 26 27 29 58 59
22 30 36 53 66 67
23 24 41 44 58 65
23 26 34 38 45 50
24 25 42 45 53 59
24 29 39 45 66 67
25 26 43 46 54 60
27 34 57 62 66 67
33 35 41 45 66 67
38 43 56 64 66 67
