0 1 5 13 43 57
0 2 10 14 30 53
0 3 11 47 59 62
0 4 26 41 48 67
0 6 9 24 40 55
0 7 8 25 73 74
0 12 33 35 39 46
0 15 36 42 45 60
0 16 31 52 58 61
0 17 52 65 66 68
0 18 29 50 51 56
0 19 28 32 54 69
0 20 38 49 70 71
0 21 23 27 34 64
0 22 37 44 63 72
1 2 4 11 12 29
1 3 7 14 44 56
1 3 10 40 52 73
1 6 19 35 41 58
1 8 27 36 40 62
1 9 39 53 72 73
1 10 15 17 46 67
1 16 32 47 68 74
1 18 37 42 55 71
1 20 21 25 33 63
1 22 23 28 48 66
1 24 26 34 38 54
1 30 51 56 61 70
1 31 45 64 65 69
1 49 50 52 59 60
2 3 8 28 46 57
2 5 20 36 51 72
2 6 22 45 68 70
2 7 9 38 59 69
2 11 16 19 27 63
2 13 34 35 40 60
2 15 31 37 54 73
2 17 24 43 52 56
2 18 41 64 66 74
2 21 26 39 55 61
2 23 33 42 47 49
2 25 48 50 58 62
2 32 44 65 67 71
3 4 21 69 70 72
3 5 34 55 65 74
3 6 20 23 31 67
3 9 26 45 50 63
3 12 16 38 53 60
3 13 22 27 29 58
3 15 18 32 35 43
3 17 36 37 41 49
3 19 25 42 61 66
3 24 30 33 48 64
3 39 51 54 68 71
4 5 9 17 47 61
4 6 14 18 34 57
4 7 15 51 63 66
4 8 30 45 52 71
4 10 13 28 44 59
4 11 24 42 53 74
4 16 37 39 43 50
4 19 40 46 49 64
4 20 35 56 62 65
4 22 33 54 55 60
4 23 32 36 58 73
4 25 27 31 38 68
5 6 8 15 16 33
5 7 11 18 48 60
5 10 23 39 45 62
5 12 31 40 44 66
5 14 19 21 50 71
5 15 21 38 57 62
5 20 22 41 46 59
5 24 25 29 37 67
5 26 27 32 52 70
5 28 30 38 42 58
5 35 49 68 69 73
5 53 54 56 63 64
6 7 12 32 50 61
6 10 26 49 72 74
6 11 13 42 63 73
6 11 14 28 31 39
6 17 38 39 44 64
6 21 28 47 56 60
6 25 30 43 59 65
6 27 36 48 69 71
6 27 37 46 51 53
6 29 52 54 62 66
7 10 24 27 35 71
7 13 30 49 54 67
7 16 20 42 57 64
7 17 26 31 33 62
7 18 43 55 58 72
7 19 22 36 39 47
7 21 40 41 45 53
7 23 29 46 65 70
7 28 34 37 52 68
8 9 13 21 51 65
8 10 18 22 38 61
8 11 19 55 67 70
8 12 34 49 56 71
8 14 17 32 48 63
8 20 41 43 47 54
8 23 44 50 53 68
8 24 39 60 66 69
8 26 37 58 59 64
8 29 31 35 42 72
9 10 12 19 20 37
9 11 15 22 52 64
9 14 18 23 25 54
9 14 27 43 49 66
9 16 35 44 48 70
9 28 29 33 41 71
9 30 31 36 56 74
9 32 34 42 46 62
9 57 58 60 67 68
10 11 16 36 54 65
10 21 42 43 48 68
10 25 32 51 60 64
10 29 34 47 63 69
10 31 41 50 55 57
10 33 56 58 66 70
11 17 34 53 58 71
11 20 24 46 61 68
11 21 30 35 37 66
11 23 26 40 43 51
11 25 44 45 49 57
11 27 33 50 69 74
11 32 38 41 56 72
12 13 17 25 55 69
12 14 22 26 42 65
12 15 23 59 71 74
12 18 21 36 52 67
12 24 45 47 51 58
12 27 48 54 57 72
12 28 43 64 70 73
12 30 41 62 63 68
13 14 16 23 24 41
13 15 19 26 56 68
13 18 31 47 53 70
13 20 39 48 52 74
13 24 32 33 37 45
13 36 38 46 50 66
13 61 62 64 71 72
14 15 20 40 58 69
14 25 46 47 52 72
14 29 36 55 64 68
14 33 38 51 67 73
14 35 45 54 59 61
14 37 60 62 70 74
15 24 28 50 65 72
15 25 34 39 41 70
15 27 30 44 47 55
15 29 48 49 53 61
16 17 21 29 59 73
16 18 26 30 46 69
16 22 25 40 56 71
16 28 49 51 55 62
16 34 45 66 67 72
17 18 20 27 28 45
17 19 23 30 60 72
17 22 35 51 57 74
17 40 42 50 54 70
18 19 24 44 62 73
18 33 40 59 68 72
18 39 49 58 63 65
19 29 38 43 45 74
19 31 34 48 51 59
19 33 52 53 57 65
20 22 30 34 50 73
20 26 29 44 60 70
20 32 53 55 59 66
21 22 24 31 32 49
21 44 46 54 58 74
22 43 53 62 67 69
23 35 38 52 55 63
23 37 56 57 61 69
24 36 57 59 63 70
25 26 28 35 36 53
26 47 57 66 71 73
27 39 42 56 59 67
27 41 60 61 65 73
28 40 61 63 67 74
29 30 32 39 40 57
29 35 47 50 64 67
31 43 46 60 63 71
33 34 36 43 44 61
37 38 40 47 48 65
41 42 44 51 52 69
45 46 48 55 56 73
