0 1 3 7 11
0 1 30 35 36
0 1 49 51 56
0 1 58 64 73
0 2 10 15 73
0 4 12 72 75
0 5 6 13 74
0 8 9 14 76
0 16 22 26 74
0 17 23 25 27
0 18 21 28 29
0 19 20 24 75
0 31 42 43 74
0 32 34 39 41
0 33 37 38 40
0 44 46 53 74
0 45 47 55 73
0 48 54 75 76
0 50 52 57 72
0 59 68 70 71
0 60 63 65 69
0 61 62 66 67
1 2 4 13 14
1 5 8 15 72
1 6 9 10 12
1 16 27 28 75
1 17 19 26 29
1 18 24 25 74
1 20 21 22 23
1 31 33 41 73
1 32 37 42 72
1 34 40 43 76
1 38 39 74 75
1 44 45 57 76
1 46 48 50 55
1 47 52 53 54
1 59 63 67 74
1 60 61 71 75
1 62 68 69 76
1 65 66 70 72
2 3 6 8 75
2 5 11 12 76
2 7 9 72 74
2 16 30 44 58
2 17 31 45 59
2 18 32 46 60
2 19 33 47 61
2 20 34 48 62
2 21 35 49 63
2 22 36 50 64
2 23 37 51 65
2 24 38 52 66
2 25 39 53 67
2 26 40 54 68
2 27 41 55 69
2 28 42 56 70
2 29 43 57 71
3 4 5 9 73
3 10 13 72 76
3 12 14 15 74
3 16 31 57 66
3 17 39 48 63
3 18 41 52 71
3 19 36 46 59
3 20 38 55 64
3 21 34 50 68
3 22 33 54 58
3 23 30 56 62
3 24 40 47 67
3 25 37 49 70
3 26 32 51 61
3 27 35 53 65
3 28 43 45 69
3 29 42 44 60
4 6 7 15 76
4 8 10 11 74
4 16 38 47 62
4 17 40 51 71
4 18 35 45 58
4 19 37 54 63
4 20 33 49 67
4 21 32 53 70
4 22 42 55 61
4 23 39 46 66
4 24 36 48 69
4 25 31 50 60
4 26 34 52 64
4 27 43 44 68
4 28 30 57 65
4 29 41 56 59
5 7 10 14 75
5 16 39 50 71
5 17 34 44 70
5 18 36 53 62
5 19 32 48 66
5 20 31 52 69
5 21 41 54 60
5 22 38 45 65
5 23 35 47 68
5 24 30 49 59
5 25 33 51 63
5 26 43 56 67
5 27 42 57 64
5 28 37 46 61
5 29 40 55 58
6 11 14 72 73
6 16 33 56 69
6 17 35 52 61
6 18 31 47 65
6 19 30 51 68
6 20 40 53 59
6 21 37 44 64
6 22 34 46 67
6 23 42 48 58
6 24 32 50 62
6 25 43 55 66
6 26 41 57 63
6 27 36 45 60
6 28 38 49 71
6 29 39 54 70
7 8 12 13 73
7 16 34 51 60
7 17 30 46 64
7 18 42 50 67
7 19 39 52 58
7 20 36 56 63
7 21 33 45 66
7 22 41 47 70
7 23 31 49 61
7 24 43 54 65
7 25 40 57 62
7 26 35 44 59
7 27 37 48 71
7 28 32 55 68
7 29 38 53 69
8 16 42 45 63
8 17 41 49 66
8 18 38 51 70
8 19 35 55 62
8 20 32 44 65
8 21 40 46 69
8 22 30 48 60
8 23 43 53 64
8 24 39 57 61
8 25 34 56 58
8 26 36 47 71
8 27 31 54 67
8 28 33 50 59
8 29 37 52 68
9 11 13 15 75
9 16 40 48 65
9 17 37 50 69
9 18 34 54 61
9 19 31 56 64
9 20 39 45 68
9 21 42 47 59
9 22 43 52 63
9 23 38 57 60
9 24 33 55 70
9 25 35 46 71
9 26 30 53 66
9 27 32 49 58
9 28 41 44 62
9 29 36 51 67
10 16 36 49 68
10 17 33 53 60
10 18 30 55 63
10 19 38 44 67
10 20 41 46 58
10 21 43 51 62
10 22 37 57 59
10 23 32 54 69
10 24 34 45 71
10 25 42 52 65
10 26 31 48 70
10 27 40 56 61
10 28 39 47 64
10 29 35 50 66
11 16 32 52 59
11 17 42 54 62
11 18 37 56 66
11 19 40 45 70
11 20 43 50 61
11 21 36 57 58
11 22 31 53 68
11 23 33 44 71
11 24 41 51 64
11 25 30 47 69
11 26 39 55 60
11 27 38 46 63
11 28 35 48 67
11 29 34 49 65
12 16 41 53 61
12 17 36 55 65
12 18 39 44 69
12 19 43 49 60
12 20 35 57 70
12 21 30 52 67
12 22 32 56 71
12 23 40 50 63
12 24 42 46 68
12 25 38 54 59
12 26 37 45 62
12 27 34 47 66
12 28 31 51 58
12 29 33 48 64
13 16 35 54 64
13 17 38 56 68
13 18 43 48 59
13 19 34 57 69
13 20 42 51 66
13 21 31 55 71
13 22 39 49 62
13 23 41 45 67
13 24 37 53 58
13 25 36 44 61
13 26 33 46 65
13 27 30 50 70
13 28 40 52 60
13 29 32 47 63
14 16 37 55 67
14 17 43 47 58
14 18 33 57 68
14 19 41 50 65
14 20 30 54 71
14 21 38 48 61
14 22 40 44 66
14 23 36 52 70
14 24 35 56 60
14 25 32 45 64
14 26 42 49 69
14 27 39 51 59
14 28 34 53 63
14 29 31 46 62
15 16 43 46 70
15 17 32 57 67
15 18 40 49 64
15 19 42 53 71
15 20 37 47 60
15 21 39 56 65
15 22 35 51 69
15 23 34 55 59
15 24 31 44 63
15 25 41 48 68
15 26 38 50 58
15 27 33 52 62
15 28 36 54 66
15 29 30 45 61
16 17 21 24 76
16 18 19 23 72
16 20 25 29 73
17 18 22 73 75
17 20 28 72 74
18 20 26 27 76
19 21 27 73 74
19 22 25 28 76
21 25 26 72 75
22 24 27 29 72
23 24 26 28 73
23 29 74 75 76
30 31 32 38 76
30 33 34 72 74
30 37 39 43 73
30 40 41 42 75
31 34 36 37 75
31 35 39 40 72
32 33 35 43 75
32 36 40 73 74
33 36 39 42 76
34 35 38 42 73
35 37 41 74 76
36 38 41 43 72
44 47 48 51 72
44 49 50 54 73
44 52 55 56 75
45 46 54 56 72
45 48 49 52 74
45 50 51 53 75
46 47 49 57 75
46 51 52 73 76
47 50 56 74 76
48 53 56 57 73
49 53 55 72 76
51 54 55 57 74
58 59 60 66 76
58 61 65 68 74
58 62 63 71 72
58 67 69 70 75
59 61 69 72 73
59 62 64 65 75
60 62 70 73 74
60 64 67 68 72
61 63 64 70 76
63 66 68 73 75
64 66 69 71 74
65 67 71 73 76
