0 1 2 3 4 7 8 9
0 1 2 4 5 6 8 9
0 10 21 32 43 54 65 76
0 11 22 33 44 55 66 77
0 12 23 34 45 56 67 78
0 13 19 30 41 52 63 74
0 13 24 35 46 57 68 79
0 14 25 36 47 58 69 80
0 15 18 29 40 51 62 73
0 15 26 37 48 59 70 81
0 16 27 38 49 60 71 82
0 17 28 39 50 58 61 72
0 20 31 42 48 53 64 75
1 10 31 41 51 61 71 81
1 11 21 42 52 62 72 82
1 12 22 32 47 53 63 73
1 13 15 23 33 42 43 58
1 14 24 34 44 54 74 75
1 15 25 35 45 55 64 65
1 16 26 36 46 56 66 76
1 17 27 37 47 57 67 77
1 18 28 38 48 58 68 78
1 19 29 39 49 59 69 79
1 20 30 40 50 60 70 80
2 10 20 29 38 47 56 65
2 10 30 39 48 57 64 66
2 11 31 40 49 58 67 76
2 12 21 41 50 59 68 77
2 13 22 42 51 60 69 78
2 14 23 32 52 61 70 79
2 15 24 33 53 62 71 80
2 16 25 34 43 63 72 81
2 17 26 35 44 49 73 82
2 18 27 36 37 45 54 74
2 19 26 28 37 46 55 75
3 5 11 27 32 48 52 69
3 6 15 30 34 49 66 68
3 10 28 35 53 60 63 67
3 11 29 36 43 61 64 68
3 12 30 37 44 62 69 76
3 13 31 38 45 63 70 77
3 14 21 39 46 59 71 78
3 15 22 40 47 54 72 79
3 16 23 41 48 55 73 80
3 17 24 42 49 56 74 81
3 18 25 32 50 57 75 82
3 19 20 26 33 51 58 65
4 10 27 33 50 56 73 79
4 11 28 34 51 57 74 80
4 12 29 35 52 58 75 81
4 13 30 36 53 59 65 82
4 14 31 37 43 58 60 66
4 15 21 35 38 44 61 67
4 16 22 39 45 62 65 68
4 17 23 40 46 63 64 69
4 18 22 24 41 47 70 76
4 19 25 42 48 54 71 77
4 20 26 32 49 55 72 78
5 7 20 25 41 46 62 67
5 10 26 31 42 47 63 68
5 12 28 33 49 54 64 70
5 13 29 34 50 55 71 76
5 14 30 35 51 56 72 77
5 15 31 36 52 57 73 78
5 16 21 37 53 58 74 79
5 17 22 38 43 59 75 80
5 18 23 39 44 60 65 81
5 19 24 40 45 61 66 82
6 7 16 31 35 50 54 69
6 10 25 40 44 59 74 78
6 11 26 41 45 60 75 79
6 12 27 42 46 61 65 80
6 13 28 32 47 62 66 81
6 14 29 33 48 63 67 82
6 17 21 33 36 51 55 70
6 18 22 37 52 56 64 71
6 19 23 38 53 57 72 76
6 20 24 39 43 58 73 77
7 10 18 24 38 52 55 69
7 11 25 39 49 53 56 70
7 12 26 40 43 57 71 74
7 13 27 41 44 58 64 72
7 14 28 42 45 59 73 76
7 15 29 32 46 60 74 77
7 16 30 33 47 61 75 78
7 17 31 34 48 62 65 79
7 18 21 49 52 63 66 80
7 19 22 23 36 50 67 81
7 20 23 37 51 54 68 82
8 10 23 36 49 62 75 77
8 11 24 37 50 63 65 78
8 12 25 38 42 51 66 79
8 13 26 39 52 54 67 80
8 14 27 40 53 55 68 81
8 15 28 41 43 56 69 82
8 16 29 42 44 50 57 70
8 17 30 32 45 58 65 71
8 18 31 33 35 46 59 72
8 19 21 34 47 60 64 73
8 20 22 35 48 61 74 76
9 10 13 25 37 49 61 73
9 10 22 34 46 58 70 82
9 11 23 35 47 59 66 71
9 12 24 28 36 48 60 72
9 14 26 38 50 62 64 74
9 15 27 39 51 63 75 76
9 16 23 28 40 52 65 77
9 17 29 41 53 54 66 78
9 18 30 42 43 55 67 79
9 19 31 32 44 56 68 80
9 20 21 33 45 57 69 81
10 11 12 14 15 16 17 19
10 29 35 37 42 45 72 80
11 12 13 14 16 17 18 20
11 30 36 38 46 54 73 81
12 23 31 39 47 55 74 82
13 21 40 44 48 56 66 75
14 22 26 41 49 57 65 75
15 20 27 34 50 52 59 66
16 24 31 32 51 59 64 67
17 25 33 52 60 68 74 76
18 19 27 35 43 62 70 78
18 26 34 50 53 61 69 77
20 28 36 44 61 63 71 79
21 22 25 27 28 29 30 31
21 23 24 25 26 27 29 30
32 33 34 37 38 39 40 41
32 34 35 36 39 40 41 42
43 44 45 46 47 51 52 53
43 45 46 47 48 49 50 51
54 55 56 57 58 59 62 63
54 55 56 57 59 60 61 62
64 76 77 78 79 80 81 82
65 66 67 69 70 72 73 74
67 68 69 70 71 72 73 75
