0 1 18 22 66
0 2 3 24 68
0 4 15 57 62
0 5 9 42 67
0 6 29 47 60
0 7 55 63 64
0 8 35 58 69
0 10 20 30 83
0 11 16 53 78
0 12 27 50 61
0 13 48 76 77
0 14 23 41 74
0 17 19 21 65
0 25 38 40 51
0 26 32 37 56
0 28 31 59 73
0 33 34 54 70
0 33 49 71 82
0 36 43 75 81
0 39 44 79 80
0 45 46 52 72
0 80 81 82 83
1 2 19 23 67
1 3 4 25 69
1 5 16 58 63
1 6 10 43 68
1 7 30 48 61
1 8 56 64 65
1 9 36 59 70
1 11 21 31 83
1 12 17 54 79
1 13 28 51 62
1 14 49 77 78
1 15 24 42 75
1 20 45 60 80
1 26 39 41 52
1 27 33 38 57
1 29 32 40 74
1 34 35 55 71
1 34 50 72 82
1 37 44 76 81
1 46 47 53 73
2 4 5 26 70
2 6 17 59 64
2 7 11 44 69
2 8 31 49 62
2 9 57 65 66
2 10 37 40 71
2 12 22 32 83
2 13 18 55 60
2 14 29 52 63
2 15 50 78 79
2 16 25 43 76
2 20 27 42 53
2 21 46 61 80
2 28 34 39 58
2 30 33 41 75
2 35 36 56 72
2 35 51 73 82
2 38 45 77 81
2 47 48 54 74
3 5 6 27 71
3 7 18 40 65
3 8 12 45 70
3 9 32 50 63
3 10 58 66 67
3 11 38 41 72
3 13 23 33 83
3 14 19 56 61
3 15 30 53 64
3 16 51 60 79
3 17 26 44 77
3 20 29 35 59
3 21 28 43 54
3 22 47 62 80
3 31 34 42 76
3 36 37 57 73
3 36 52 74 82
3 39 46 78 81
3 48 49 55 75
4 6 7 28 72
4 8 19 41 66
4 9 13 46 71
4 10 33 51 64
4 11 59 67 68
4 12 39 42 73
4 14 24 34 83
4 16 31 54 65
4 17 52 60 61
4 18 27 45 78
4 20 47 79 81
4 21 30 36 40
4 22 29 44 55
4 23 48 63 80
4 32 35 43 77
4 37 38 58 74
4 37 53 75 82
4 49 50 56 76
5 7 8 29 73
5 10 14 47 72
5 11 34 52 65
5 12 40 68 69
5 13 20 43 74
5 15 25 35 83
5 17 32 55 66
5 18 53 61 62
5 19 28 46 79
5 21 48 60 81
5 22 31 37 41
5 23 30 45 56
5 24 49 64 80
5 33 36 44 78
5 38 39 59 75
5 38 54 76 82
5 50 51 57 77
6 8 9 30 74
6 11 15 48 73
6 12 35 53 66
6 13 41 69 70
6 14 21 44 75
6 16 26 36 83
6 18 33 56 67
6 19 54 62 63
6 20 39 40 76
6 22 49 61 81
6 23 32 38 42
6 24 31 46 57
6 25 50 65 80
6 34 37 45 79
6 39 55 77 82
6 51 52 58 78
7 9 10 31 75
7 12 16 49 74
7 13 36 54 67
7 14 42 70 71
7 15 22 45 76
7 17 27 37 83
7 19 34 57 68
7 20 21 41 77
7 20 56 78 82
7 23 50 62 81
7 24 33 39 43
7 25 32 47 58
7 26 51 66 80
7 35 38 46 60
7 52 53 59 79
8 10 11 32 76
8 13 17 50 75
8 14 37 55 68
8 15 43 71 72
8 16 23 46 77
8 18 28 38 83
8 20 25 34 44
8 21 22 42 78
8 21 57 79 82
8 24 51 63 81
8 26 33 48 59
8 27 52 67 80
8 36 39 47 61
8 40 53 54 60
9 11 12 33 77
9 14 18 51 76
9 15 38 56 69
9 16 44 72 73
9 17 24 47 78
9 19 29 39 83
9 20 37 48 62
9 21 26 35 45
9 22 23 43 79
9 22 58 60 82
9 25 52 64 81
9 27 34 40 49
9 28 53 68 80
9 41 54 55 61
10 12 13 34 78
10 15 19 52 77
10 16 39 57 70
10 17 45 73 74
10 18 25 48 79
10 21 38 49 63
10 22 27 36 46
10 23 24 44 60
10 23 59 61 82
10 26 53 65 81
10 28 35 41 50
10 29 54 69 80
10 42 55 56 62
11 13 14 35 79
11 17 20 58 71
11 18 46 74 75
11 19 26 49 60
11 22 39 50 64
11 23 28 37 47
11 24 25 45 61
11 24 40 62 82
11 27 54 66 81
11 29 36 42 51
11 30 55 70 80
11 43 56 57 63
12 14 15 36 60
12 18 21 59 72
12 19 47 75 76
12 20 23 51 65
12 24 29 38 48
12 25 26 46 62
12 25 41 63 82
12 28 55 67 81
12 30 37 43 52
12 31 56 71 80
12 44 57 58 64
13 15 16 37 61
13 19 22 40 73
13 21 24 52 66
13 25 30 39 49
13 26 27 47 63
13 26 42 64 82
13 29 56 68 81
13 31 38 44 53
13 32 57 72 80
13 45 58 59 65
14 16 17 38 62
14 20 26 31 50
14 22 25 53 67
14 27 28 48 64
14 27 43 65 82
14 30 57 69 81
14 32 39 45 54
14 33 58 73 80
14 40 46 59 66
15 17 18 39 63
15 20 33 46 55
15 21 27 32 51
15 23 26 54 68
15 28 29 49 65
15 28 44 66 82
15 31 58 70 81
15 34 59 74 80
15 40 41 47 67
16 18 19 20 64
16 21 34 47 56
16 22 28 33 52
16 24 27 55 69
16 29 30 50 66
16 29 45 67 82
16 32 59 71 81
16 35 40 75 80
16 41 42 48 68
17 22 35 48 57
17 23 29 34 53
17 25 28 56 70
17 30 31 51 67
17 30 46 68 82
17 33 40 72 81
17 36 41 76 80
17 42 43 49 69
18 23 36 49 58
18 24 30 35 54
18 26 29 57 71
18 31 32 52 68
18 31 47 69 82
18 34 41 73 81
18 37 42 77 80
18 43 44 50 70
19 24 37 50 59
19 25 31 36 55
19 27 30 58 72
19 32 33 53 69
19 32 48 70 82
19 35 42 74 81
19 38 43 78 80
19 44 45 51 71
20 22 63 69 72
20 24 28 32 36
20 38 61 67 70
20 49 66 68 73
20 52 54 57 75
21 23 64 70 73
21 25 29 33 37
21 39 62 68 71
21 50 67 69 74
21 53 55 58 76
22 24 65 71 74
22 26 30 34 38
22 51 68 70 75
22 54 56 59 77
23 25 66 72 75
23 27 31 35 39
23 40 55 57 78
23 52 69 71 76
24 26 67 73 76
24 41 56 58 79
24 53 70 72 77
25 27 68 74 77
25 42 57 59 60
25 54 71 73 78
26 28 69 75 78
26 40 43 58 61
26 55 72 74 79
27 29 70 76 79
27 41 44 59 62
27 56 60 73 75
28 30 60 71 77
28 40 42 45 63
28 57 61 74 76
29 31 61 72 78
29 41 43 46 64
29 58 62 75 77
30 32 62 73 79
30 42 44 47 65
30 59 63 76 78
31 33 60 63 74
31 40 64 77 79
31 43 45 48 66
32 34 61 64 75
32 41 60 65 78
32 44 46 49 67
33 35 62 65 76
33 42 61 66 79
33 45 47 50 68
34 36 63 66 77
34 43 60 62 67
34 46 48 51 69
35 37 64 67 78
35 44 61 63 68
35 47 49 52 70
36 38 65 68 79
36 45 62 64 69
36 48 50 53 71
37 39 60 66 69
37 46 63 65 70
37 49 51 54 72
38 47 64 66 71
38 50 52 55 73
39 48 65 67 72
39 51 53 56 74
40 44 48 52 56
40 50 60 70 83
41 45 49 53 57
41 51 61 71 83
42 46 50 54 58
42 52 62 72 83
43 47 51 55 59
43 53 63 73 83
44 54 64 74 83
45 55 65 75 83
46 56 66 76 83
47 57 67 77 83
48 58 68 78 83
49 59 69 79 83
60 64 68 72 76
61 65 69 73 77
62 66 70 74 78
63 67 71 75 79
