0 1 34
0 2 47
0 3 17
0 4 11
0 5 89
0 6 8
0 7 36
0 9 92
0 10 82
0 12 81
0 13 38
0 14 58
0 15 42
0 16 27
0 18 21
0 19 20
0 22 83
0 23 65
0 24 35
0 25 78
0 26 37
0 28 72
0 29 51
0 30 67
0 31 49
0 32 66
0 33 91
0 39 88
0 40 84
0 41 79
0 43 74
0 44 68
0 45 80
0 46 85
0 48 76
0 50 54
0 52 90
0 53 77
0 55 59
0 56 71
0 57 61
0 60 70
0 62 75
0 63 86
0 64 73
0 69 87
1 2 66
1 3 53
1 4 85
1 5 78
1 6 35
1 7 9
1 8 10
1 11 45
1 12 89
1 13 84
1 14 42
1 15 61
1 16 80
1 17 38
1 18 29
1 19 21
1 20 22
1 23 63
1 24 65
1 25 33
1 26 48
1 27 62
1 28 83
1 30 87
1 31 91
1 32 41
1 36 47
1 37 50
1 39 43
1 40 46
1 44 86
1 49 67
1 51 75
1 52 69
1 54 71
1 55 60
1 56 57
1 58 72
1 59 79
1 64 92
1 68 76
1 70 82
1 73 77
1 74 90
1 81 88
2 3 55
2 4 33
2 5 45
2 6 46
2 7 81
2 8 53
2 9 21
2 10 56
2 11 75
2 12 13
2 14 32
2 15 79
2 16 20
2 17 63
2 18 71
2 19 23
2 22 35
2 24 25
2 26 42
2 27 30
2 28 29
2 31 65
2 34 90
2 36 89
2 37 62
2 38 39
2 40 86
2 41 43
2 44 49
2 48 61
2 50 80
2 51 58
2 52 54
2 57 74
2 59 77
2 60 67
2 64 76
2 68 78
2 69 82
2 70 92
2 72 88
2 73 84
2 83 91
2 85 87
3 4 52
3 5 67
3 6 14
3 7 85
3 8 57
3 9 88
3 10 44
3 11 76
3 12 77
3 13 89
3 15 28
3 16 40
3 18 22
3 19 32
3 20 91
3 21 72
3 23 30
3 24 27
3 25 56
3 26 64
3 29 59
3 31 37
3 33 42
3 34 41
3 35 61
3 36 81
3 38 92
3 39 82
3 43 73
3 45 79
3 46 49
3 47 69
3 48 71
3 50 51
3 54 74
3 58 60
3 62 70
3 63 68
3 65 87
3 66 83
3 75 86
3 78 90
3 80 84
4 5 20
4 6 58
4 7 48
4 8 22
4 9 26
4 10 13
4 12 37
4 14 88
4 15 27
4 16 42
4 17 66
4 18 70
4 19 67
4 21 41
4 23 74
4 24 71
4 25 55
4 28 61
4 29 78
4 30 76
4 31 80
4 32 90
4 34 54
4 35 73
4 36 53
4 38 68
4 39 87
4 40 43
4 44 50
4 45 62
4 46 82
4 47 49
4 51 56
4 57 83
4 59 72
4 60 65
4 63 84
4 64 81
4 69 92
4 75 77
4 79 89
4 86 91
5 6 41
5 7 13
5 8 14
5 9 81
5 10 29
5 11 39
5 12 21
5 15 62
5 16 22
5 17 19
5 18 34
5 23 27
5 24 66
5 25 42
5 26 79
5 28 88
5 30 80
5 31 74
5 32 57
5 33 90
5 35 70
5 36 84
5 37 85
5 38 49
5 40 87
5 43 68
5 44 82
5 46 55
5 47 59
5 48 53
5 50 52
5 51 73
5 54 64
5 56 77
5 58 83
5 60 92
5 61 69
5 63 91
5 65 86
5 71 72
5 75 76
6 7 84
6 9 34
6 10 36
6 11 42
6 12 63
6 13 15
6 16 91
6 17 23
6 18 48
6 19 53
6 20 74
6 21 51
6 22 38
6 24 30
6 25 77
6 26 75
6 27 70
6 28 67
6 29 68
6 31 90
6 32 62
6 33 64
6 37 92
6 39 72
6 40 61
6 43 49
6 44 66
6 45 82
6 47 54
6 50 86
6 52 59
6 55 73
6 56 85
6 57 69
6 60 80
6 65 76
6 71 83
6 78 79
6 81 89
6 87 88
7 8 82
7 10 39
7 11 86
7 12 61
7 14 38
7 15 29
7 16 24
7 17 44
7 18 78
7 19 87
7 20 51
7 21 47
7 22 91
7 23 60
7 25 73
7 26 28
7 27 43
7 30 58
7 31 45
7 32 40
7 33 77
7 34 69
7 35 41
7 37 75
7 42 64
7 46 66
7 49 57
7 50 88
7 52 72
7 53 70
7 54 62
7 55 89
7 56 67
7 59 71
7 63 79
7 65 74
7 68 80
7 76 90
7 83 92
8 9 20
8 11 41
8 12 26
8 13 79
8 15 78
8 16 37
8 17 46
8 18 63
8 19 71
8 21 89
8 23 72
8 24 80
8 25 68
8 27 76
8 28 69
8 29 87
8 30 48
8 31 40
8 32 92
8 33 81
8 34 84
8 35 52
8 36 43
8 38 45
8 39 86
8 42 77
8 44 56
8 47 88
8 49 51
8 50 73
8 54 85
8 55 75
8 58 90
8 59 83
8 60 64
8 61 62
8 65 67
8 66 70
8 74 91
9 10 37
9 11 33
9 12 51
9 13 43
9 14 18
9 15 67
9 16 58
9 17 83
9 19 29
9 22 54
9 23 69
9 24 32
9 25 59
9 27 64
9 28 46
9 30 56
9 31 41
9 35 72
9 36 78
9 38 82
9 39 90
9 40 75
9 42 74
9 44 73
9 45 70
9 47 66
9 48 57
9 49 86
9 50 65
9 52 68
9 53 89
9 55 91
9 60 76
9 61 71
9 62 80
9 63 87
9 77 79
9 84 85
10 11 80
10 12 54
10 14 63
10 15 26
10 16 77
10 17 84
10 18 53
10 19 30
10 20 28
10 21 73
10 22 27
10 23 45
10 24 92
10 25 61
10 31 62
10 32 46
10 33 40
10 34 65
10 35 49
10 38 58
10 41 74
10 42 81
10 43 52
10 47 64
10 48 89
10 50 71
10 51 66
10 55 85
10 57 76
10 59 67
10 60 91
10 68 72
10 69 79
10 70 75
10 78 87
10 83 86
10 88 90
11 12 30
11 13 44
11 14 60
11 15 20
11 16 17
11 18 61
11 19 48
11 21 74
11 22 62
11 23 64
11 24 53
11 25 54
11 26 78
11 27 68
11 28 31
11 29 71
11 32 38
11 34 46
11 35 59
11 36 87
11 37 40
11 43 88
11 47 67
11 49 84
11 50 92
11 51 63
11 52 79
11 55 57
11 56 82
11 58 66
11 65 81
11 69 83
11 70 72
11 73 91
11 77 89
11 85 90
12 14 57
12 15 47
12 16 68
12 17 22
12 18 56
12 19 24
12 20 52
12 23 91
12 25 50
12 27 74
12 28 35
12 29 66
12 31 67
12 32 43
12 33 80
12 34 82
12 36 39
12 38 41
12 40 65
12 42 85
12 44 60
12 45 55
12 46 87
12 48 90
12 49 70
12 53 71
12 58 92
12 59 86
12 62 73
12 64 88
12 69 75
12 72 79
12 76 83
12 78 84
13 14 74
13 16 32
13 17 53
13 18 28
13 19 70
13 20 29
13 21 23
13 22 36
13 24 75
13 25 40
13 26 81
13 27 31
13 30 90
13 33 35
13 34 61
13 37 41
13 39 73
13 42 51
13 45 67
13 46 83
13 47 63
13 48 80
13 49 59
13 50 77
13 52 76
13 54 58
13 55 64
13 56 92
13 57 86
13 60 87
13 62 68
13 65 91
13 66 69
13 71 88
13 72 85
13 78 82
14 15 17
14 16 29
14 19 82
14 20 55
14 21 54
14 22 23
14 24 39
14 25 84
14 26 45
14 27 79
14 28 41
14 30 69
14 31 48
14 33 53
14 34 47
14 35 51
14 36 71
14 37 87
14 40 44
14 43 77
14 46 59
14 49 62
14 50 91
14 52 61
14 56 90
14 64 72
14 65 75
14 66 67
14 68 70
14 73 78
14 76 80
14 81 83
14 85 89
14 86 92
15 16 49
15 18 51
15 19 66
15 21 48
15 22 92
15 23 86
15 24 69
15 25 32
15 30 74
15 31 39
15 33 55
15 34 40
15 35 87
15 36 64
15 37 53
15 38 60
15 41 50
15 43 59
15 44 83
15 45 52
15 46 57
15 54 75
15 56 68
15 58 82
15 63 88
15 65 70
15 71 89
15 72 81
15 73 76
15 77 85
15 80 91
15 84 90
16 18 46
16 19 78
16 21 79
16 23 54
16 25 41
16 26 92
16 28 34
16 30 33
16 31 43
16 35 55
16 36 50
16 38 53
16 39 52
16 44 59
16 45 48
16 47 72
16 51 64
16 56 88
16 57 81
16 60 62
16 61 83
16 63 74
16 65 85
16 66 76
16 67 87
16 69 84
16 70 89
16 71 86
16 73 82
16 75 90
17 18 77
17 20 57
17 21 90
17 24 54
17 25 30
17 26 65
17 27 49
17 28 36
17 29 82
17 31 78
17 32 50
17 33 47
17 34 74
17 35 40
17 37 51
17 39 80
17 41 68
17 42 45
17 43 70
17 48 59
17 52 91
17 55 69
17 56 64
17 58 81
17 60 61
17 62 67
17 71 73
17 72 87
17 75 88
17 76 85
17 79 92
17 86 89
18 19 38
18 20 59
18 23 44
18 24 45
18 25 35
18 26 85
18 27 37
18 30 81
18 31 36
18 32 87
18 33 75
18 39 58
18 40 57
18 41 47
18 42 67
18 43 62
18 49 92
18 50 83
18 52 73
18 54 84
18 55 86
18 60 82
18 64 91
18 65 68
18 66 88
18 69 90
18 72 89
18 74 80
18 76 79
19 22 69
19 25 62
19 26 27
19 28 52
19 31 51
19 33 56
19 34 64
19 35 89
19 36 57
19 37 39
19 40 92
19 41 88
19 42 79
19 43 55
19 44 85
19 45 60
19 46 80
19 47 84
19 49 50
19 54 73
19 58 76
19 59 81
19 61 65
19 63 77
19 68 86
19 72 74
19 75 91
19 83 90
20 21 78
20 23 36
20 24 34
20 25 79
20 26 82
20 27 35
20 30 73
20 31 86
20 32 39
20 33 45
20 37 83
20 38 65
20 40 67
20 41 62
20 42 70
20 43 56
20 44 89
20 46 76
20 47 48
20 49 60
20 50 61
20 53 81
20 54 90
20 58 68
20 63 85
20 64 66
20 69 88
20 71 75
20 72 84
20 77 87
20 80 92
21 22 42
21 24 76
21 25 29
21 26 86
21 27 81
21 28 30
21 31 53
21 32 33
21 34 55
21 35 65
21 36 46
21 37 60
21 38 66
21 39 50
21 40 62
21 43 67
21 44 61
21 45 85
21 49 52
21 56 59
21 57 91
21 58 87
21 63 82
21 64 80
21 68 83
21 69 77
21 70 88
21 71 92
21 75 84
22 24 68
22 25 52
22 26 89
22 28 85
22 29 48
22 30 75
22 31 33
22 32 80
22 34 51
22 37 63
22 39 81
22 40 59
22 41 60
22 43 58
22 44 88
22 45 50
22 46 74
22 47 57
22 49 56
22 53 82
22 55 72
22 61 77
22 64 79
22 65 90
22 66 71
22 67 78
22 70 76
22 73 86
22 84 87
23 24 58
23 25 90
23 26 67
23 28 59
23 29 81
23 31 56
23 32 55
23 33 89
23 34 48
23 35 39
23 37 77
23 38 87
23 40 71
23 41 70
23 42 68
23 43 51
23 46 88
23 47 73
23 49 53
23 50 85
23 52 57
23 61 75
23 62 78
23 66 92
23 76 82
23 79 80
23 83 84
24 26 56
24 28 55
24 29 43
24 31 46
24 33 52
24 36 59
24 37 86
24 38 91
24 40 47
24 41 49
24 42 90
24 44 63
24 48 79
24 50 64
24 51 62
24 57 67
24 60 78
24 61 85
24 70 84
24 72 77
24 73 81
24 74 89
24 82 87
24 83 88
25 26 60
25 27 46
25 28 43
25 31 71
25 34 89
25 36 85
25 37 82
25 38 86
25 39 74
25 44 70
25 45 91
25 47 51
25 48 66
25 49 81
25 53 88
25 57 58
25 63 83
25 64 69
25 65 80
25 67 92
25 72 75
25 76 87
26 29 62
26 30 40
26 31 58
26 32 84
26 33 76
26 34 77
26 35 68
26 36 61
26 38 69
26 39 47
26 41 63
26 43 66
26 44 53
26 46 54
26 49 74
26 50 72
26 51 71
26 52 87
26 55 70
26 57 80
26 59 90
26 73 83
26 88 91
27 28 40
27 29 47
27 32 60
27 33 61
27 34 72
27 36 52
27 38 56
27 39 91
27 41 90
27 42 65
27 44 57
27 45 92
27 48 84
27 50 66
27 51 67
27 53 54
27 55 58
27 59 63
27 69 89
27 71 82
27 73 87
27 75 83
27 77 80
27 78 88
27 85 86
28 32 58
28 33 62
28 37 49
28 38 48
28 39 79
28 42 53
28 44 65
28 45 81
28 47 90
28 50 68
28 51 91
28 54 80
28 56 60
28 57 71
28 63 92
28 64 74
28 66 87
28 70 73
28 75 82
28 76 86
28 77 78
28 84 89
29 30 89
29 31 69
29 32 79
29 33 58
29 34 52
29 35 76
29 36 92
29 37 64
29 38 85
29 39 70
29 40 53
29 41 44
29 42 75
29 45 86
29 46 61
29 49 54
29 50 55
29 56 74
29 57 90
29 60 84
29 63 73
29 65 77
29 67 88
29 72 91
29 80 83
30 31 66
30 32 88
30 34 59
30 35 50
30 36 45
30 37 44
30 38 43
30 39 57
30 41 52
30 42 83
30 46 79
30 47 86
30 49 68
30 51 55
30 53 91
30 54 92
30 60 85
30 61 70
30 62 82
30 63 72
30 64 78
30 65 84
30 71 77
31 32 75
31 34 92
31 35 54
31 38 50
31 42 47
31 44 55
31 52 88
31 57 73
31 59 68
31 60 89
31 61 76
31 63 64
31 70 85
31 72 83
31 77 82
31 79 84
31 81 87
32 34 44
32 35 85
32 36 56
32 37 47
32 42 69
32 45 76
32 48 91
32 49 72
32 51 59
32 52 86
32 53 73
32 54 82
32 61 63
32 64 65
32 67 74
32 68 89
32 70 77
32 71 81
32 78 83
33 34 88
33 36 65
33 37 71
33 38 46
33 39 83
33 41 57
33 43 72
33 44 48
33 49 63
33 50 84
33 51 82
33 54 66
33 59 85
33 60 69
33 67 73
33 68 92
33 70 78
33 74 79
33 86 87
34 35 71
34 36 86
34 37 76
34 38 79
34 39 53
34 42 63
34 43 57
34 45 73
34 49 58
34 50 78
34 56 81
34 60 66
34 62 83
34 67 70
34 68 75
34 80 85
34 87 91
35 36 90
35 37 88
35 38 57
35 42 56
35 43 48
35 44 78
35 45 47
35 46 69
35 53 79
35 58 64
35 60 63
35 62 91
35 66 84
35 67 80
35 74 83
35 75 92
35 77 86
35 81 82
36 37 66
36 38 51
36 40 70
36 41 82
36 42 58
36 44 74
36 48 54
36 49 83
36 55 88
36 60 75
36 62 72
36 63 80
36 67 91
36 68 69
36 73 79
36 76 77
37 38 80
37 42 48
37 43 54
37 45 89
37 46 72
37 52 81
37 55 79
37 56 69
37 57 65
37 58 91
37 59 73
37 61 68
37 67 84
37 70 90
37 74 78
38 40 89
38 42 73
38 44 71
38 47 52
38 54 88
38 55 78
38 59 70
38 61 90
38 62 81
38 63 75
38 64 67
38 72 76
38 74 84
38 77 83
39 40 41
39 42 44
39 45 59
39 46 63
39 48 62
39 49 61
39 51 92
39 54 60
39 55 65
39 56 84
39 64 71
39 66 77
39 67 68
39 69 85
39 75 89
39 76 78
40 42 50
40 45 64
40 48 63
40 49 77
40 51 81
40 52 60
40 54 76
40 55 74
40 56 79
40 58 69
40 66 72
40 68 91
40 73 90
40 78 80
40 82 88
40 83 85
41 42 71
41 45 87
41 46 75
41 48 92
41 51 78
41 53 85
41 54 83
41 55 67
41 56 73
41 58 61
41 59 89
41 64 84
41 65 66
41 69 80
41 72 86
41 76 81
41 77 91
42 43 78
42 46 86
42 49 80
42 52 66
42 54 55
42 57 87
42 59 60
42 61 72
42 62 89
42 76 88
42 82 84
42 91 92
43 44 45
43 46 89
43 47 75
43 50 79
43 53 80
43 60 83
43 61 64
43 63 76
43 65 69
43 71 87
43 81 90
43 82 86
43 84 92
43 85 91
44 46 92
44 47 62
44 51 76
44 52 80
44 54 87
44 58 84
44 64 77
44 67 72
44 69 81
44 75 79
44 90 91
45 46 58
45 49 90
45 51 74
45 53 61
45 54 77
45 56 83
45 57 63
45 65 71
45 66 68
45 69 72
45 75 78
45 84 88
46 47 53
46 48 81
46 50 67
46 51 65
46 52 84
46 56 70
46 60 71
46 62 64
46 68 73
46 77 90
46 78 91
47 50 58
47 55 76
47 56 91
47 60 77
47 61 81
47 65 79
47 68 71
47 70 83
47 74 92
47 78 89
47 80 87
47 82 85
48 49 75
48 50 82
48 51 60
48 52 64
48 55 83
48 56 72
48 58 73
48 65 78
48 67 86
48 68 87
48 69 70
48 74 85
48 77 88
49 55 87
49 64 82
49 65 73
49 66 78
49 69 76
49 71 85
49 79 88
49 89 91
50 53 60
50 56 89
50 57 62
50 59 69
50 63 90
50 70 87
50 74 76
50 75 81
51 52 83
51 53 68
51 54 72
51 57 70
51 61 88
51 69 86
51 77 84
51 79 85
51 80 90
51 87 89
52 53 78
52 55 82
52 56 65
52 58 77
52 62 85
52 63 70
52 67 75
52 71 74
52 89 92
53 55 63
53 56 76
53 57 59
53 58 74
53 62 69
53 64 83
53 65 72
53 66 75
53 67 90
53 84 86
53 87 92
54 56 86
54 57 89
54 59 65
54 61 67
54 63 81
54 68 79
54 69 78
54 70 91
55 56 66
55 61 80
55 62 84
55 68 77
55 71 90
55 81 92
56 58 62
56 61 87
56 63 78
56 75 80
57 60 88
57 64 75
57 66 85
57 68 84
57 72 78
57 77 92
57 79 82
58 59 75
58 63 65
58 67 85
58 70 79
58 71 78
58 80 89
58 86 88
59 61 84
59 62 66
59 64 87
59 74 82
59 76 91
59 78 92
59 80 88
60 68 81
60 72 73
60 74 86
60 79 90
61 66 74
61 73 92
61 78 86
61 79 91
61 82 89
62 63 71
62 65 88
62 74 77
62 76 92
62 79 86
62 87 90
63 66 89
63 67 69
64 68 85
64 70 86
64 89 90
65 82 92
65 83 89
66 73 80
66 79 81
66 82 91
66 86 90
67 71 79
67 76 89
67 77 81
67 82 83
68 74 88
68 82 90
69 71 91
69 73 74
70 71 80
70 74 81
71 76 84
72 80 82
72 90 92
73 75 85
73 88 89
74 75 87
78 81 85
79 83 87
80 81 86
81 84 91
85 88 92
