0 1 28
0 1 97
0 2 20
0 3 4
0 5 6
0 7 30
0 8 46
0 9 29
0 10 52
0 11 66
0 12 34
0 13 83
0 14 50
0 15 38
0 16 72
0 17 86
0 18 53
0 19 43
0 21 22
0 23 62
0 24 41
0 25 63
0 26 91
0 27 96
0 31 39
0 32 45
0 33 81
0 35 48
0 36 58
0 37 59
0 40 85
0 42 77
0 44 69
0 47 56
0 49 70
0 51 55
0 54 84
0 57 67
0 60 79
0 61 82
0 64 87
0 65 78
0 68 94
0 71 73
0 74 90
0 75 93
0 76 89
0 80 95
0 88 92
0 96 97
1 2 83
1 3 75
1 4 25
1 5 14
1 6 45
1 7 93
1 8 95
1 9 11
1 10 71
1 12 73
1 13 87
1 15 49
1 16 17
1 18 78
1 19 61
1 20 81
1 21 88
1 22 43
1 23 96
1 24 54
1 26 84
1 27 57
1 29 86
1 30 65
1 31 62
1 32 34
1 33 68
1 35 37
1 36 76
1 38 58
1 39 77
1 40 52
1 41 92
1 42 44
1 46 56
1 47 63
1 48 66
1 50 64
1 51 72
1 53 69
1 55 94
1 59 85
1 60 74
1 67 79
1 70 82
1 80 91
1 89 90
2 3 6
2 3 97
2 4 67
2 5 85
2 7 10
2 8 9
2 11 91
2 12 47
2 13 36
2 14 41
2 15 25
2 16 44
2 17 40
2 18 92
2 19 22
2 21 57
2 23 74
2 24 29
2 26 75
2 27 30
2 28 49
2 31 71
2 32 60
2 33 77
2 34 96
2 35 46
2 37 84
2 38 73
2 39 42
2 43 90
2 45 79
2 48 81
2 50 82
2 51 65
2 52 55
2 53 63
2 54 66
2 56 62
2 58 72
2 59 86
2 61 89
2 64 95
2 68 69
2 70 93
2 76 88
2 78 94
2 80 87
3 5 10
3 7 63
3 8 73
3 9 46
3 11 51
3 12 80
3 13 85
3 14 30
3 15 19
3 16 22
3 17 74
3 18 49
3 20 53
3 21 84
3 23 26
3 24 77
3 25 27
3 28 66
3 29 45
3 31 88
3 32 65
3 33 37
3 34 38
3 35 79
3 36 94
3 39 90
3 40 44
3 41 43
3 42 87
3 47 59
3 48 68
3 50 57
3 52 83
3 54 61
3 55 96
3 56 91
3 58 82
3 60 92
3 62 76
3 64 72
3 67 86
3 69 81
3 70 89
3 71 78
3 93 95
4 5 57
4 5 97
4 6 60
4 7 43
4 8 34
4 9 14
4 10 13
4 11 29
4 12 45
4 15 50
4 16 39
4 17 22
4 18 65
4 19 56
4 20 35
4 21 92
4 23 80
4 24 32
4 26 96
4 27 68
4 28 76
4 30 48
4 31 69
4 33 95
4 36 73
4 37 90
4 38 40
4 41 81
4 42 88
4 44 83
4 46 85
4 47 52
4 49 54
4 51 84
4 53 66
4 55 87
4 58 70
4 59 78
4 61 75
4 62 79
4 63 64
4 71 91
4 72 89
4 74 82
4 77 93
4 86 94
5 7 17
5 8 61
5 9 53
5 11 32
5 12 31
5 13 38
5 15 21
5 16 75
5 18 51
5 19 39
5 20 92
5 22 96
5 23 45
5 24 94
5 25 56
5 26 71
5 27 37
5 28 36
5 29 49
5 30 73
5 33 83
5 34 89
5 35 88
5 40 47
5 41 86
5 42 43
5 44 65
5 46 69
5 48 54
5 50 70
5 52 58
5 55 72
5 59 67
5 60 91
5 62 84
5 63 93
5 64 90
5 66 68
5 74 77
5 76 78
5 79 87
5 80 81
5 82 95
6 7 36
6 7 97
6 8 29
6 9 39
6 10 24
6 11 18
6 12 46
6 13 92
6 14 96
6 15 16
6 17 50
6 19 87
6 20 41
6 21 72
6 22 76
6 23 77
6 25 81
6 26 82
6 27 28
6 30 89
6 31 94
6 32 52
6 33 51
6 34 83
6 35 38
6 37 67
6 40 68
6 42 78
6 43 66
6 44 55
6 47 54
6 48 74
6 49 79
6 53 88
6 56 80
6 57 85
6 58 84
6 59 93
6 61 69
6 62 71
6 63 70
6 64 75
6 65 95
6 73 86
6 90 91
7 8 12
7 9 18
7 11 55
7 13 65
7 14 82
7 15 68
7 16 94
7 19 81
7 20 26
7 21 29
7 22 34
7 23 58
7 24 89
7 25 37
7 27 72
7 28 47
7 31 79
7 32 71
7 33 90
7 35 61
7 38 84
7 39 40
7 41 50
7 42 70
7 44 45
7 46 51
7 48 56
7 49 53
7 52 59
7 54 88
7 57 80
7 60 64
7 62 95
7 66 96
7 67 77
7 69 92
7 73 91
7 74 76
7 75 78
7 83 85
7 86 87
8 9 97
8 10 14
8 11 47
8 13 43
8 15 71
8 16 70
8 17 96
8 18 52
8 19 49
8 20 27
8 21 94
8 22 24
8 23 54
8 25 39
8 26 33
8 28 78
8 30 40
8 31 89
8 32 41
8 35 51
8 36 83
8 37 88
8 38 67
8 42 75
8 44 77
8 45 63
8 48 59
8 50 84
8 53 72
8 55 65
8 56 60
8 57 86
8 58 74
8 62 64
8 66 76
8 68 82
8 69 79
8 80 85
8 81 90
8 87 92
8 91 93
9 10 62
9 12 67
9 13 27
9 15 91
9 16 26
9 17 51
9 19 88
9 20 55
9 21 86
9 22 25
9 23 41
9 24 52
9 28 50
9 30 82
9 31 37
9 32 80
9 33 75
9 34 87
9 35 63
9 36 65
9 38 43
9 40 93
9 42 84
9 44 66
9 45 85
9 47 74
9 48 76
9 49 69
9 54 57
9 56 90
9 58 79
9 59 72
9 60 95
9 61 68
9 64 96
9 70 73
9 71 81
9 77 78
9 83 89
9 92 94
10 11 67
10 11 97
10 12 66
10 15 73
10 16 32
10 17 70
10 18 60
10 19 63
10 20 29
10 21 36
10 22 51
10 23 91
10 25 92
10 26 86
10 27 64
10 28 42
10 30 41
10 31 81
10 33 74
10 34 85
10 35 69
10 37 43
10 38 79
10 39 72
10 40 54
10 44 53
10 45 65
10 46 78
10 47 58
10 48 57
10 49 56
10 50 93
10 55 95
10 59 61
10 68 87
10 75 83
10 76 82
10 77 80
10 84 90
10 88 96
10 89 94
11 12 60
11 13 76
11 14 52
11 15 22
11 16 28
11 17 80
11 19 23
11 20 46
11 21 27
11 24 84
11 25 58
11 26 81
11 30 37
11 31 82
11 33 39
11 34 94
11 35 64
11 36 92
11 38 86
11 40 42
11 41 88
11 43 70
11 44 79
11 45 74
11 48 73
11 49 59
11 50 62
11 53 77
11 54 85
11 56 65
11 57 83
11 61 93
11 63 75
11 68 78
11 69 89
11 71 96
11 72 87
11 90 95
12 13 53
12 13 97
12 14 74
12 15 57
12 16 27
12 17 24
12 18 95
12 19 50
12 20 84
12 21 26
12 22 64
12 23 28
12 25 83
12 29 92
12 30 96
12 32 90
12 33 40
12 35 58
12 36 39
12 37 77
12 38 76
12 41 72
12 42 61
12 43 81
12 44 54
12 48 87
12 49 62
12 51 63
12 52 88
12 55 69
12 56 59
12 65 68
12 70 86
12 71 75
12 78 79
12 82 91
12 85 89
12 93 94
13 14 16
13 15 29
13 17 60
13 18 35
13 19 69
13 20 28
13 21 81
13 22 86
13 23 34
13 24 66
13 25 57
13 26 50
13 30 33
13 31 42
13 32 61
13 37 72
13 39 51
13 40 64
13 41 58
13 44 56
13 45 71
13 46 79
13 47 68
13 48 52
13 49 73
13 54 96
13 55 59
13 62 90
13 63 88
13 67 75
13 70 80
13 74 93
13 77 89
13 78 95
13 82 84
13 91 94
14 15 36
14 15 97
14 17 89
14 18 68
14 19 37
14 20 25
14 21 24
14 22 69
14 23 64
14 26 88
14 27 65
14 28 53
14 29 44
14 31 40
14 32 78
14 33 38
14 34 43
14 35 42
14 39 79
14 45 90
14 46 76
14 47 62
14 48 71
14 49 58
14 51 80
14 54 91
14 55 57
14 56 70
14 59 83
14 60 66
14 61 77
14 63 92
14 67 72
14 73 81
14 75 94
14 84 86
14 85 95
14 87 93
15 17 58
15 18 24
15 20 77
15 23 30
15 26 62
15 27 82
15 28 56
15 31 47
15 32 48
15 33 78
15 34 40
15 35 86
15 37 53
15 39 84
15 41 93
15 42 83
15 43 96
15 44 95
15 45 59
15 46 74
15 51 76
15 52 70
15 54 92
15 55 79
15 60 88
15 61 66
15 63 72
15 64 89
15 65 81
15 67 80
15 69 87
15 75 85
15 90 94
16 17 97
16 18 29
16 19 41
16 20 74
16 21 68
16 23 48
16 24 25
16 30 43
16 31 58
16 33 52
16 34 49
16 35 78
16 36 45
16 37 91
16 38 83
16 40 55
16 42 53
16 46 61
16 47 50
16 51 62
16 54 67
16 56 85
16 57 59
16 60 87
16 63 66
16 64 71
16 65 82
16 69 96
16 73 77
16 76 90
16 79 95
16 80 88
16 81 93
16 84 89
16 86 92
17 18 93
17 19 26
17 20 31
17 21 91
17 23 27
17 25 59
17 28 37
17 29 63
17 30 95
17 32 73
17 33 44
17 34 48
17 35 41
17 36 69
17 38 52
17 39 57
17 42 56
17 43 77
17 45 67
17 46 66
17 47 82
17 49 83
17 53 64
17 54 55
17 61 87
17 62 85
17 65 79
17 68 72
17 71 88
17 75 90
17 76 94
17 78 84
17 81 92
18 19 82
18 19 97
18 20 72
18 21 90
18 22 36
18 23 43
18 25 70
18 26 44
18 27 88
18 28 75
18 30 94
18 31 41
18 32 40
18 33 48
18 34 47
18 37 45
18 38 80
18 39 58
18 42 55
18 46 59
18 50 54
18 56 96
18 57 62
18 61 86
18 63 77
18 64 84
18 66 79
18 67 89
18 69 76
18 71 74
18 73 83
18 81 91
18 85 87
19 20 47
19 21 59
19 24 60
19 25 71
19 27 51
19 28 57
19 29 46
19 30 78
19 31 91
19 32 54
19 33 70
19 34 44
19 35 83
19 36 74
19 38 75
19 40 48
19 42 79
19 45 80
19 52 65
19 53 55
19 58 95
19 62 73
19 64 77
19 66 85
19 67 94
19 68 84
19 72 96
19 76 92
19 86 89
19 90 93
20 21 50
20 21 97
20 22 88
20 23 37
20 24 34
20 30 59
20 32 51
20 33 96
20 36 54
20 38 70
20 39 60
20 40 76
20 42 80
20 43 73
20 44 89
20 45 57
20 48 91
20 49 68
20 52 63
20 56 58
20 61 85
20 62 67
20 64 93
20 65 94
20 66 78
20 69 95
20 71 86
20 75 87
20 79 83
20 82 90
21 23 53
21 25 32
21 28 87
21 30 46
21 31 33
21 34 56
21 35 89
21 37 49
21 38 74
21 39 61
21 40 79
21 41 62
21 42 60
21 43 80
21 44 58
21 45 55
21 47 95
21 48 70
21 51 67
21 52 93
21 54 82
21 63 83
21 64 78
21 65 73
21 66 75
21 69 77
21 71 85
21 76 96
22 23 29
22 23 97
22 26 30
22 27 71
22 28 89
22 31 50
22 32 47
22 33 55
22 35 77
22 37 48
22 38 54
22 39 62
22 40 80
22 41 79
22 42 81
22 44 60
22 45 56
22 46 53
22 49 95
22 52 75
22 57 73
22 58 68
22 59 65
22 61 92
22 63 84
22 66 83
22 67 82
22 70 87
22 72 90
22 74 91
22 78 93
22 85 94
23 24 40
23 25 78
23 31 84
23 32 56
23 33 93
23 35 59
23 36 85
23 38 81
23 39 47
23 42 76
23 44 68
23 46 65
23 49 86
23 50 87
23 51 94
23 52 61
23 55 67
23 57 60
23 63 89
23 66 90
23 69 70
23 71 79
23 72 73
23 75 88
23 82 92
23 83 95
24 25 97
24 26 79
24 27 53
24 28 62
24 30 70
24 31 56
24 33 67
24 35 95
24 36 59
24 37 46
24 38 82
24 39 48
24 42 50
24 43 75
24 44 51
24 45 72
24 47 80
24 49 87
24 55 71
24 57 61
24 58 78
24 63 73
24 64 76
24 65 83
24 68 88
24 69 91
24 74 81
24 85 93
24 86 90
24 92 96
25 26 67
25 28 44
25 29 89
25 30 62
25 31 55
25 33 36
25 34 72
25 35 94
25 38 95
25 40 50
25 41 49
25 42 93
25 43 51
25 45 47
25 46 91
25 48 77
25 52 53
25 54 74
25 60 68
25 61 64
25 65 87
25 66 88
25 69 86
25 73 79
25 75 82
25 76 84
25 80 90
25 85 96
26 27 36
26 27 97
26 28 55
26 29 83
26 31 34
26 32 39
26 35 60
26 37 41
26 38 59
26 40 72
26 42 47
26 43 95
26 45 61
26 46 54
26 48 64
26 49 51
26 52 92
26 53 65
26 56 93
26 57 63
26 58 76
26 66 89
26 68 80
26 69 74
26 70 78
26 73 90
26 77 85
26 87 94
27 29 78
27 31 77
27 32 33
27 34 91
27 35 87
27 38 50
27 39 66
27 40 62
27 41 61
27 42 54
27 43 84
27 44 76
27 45 52
27 46 89
27 47 86
27 48 49
27 55 75
27 56 63
27 58 60
27 59 92
27 67 69
27 70 95
27 73 80
27 74 85
27 79 93
27 81 94
27 83 90
28 29 85
28 29 97
28 30 74
28 31 59
28 32 95
28 33 61
28 34 58
28 35 73
28 38 45
28 39 52
28 40 51
28 41 90
28 43 48
28 46 93
28 54 94
28 60 70
28 63 82
28 64 83
28 65 71
28 67 88
28 68 77
28 69 80
28 72 86
28 79 81
28 84 92
28 91 96
29 30 53
29 31 60
29 32 82
29 33 76
29 34 77
29 35 57
29 36 68
29 37 55
29 38 56
29 39 59
29 40 74
29 41 51
29 42 69
29 43 64
29 47 72
29 48 93
29 50 80
29 52 62
29 54 79
29 58 88
29 61 81
29 65 91
29 66 73
29 67 87
29 70 84
29 71 90
29 75 95
29 94 96
30 31 64
30 31 97
30 32 63
30 34 61
30 35 44
30 36 77
30 38 55
30 39 54
30 42 51
30 45 49
30 47 88
30 50 86
30 52 67
30 56 57
30 58 80
30 60 71
30 66 91
30 68 93
30 69 83
30 72 92
30 75 81
30 76 85
30 79 90
30 84 87
31 32 53
31 35 49
31 36 66
31 38 92
31 43 68
31 44 74
31 45 48
31 46 67
31 51 73
31 52 78
31 54 65
31 57 70
31 61 72
31 63 95
31 75 80
31 76 87
31 83 96
31 85 90
31 86 93
32 33 97
32 35 72
32 36 38
32 37 94
32 42 66
32 43 91
32 44 50
32 46 58
32 49 75
32 55 86
32 57 68
32 59 69
32 62 89
32 64 70
32 67 76
32 74 84
32 77 79
32 81 83
32 85 92
32 87 88
32 93 96
33 34 54
33 35 84
33 41 64
33 42 58
33 43 89
33 45 69
33 46 71
33 47 73
33 49 60
33 50 59
33 53 80
33 56 87
33 57 88
33 62 72
33 63 85
33 65 92
33 66 94
33 79 82
33 86 91
34 35 67
34 35 97
34 36 37
34 39 93
34 41 55
34 42 73
34 45 92
34 46 57
34 50 51
34 52 66
34 53 68
34 59 60
34 62 80
34 63 81
34 64 82
34 65 90
34 69 75
34 70 74
34 71 84
34 76 79
34 78 86
34 88 95
35 36 91
35 39 53
35 40 75
35 43 65
35 45 50
35 47 85
35 52 81
35 54 93
35 55 66
35 56 71
35 62 92
35 68 74
35 70 76
35 80 82
35 90 96
36 37 97
36 40 56
36 41 60
36 42 95
36 43 62
36 44 96
36 46 48
36 47 90
36 49 88
36 50 61
36 51 82
36 52 87
36 53 84
36 55 80
36 57 75
36 63 78
36 64 86
36 67 71
36 70 79
36 72 93
36 81 89
37 38 89
37 39 82
37 40 87
37 42 62
37 44 80
37 47 60
37 50 63
37 51 56
37 52 95
37 54 73
37 57 93
37 58 61
37 64 69
37 65 76
37 66 71
37 68 75
37 70 81
37 74 83
37 78 96
37 79 92
37 85 86
38 39 85
38 39 97
38 41 78
38 42 71
38 44 61
38 46 88
38 47 65
38 48 72
38 49 94
38 51 68
38 53 93
38 57 69
38 60 96
38 62 77
38 63 91
38 64 66
38 87 90
39 41 67
39 43 55
39 44 75
39 45 73
39 46 63
39 49 96
39 50 76
39 56 69
39 64 65
39 68 89
39 70 94
39 71 95
39 74 87
39 78 81
39 80 92
39 83 86
39 88 91
40 41 57
40 41 97
40 43 92
40 45 60
40 46 70
40 49 77
40 53 95
40 58 96
40 59 81
40 61 88
40 63 86
40 65 66
40 67 90
40 69 84
40 71 89
40 73 94
40 78 91
40 82 83
41 42 63
41 44 71
41 45 91
41 46 77
41 47 70
41 48 80
41 52 94
41 53 87
41 54 83
41 56 66
41 59 89
41 65 75
41 68 73
41 69 82
41 74 96
41 76 95
41 84 85
42 43 97
42 45 94
42 46 72
42 48 86
42 49 64
42 52 68
42 57 91
42 59 90
42 65 74
42 67 96
42 82 85
42 89 92
43 44 59
43 45 87
43 46 52
43 47 67
43 49 85
43 50 56
43 53 94
43 54 58
43 57 79
43 60 72
43 61 71
43 63 74
43 69 78
43 76 83
43 82 93
43 86 88
44 45 97
44 46 87
44 47 57
44 48 63
44 49 92
44 52 85
44 62 91
44 64 67
44 70 90
44 72 82
44 73 78
44 81 86
44 84 94
44 88 93
45 46 86
45 51 95
45 53 76
45 54 64
45 58 75
45 62 93
45 66 82
45 68 83
45 70 96
45 77 84
45 78 89
45 81 88
46 47 96
46 47 97
46 49 90
46 50 60
46 55 68
46 62 75
46 64 80
46 73 84
46 81 95
46 82 94
46 83 92
47 48 92
47 49 61
47 51 78
47 53 79
47 55 84
47 64 81
47 66 87
47 69 94
47 71 83
47 75 77
47 76 93
47 89 91
48 49 97
48 50 75
48 51 69
48 53 85
48 55 90
48 58 89
48 60 82
48 61 95
48 62 78
48 65 67
48 79 96
48 83 94
48 84 88
49 50 65
49 52 72
49 55 82
49 57 66
49 63 67
49 71 93
49 74 89
49 76 81
49 78 80
49 84 91
50 51 97
50 52 89
50 53 73
50 55 74
50 58 71
50 66 95
50 67 91
50 68 90
50 69 88
50 72 94
50 77 83
50 78 92
50 79 85
50 81 96
51 52 71
51 53 81
51 54 90
51 57 87
51 58 64
51 59 75
51 60 86
51 61 79
51 66 74
51 70 83
51 77 96
51 85 88
51 89 93
51 91 92
52 53 97
52 54 69
52 56 73
52 57 64
52 60 90
52 74 86
52 76 80
52 77 82
52 79 91
52 84 96
53 54 71
53 56 89
53 57 96
53 58 86
53 59 82
53 60 78
53 61 91
53 62 70
53 67 83
53 74 75
53 90 92
54 55 97
54 56 81
54 59 76
54 60 77
54 62 87
54 63 68
54 70 75
54 72 78
54 80 89
54 86 95
55 56 76
55 58 92
55 60 89
55 61 83
55 62 63
55 64 91
55 70 88
55 73 93
55 77 81
55 78 85
56 57 97
56 61 84
56 64 92
56 67 78
56 68 79
56 72 75
56 74 94
56 77 95
56 82 86
56 83 88
57 58 90
57 65 72
57 71 76
57 74 92
57 77 94
57 78 82
57 81 84
57 89 95
58 59 66
58 59 97
58 62 94
58 63 65
58 67 85
58 69 73
58 77 91
58 81 87
58 83 93
59 62 88
59 63 71
59 64 68
59 70 91
59 73 74
59 77 87
59 79 84
59 80 96
59 94 95
60 61 94
60 61 97
60 62 83
60 63 76
60 65 80
60 67 73
60 69 93
60 75 84
60 81 85
61 62 74
61 63 80
61 65 96
61 67 70
61 73 76
61 78 90
62 63 97
62 65 86
62 66 69
62 68 96
62 81 82
63 69 90
63 79 94
63 87 96
64 65 97
64 73 85
64 74 79
64 88 94
65 69 85
65 70 77
65 84 93
65 88 89
66 67 84
66 67 97
66 70 92
66 72 81
66 77 86
66 80 93
67 68 81
67 74 95
67 92 93
68 69 97
68 70 71
68 76 86
68 85 91
68 92 95
69 71 72
70 71 97
70 72 85
71 77 92
71 80 94
71 82 87
72 73 97
72 74 80
72 76 77
72 79 88
72 83 91
72 84 95
73 75 92
73 82 88
73 87 89
73 95 96
74 75 97
74 78 88
75 76 91
75 79 89
75 86 96
76 77 97
77 88 90
78 79 97
78 83 87
79 80 86
80 81 97
80 83 84
82 83 97
82 89 96
84 85 97
86 87 97
87 91 95
88 89 97
90 91 97
92 93 97
94 95 97
