0 1 56
0 2 31
0 3 22
0 4 20
0 5 32
0 6 61
0 7 8
0 9 17
0 10 49
0 11 57
0 12 73
0 13 14
0 15 16
0 18 88
0 19 92
0 21 48
0 23 87
0 24 25
0 26 82
0 27 84
0 28 70
0 29 50
0 30 69
0 33 64
0 34 68
0 35 94
0 36 89
0 37 81
0 38 93
0 39 40
0 41 46
0 42 90
0 43 44
0 45 63
0 47 77
0 51 59
0 52 75
0 53 55
0 54 79
0 58 62
0 60 74
0 65 98
0 66 91
0 67 76
0 71 83
0 72 85
0 78 96
0 80 95
0 86 97
1 2 27
1 3 10
1 4 95
1 5 7
1 6 58
1 8 12
1 9 73
1 11 20
1 13 46
1 14 28
1 15 90
1 16 87
1 17 45
1 18 75
1 19 53
1 21 97
1 22 62
1 23 81
1 24 26
1 25 77
1 29 83
1 30 39
1 31 52
1 32 40
1 33 88
1 34 51
1 35 79
1 36 64
1 37 43
1 38 84
1 41 44
1 42 60
1 47 94
1 48 91
1 49 61
1 50 70
1 54 92
1 55 66
1 57 69
1 59 82
1 63 74
1 65 78
1 67 96
1 68 85
1 71 76
1 72 98
1 80 86
1 89 93
2 3 46
2 4 32
2 5 8
2 6 52
2 7 86
2 9 26
2 10 17
2 11 21
2 12 84
2 13 29
2 14 72
2 15 95
2 16 67
2 18 47
2 19 22
2 20 40
2 23 93
2 24 50
2 25 30
2 28 41
2 33 71
2 34 69
2 35 87
2 36 78
2 37 64
2 38 74
2 39 42
2 43 59
2 44 45
2 48 90
2 49 56
2 51 89
2 53 98
2 54 55
2 57 82
2 58 97
2 60 77
2 61 83
2 62 63
2 65 91
2 66 68
2 70 81
2 73 92
2 75 80
2 76 79
2 85 96
2 88 94
3 4 69
3 5 44
3 6 31
3 7 95
3 8 16
3 9 19
3 11 12
3 13 96
3 14 20
3 15 71
3 17 23
3 18 33
3 21 78
3 24 75
3 25 40
3 26 90
3 27 59
3 28 65
3 29 41
3 30 92
3 32 47
3 34 60
3 35 49
3 36 74
3 37 77
3 38 64
3 39 50
3 42 73
3 43 51
3 45 54
3 48 52
3 53 97
3 55 68
3 56 94
3 57 80
3 58 84
3 61 70
3 62 82
3 63 85
3 66 79
3 67 81
3 72 87
3 76 88
3 83 98
3 86 89
3 91 93
4 5 15
4 6 94
4 7 55
4 8 31
4 9 48
4 10 11
4 12 37
4 13 43
4 14 51
4 16 80
4 17 49
4 18 21
4 19 41
4 22 52
4 23 28
4 24 65
4 25 53
4 26 36
4 27 87
4 29 89
4 30 68
4 33 76
4 34 59
4 35 46
4 38 77
4 39 60
4 40 70
4 42 71
4 44 84
4 45 90
4 47 92
4 50 79
4 54 81
4 56 91
4 57 97
4 58 75
4 61 64
4 62 72
4 63 93
4 66 73
4 67 85
4 74 86
4 78 88
4 82 83
4 96 98
5 6 13
5 9 16
5 10 54
5 11 83
5 12 60
5 14 46
5 17 51
5 18 30
5 19 90
5 20 58
5 21 76
5 22 80
5 23 29
5 24 72
5 25 43
5 26 70
5 27 33
5 28 56
5 31 40
5 34 36
5 35 74
5 37 92
5 38 75
5 39 97
5 41 63
5 42 65
5 45 77
5 47 71
5 48 94
5 49 98
5 50 81
5 52 57
5 53 62
5 55 67
5 59 69
5 61 87
5 64 73
5 66 88
5 68 86
5 78 84
5 79 91
5 82 89
5 85 93
5 95 96
6 7 20
6 8 53
6 9 64
6 10 81
6 11 35
6 12 78
6 14 62
6 15 21
6 16 47
6 17 54
6 18 19
6 22 68
6 23 42
6 24 30
6 25 86
6 26 27
6 28 75
6 29 72
6 32 34
6 33 51
6 36 66
6 37 40
6 38 63
6 39 46
6 41 70
6 43 82
6 44 59
6 45 83
6 48 93
6 49 95
6 50 73
6 55 79
6 56 98
6 57 60
6 65 85
6 67 87
6 69 92
6 71 80
6 74 90
6 76 77
6 84 97
6 88 91
6 89 96
7 9 98
7 10 19
7 11 92
7 12 56
7 13 83
7 14 63
7 15 70
7 16 88
7 17 93
7 18 87
7 21 38
7 22 30
7 23 51
7 24 48
7 25 31
7 26 67
7 27 61
7 28 90
7 29 32
7 33 35
7 34 77
7 36 44
7 37 49
7 39 62
7 40 71
7 41 76
7 42 80
7 43 79
7 45 78
7 46 68
7 47 72
7 50 69
7 52 81
7 53 66
7 54 84
7 57 64
7 58 96
7 59 94
7 60 65
7 73 89
7 74 82
7 75 85
7 91 97
8 9 52
8 10 15
8 11 50
8 13 49
8 14 71
8 17 78
8 18 58
8 19 46
8 20 56
8 21 34
8 22 27
8 23 92
8 24 41
8 25 64
8 26 85
8 28 67
8 29 93
8 30 83
8 32 39
8 33 48
8 35 68
8 36 59
8 37 72
8 38 89
8 40 57
8 42 45
8 43 74
8 44 65
8 47 96
8 51 91
8 54 98
8 55 63
8 60 86
8 61 94
8 62 84
8 66 76
8 69 77
8 70 75
8 73 90
8 79 81
8 80 87
8 82 95
8 88 97
9 10 27
9 11 32
9 12 54
9 13 88
9 14 50
9 15 51
9 18 42
9 20 95
9 21 49
9 22 28
9 23 71
9 24 77
9 25 76
9 29 97
9 30 43
9 31 80
9 33 37
9 34 40
9 35 66
9 36 65
9 38 56
9 39 63
9 41 79
9 44 46
9 45 87
9 47 75
9 53 81
9 55 62
9 57 86
9 58 82
9 59 67
9 60 72
9 61 84
9 68 89
9 69 85
9 70 94
9 74 92
9 78 90
9 83 93
9 91 96
10 12 66
10 13 98
10 14 80
10 16 25
10 18 78
10 20 90
10 21 75
10 22 47
10 23 89
10 24 95
10 26 31
10 28 82
10 29 34
10 30 85
10 32 36
10 33 40
10 35 37
10 38 41
10 39 64
10 42 87
10 43 92
10 44 73
10 45 88
10 46 72
10 48 86
10 50 74
10 51 62
10 52 58
10 53 79
10 55 59
10 56 69
10 57 76
10 60 93
10 61 67
10 63 65
10 68 97
10 70 77
10 71 91
10 83 96
10 84 94
11 13 72
11 14 73
11 15 27
11 16 89
11 17 29
11 18 95
11 19 40
11 22 39
11 23 97
11 24 96
11 25 42
11 26 49
11 28 54
11 30 61
11 31 69
11 33 45
11 34 46
11 36 94
11 37 41
11 38 91
11 43 58
11 44 51
11 47 59
11 48 60
11 52 56
11 53 80
11 55 64
11 62 65
11 63 88
11 66 81
11 67 84
11 68 74
11 70 86
11 71 75
11 76 78
11 77 93
11 79 98
11 82 90
11 85 87
12 13 28
12 14 31
12 15 80
12 16 44
12 17 30
12 18 50
12 19 61
12 20 23
12 21 90
12 22 88
12 24 76
12 25 41
12 26 89
12 27 77
12 29 65
12 32 71
12 33 53
12 34 42
12 35 92
12 36 47
12 38 51
12 39 82
12 40 85
12 43 98
12 45 94
12 46 52
12 48 59
12 49 86
12 55 70
12 57 72
12 58 81
12 62 95
12 63 79
12 64 83
12 67 69
12 68 96
12 74 75
12 87 91
12 93 97
13 15 92
13 16 30
13 17 39
13 18 51
13 19 69
13 20 26
13 21 58
13 22 42
13 23 90
13 24 52
13 25 54
13 27 35
13 31 77
13 32 60
13 33 65
13 34 53
13 36 41
13 37 75
13 38 40
13 44 74
13 45 59
13 47 55
13 48 62
13 50 93
13 56 86
13 57 73
13 61 97
13 63 89
13 64 67
13 66 80
13 68 87
13 70 71
13 76 84
13 78 79
13 81 91
13 82 94
13 85 95
14 15 77
14 16 29
14 17 97
14 18 27
14 19 26
14 21 24
14 22 49
14 23 58
14 25 79
14 30 75
14 32 45
14 33 66
14 34 85
14 35 47
14 36 82
14 37 91
14 38 61
14 39 69
14 40 41
14 42 76
14 43 64
14 44 67
14 48 68
14 52 54
14 53 59
14 55 86
14 56 84
14 57 93
14 60 96
14 65 74
14 70 78
14 81 94
14 83 88
14 87 95
14 89 98
14 90 92
15 17 33
15 18 72
15 19 86
15 20 60
15 22 98
15 23 50
15 24 88
15 25 75
15 26 97
15 28 49
15 29 78
15 30 34
15 31 59
15 32 48
15 35 96
15 36 56
15 37 44
15 38 62
15 39 93
15 40 91
15 41 66
15 42 82
15 43 68
15 45 58
15 46 63
15 47 74
15 52 64
15 53 67
15 54 69
15 55 61
15 57 65
15 73 84
15 76 85
15 79 94
15 81 87
15 83 89
16 17 56
16 18 31
16 19 33
16 20 35
16 21 77
16 22 23
16 24 98
16 26 73
16 27 32
16 28 94
16 34 49
16 36 61
16 37 38
16 39 74
16 40 55
16 41 58
16 42 57
16 43 60
16 45 70
16 46 48
16 50 71
16 51 69
16 52 62
16 53 96
16 54 68
16 59 72
16 63 76
16 64 84
16 65 83
16 66 93
16 75 92
16 78 91
16 79 82
16 81 86
16 85 97
16 90 95
17 18 98
17 19 71
17 20 91
17 21 27
17 22 67
17 24 37
17 25 92
17 26 65
17 28 47
17 31 76
17 32 75
17 34 52
17 35 80
17 36 87
17 38 55
17 40 58
17 41 84
17 42 86
17 43 96
17 44 89
17 46 61
17 48 53
17 50 82
17 57 66
17 59 77
17 60 88
17 62 73
17 63 81
17 64 90
17 68 79
17 69 95
17 70 85
17 72 83
17 74 94
18 20 37
18 22 92
18 23 40
18 24 39
18 25 46
18 26 32
18 28 57
18 29 73
18 34 89
18 35 54
18 36 97
18 38 67
18 41 59
18 43 62
18 44 61
18 45 91
18 48 71
18 49 76
18 52 94
18 53 84
18 55 83
18 56 60
18 63 77
18 64 86
18 65 81
18 66 82
18 68 69
18 70 90
18 74 85
18 79 96
18 80 93
19 20 43
19 21 94
19 23 59
19 24 84
19 25 74
19 27 88
19 28 37
19 29 62
19 30 65
19 31 51
19 32 56
19 34 54
19 35 55
19 36 60
19 38 80
19 39 58
19 42 79
19 44 50
19 45 66
19 47 57
19 48 78
19 49 70
19 52 67
19 63 95
19 64 93
19 68 72
19 73 77
19 75 89
19 76 87
19 81 96
19 82 97
19 83 85
19 91 98
20 21 46
20 22 93
20 24 31
20 25 67
20 27 96
20 28 36
20 29 98
20 30 32
20 33 59
20 34 39
20 38 66
20 41 88
20 42 61
20 44 87
20 45 69
20 47 89
20 48 74
20 49 79
20 50 75
20 51 54
20 52 63
20 53 57
20 55 71
20 62 92
20 64 81
20 65 86
20 68 70
20 72 94
20 73 97
20 76 80
20 77 82
20 78 85
20 83 84
21 22 84
21 23 32
21 25 45
21 26 63
21 28 55
21 29 95
21 30 70
21 31 53
21 33 91
21 35 41
21 36 54
21 37 73
21 39 61
21 40 86
21 42 52
21 43 57
21 44 71
21 47 51
21 50 96
21 56 85
21 59 79
21 60 83
21 62 68
21 64 82
21 65 93
21 66 87
21 67 89
21 69 74
21 72 80
21 81 92
21 88 98
22 24 29
22 25 78
22 26 40
22 31 74
22 32 72
22 33 95
22 34 76
22 35 86
22 36 48
22 37 90
22 38 59
22 41 51
22 43 81
22 44 64
22 45 97
22 46 55
22 50 65
22 53 56
22 54 61
22 57 89
22 58 69
22 60 70
22 63 66
22 71 77
22 73 85
22 75 96
22 79 83
22 82 87
22 91 94
23 24 57
23 25 98
23 26 83
23 27 85
23 30 80
23 31 55
23 33 60
23 34 38
23 35 64
23 36 63
23 37 61
23 39 48
23 41 62
23 43 78
23 44 54
23 45 53
23 46 82
23 47 52
23 49 69
23 56 95
23 65 75
23 66 96
23 67 94
23 68 88
23 70 84
23 72 79
23 73 91
23 74 77
23 76 86
24 27 97
24 28 40
24 32 55
24 33 58
24 34 90
24 35 71
24 36 67
24 38 47
24 42 62
24 43 86
24 44 79
24 45 74
24 46 53
24 49 73
24 51 85
24 54 60
24 56 81
24 59 70
24 61 82
24 63 91
24 64 87
24 66 89
24 68 94
24 69 93
24 78 83
24 80 92
25 26 81
25 27 50
25 28 87
25 29 82
25 32 94
25 33 89
25 34 70
25 35 56
25 36 96
25 37 84
25 38 60
25 39 65
25 44 85
25 47 93
25 48 97
25 49 90
25 51 55
25 52 88
25 57 63
25 58 68
25 59 71
25 61 62
25 66 72
25 69 91
25 73 95
25 80 83
26 28 60
26 29 74
26 30 66
26 33 56
26 34 86
26 35 42
26 37 79
26 38 76
26 39 92
26 41 61
26 43 91
26 44 62
26 45 75
26 46 77
26 47 95
26 48 72
26 50 54
26 51 88
26 52 87
26 53 69
26 55 93
26 57 59
26 58 98
26 64 94
26 68 78
26 71 96
26 80 84
27 28 38
27 29 81
27 30 79
27 31 44
27 34 63
27 36 72
27 37 60
27 39 51
27 40 52
27 41 86
27 42 69
27 43 47
27 45 55
27 46 65
27 48 75
27 49 67
27 53 93
27 54 95
27 56 82
27 57 83
27 58 74
27 62 80
27 64 66
27 68 92
27 70 73
27 71 94
27 76 91
27 78 98
27 89 90
28 29 63
28 30 89
28 31 68
28 32 92
28 33 46
28 34 83
28 35 77
28 39 79
28 42 53
28 43 97
28 44 96
28 45 95
28 48 84
28 50 78
28 51 66
28 52 72
28 58 71
28 59 98
28 61 73
28 62 86
28 64 91
28 69 88
28 74 93
28 76 81
28 80 85
29 30 96
29 31 61
29 33 52
29 35 48
29 36 75
29 37 57
29 38 86
29 39 55
29 40 67
29 42 51
29 43 85
29 44 56
29 45 49
29 46 80
29 47 87
29 53 92
29 54 77
29 58 66
29 59 60
29 64 69
29 68 90
29 70 79
29 71 88
29 76 94
29 84 91
30 31 62
30 33 57
30 35 84
30 36 38
30 37 95
30 40 81
30 41 94
30 42 63
30 44 82
30 45 48
30 46 59
30 47 73
30 49 93
30 50 51
30 52 76
30 53 74
30 54 72
30 55 77
30 56 64
30 58 87
30 60 91
30 67 78
30 71 86
30 88 90
30 97 98
31 32 90
31 33 73
31 34 79
31 35 85
31 36 84
31 37 78
31 38 50
31 39 57
31 41 72
31 42 75
31 43 89
31 45 71
31 46 91
31 47 58
31 48 88
31 49 87
31 54 86
31 56 83
31 60 81
31 63 67
31 64 96
31 65 97
31 66 94
31 70 93
31 82 92
31 95 98
32 33 96
32 35 38
32 37 82
32 41 95
32 42 78
32 43 49
32 44 57
32 46 64
32 50 53
32 51 79
32 52 70
32 54 76
32 58 91
32 59 85
32 61 66
32 62 74
32 63 73
32 65 68
32 67 83
32 69 87
32 77 81
32 80 97
32 84 89
32 86 88
32 93 98
33 34 94
33 36 69
33 38 49
33 39 44
33 41 92
33 42 74
33 43 70
33 47 68
33 50 55
33 54 78
33 61 98
33 62 87
33 63 97
33 67 77
33 72 75
33 79 90
33 80 81
33 82 93
33 83 86
33 84 85
34 35 57
34 37 50
34 41 75
34 43 48
34 44 93
34 45 84
34 47 56
34 55 74
34 58 61
34 62 81
34 64 97
34 65 96
34 66 95
34 67 88
34 71 98
34 72 82
34 73 78
34 80 91
34 87 92
35 36 91
35 39 72
35 40 83
35 43 88
35 44 90
35 45 60
35 50 62
35 51 93
35 52 89
35 53 58
35 59 65
35 61 63
35 67 95
35 69 97
35 70 98
35 73 76
35 75 78
35 81 82
36 37 86
36 39 80
36 40 53
36 42 49
36 43 71
36 45 50
36 46 79
36 51 52
36 55 92
36 57 98
36 58 85
36 62 77
36 68 95
36 70 76
36 73 93
36 81 88
36 83 90
37 39 66
37 42 89
37 45 52
37 46 83
37 47 69
37 48 56
37 51 74
37 53 76
37 54 88
37 55 85
37 58 63
37 59 93
37 62 71
37 65 87
37 67 97
37 68 98
37 70 96
37 80 94
38 39 71
38 42 98
38 43 45
38 44 70
38 46 95
38 48 73
38 52 65
38 53 72
38 54 97
38 57 68
38 58 88
38 69 96
38 78 82
38 79 92
38 81 83
38 85 94
38 87 90
39 41 98
39 43 54
39 45 47
39 49 59
39 52 95
39 53 78
39 56 75
39 67 70
39 68 81
39 73 94
39 76 83
39 77 90
39 84 88
39 85 89
39 86 91
39 87 96
40 42 46
40 43 72
40 44 60
40 45 80
40 47 66
40 48 50
40 49 96
40 51 84
40 54 62
40 56 87
40 59 90
40 61 76
40 63 64
40 65 77
40 68 82
40 69 75
40 73 98
40 74 97
40 78 89
40 79 95
40 88 93
40 92 94
41 42 48
41 43 69
41 45 82
41 47 60
41 49 54
41 50 64
41 52 68
41 53 65
41 55 57
41 56 80
41 67 90
41 71 97
41 73 87
41 74 96
41 77 89
41 78 93
41 81 85
41 83 91
42 43 67
42 44 91
42 47 84
42 50 66
42 54 93
42 55 81
42 56 88
42 58 70
42 59 68
42 64 85
42 72 97
42 77 95
42 83 92
42 94 96
43 46 73
43 50 94
43 52 84
43 53 90
43 55 75
43 56 61
43 63 80
43 65 66
43 76 93
43 77 87
43 83 95
44 47 83
44 48 95
44 49 92
44 52 86
44 53 75
44 55 58
44 63 94
44 66 97
44 68 76
44 69 80
44 72 88
44 77 98
44 78 81
45 46 89
45 51 92
45 56 65
45 57 81
45 61 68
45 62 76
45 64 98
45 67 79
45 72 93
45 73 96
45 85 86
46 47 70
46 49 84
46 50 60
46 51 94
46 54 85
46 56 90
46 57 87
46 58 78
46 62 88
46 66 86
46 67 93
46 69 71
46 74 81
46 75 98
46 76 97
46 92 96
47 48 64
47 49 63
47 50 86
47 53 54
47 61 78
47 62 91
47 65 67
47 76 82
47 79 88
47 80 90
47 81 97
47 85 98
48 49 77
48 51 96
48 54 57
48 55 69
48 58 83
48 61 81
48 63 92
48 65 89
48 66 85
48 67 82
48 70 87
48 76 98
48 79 80
49 50 72
49 51 53
49 52 91
49 55 82
49 57 62
49 58 65
49 60 66
49 64 89
49 68 71
49 74 80
49 75 81
49 78 97
49 83 94
49 85 88
50 52 97
50 56 77
50 57 85
50 58 76
50 59 92
50 61 91
50 63 83
50 67 68
50 80 98
50 84 90
50 87 89
50 88 95
51 56 71
51 57 67
51 58 73
51 60 78
51 61 90
51 63 70
51 64 75
51 65 76
51 68 83
51 72 77
51 80 82
51 81 95
51 86 98
51 87 97
52 53 83
52 55 73
52 59 66
52 60 69
52 61 96
52 71 79
52 74 98
52 77 80
52 78 92
52 82 85
52 90 93
53 60 94
53 61 85
53 63 71
53 64 70
53 68 77
53 73 82
53 86 95
53 87 88
53 89 91
54 56 74
54 58 67
54 59 63
54 64 65
54 66 70
54 71 89
54 73 75
54 80 96
54 82 91
54 83 87
54 90 94
55 56 76
55 60 84
55 65 95
55 72 91
55 78 80
55 87 94
55 88 96
55 89 97
55 90 98
56 57 79
56 58 89
56 59 78
56 62 66
56 63 68
56 67 73
56 70 72
56 92 93
56 96 97
57 58 94
57 61 92
57 70 91
57 71 95
57 74 78
57 75 88
57 77 84
57 90 96
58 59 80
58 60 95
58 64 77
58 72 90
58 79 93
58 86 92
59 61 75
59 62 89
59 64 88
59 73 81
59 74 87
59 76 96
59 83 97
59 84 86
59 91 95
60 61 89
60 62 85
60 63 75
60 64 71
60 67 80
60 68 73
60 76 90
60 79 87
60 82 98
60 92 97
61 65 80
61 69 86
61 71 72
61 74 79
61 77 88
61 93 95
62 64 79
62 67 75
62 69 78
62 70 83
62 90 97
62 93 96
62 94 98
63 69 84
63 72 78
63 82 96
63 86 90
63 87 98
64 68 80
64 72 74
64 76 92
64 78 95
65 69 94
65 70 92
65 71 90
65 72 73
65 79 84
65 82 88
66 67 71
66 69 98
66 74 83
66 75 90
66 77 78
66 84 92
67 72 86
67 74 91
67 92 98
68 75 91
68 84 93
69 70 82
69 72 76
69 73 83
69 79 89
69 81 90
70 74 88
70 80 89
70 95 97
71 73 74
71 78 87
71 81 93
71 82 84
71 85 92
72 81 89
72 84 96
72 92 95
73 79 86
73 80 88
74 76 89
74 84 95
75 76 95
75 77 83
75 79 97
75 82 86
75 84 87
75 93 94
77 79 85
77 86 96
77 91 92
77 94 97
78 86 94
81 84 98
85 90 91
86 87 93
88 89 92
89 94 95
