0 1 2 3 4 5 9 12
0 1 2 6 7 8 10 11
0 13 26 39 52 65 78 91
0 14 28 42 56 70 84 98
0 15 30 45 60 75 90 92
0 16 25 32 48 64 67 83
0 17 34 51 55 72 89 93
0 18 36 41 59 70 77 82
0 19 38 44 63 69 88 94
0 20 27 47 52 54 74 81
0 21 29 50 58 66 87 95
0 22 31 40 62 71 75 80
0 23 33 43 53 76 86 96
0 24 30 35 46 57 68 79
0 25 37 49 61 73 85 97
1 13 38 50 62 74 86 98
1 14 27 40 53 66 79 92
1 15 29 43 52 57 71 85
1 16 31 46 61 76 78 93
1 17 33 49 52 68 75 84
1 18 35 39 56 73 90 94
1 19 37 42 57 60 65 83
1 20 26 45 64 70 89 95
1 21 28 48 55 70 75 82
1 22 30 51 59 67 88 96
1 23 32 41 63 72 79 81
1 24 34 44 54 77 87 97
1 25 36 47 58 69 80 91
2 13 37 48 59 70 81 92
2 14 26 51 63 75 80 87
2 15 28 41 54 67 80 93
2 16 30 44 58 72 81 86
2 17 32 47 62 77 79 94
2 18 34 46 50 53 69 85
2 19 36 40 57 74 78 95
2 20 38 43 51 61 66 84
2 21 27 46 52 71 90 96
2 22 29 49 56 70 76 83
2 23 31 39 60 68 89 97
2 24 33 42 64 73 82 91
2 25 35 45 55 65 88 98
3 4 6 8 9 10 11 12
3 7 13 36 46 56 66 89
3 14 38 49 60 71 82 93
3 15 27 39 57 64 76 88
3 16 29 42 55 68 81 94
3 17 31 45 46 59 73 87
3 18 33 48 63 65 80 95
3 19 35 51 54 70 80 86
3 20 37 41 58 75 79 96
3 21 26 27 44 62 67 85
3 22 28 47 53 72 78 97
3 23 30 50 57 77 84 91
3 24 32 40 61 69 90 98
3 25 34 43 52 74 83 92
4 7 16 28 40 52 77 89
4 13 35 44 53 75 84 93
4 14 37 47 57 67 81 90
4 15 26 50 61 72 83 94
4 17 25 33 41 62 70 78
4 17 30 43 56 69 82 95
4 18 32 46 60 74 80 88
4 19 34 49 64 66 81 96
4 20 36 39 55 71 81 87
4 21 38 42 59 76 80 97
4 22 27 45 63 68 86 91
4 23 29 48 54 73 79 98
4 24 31 51 58 65 85 92
5 6 18 30 42 54 66 78
5 7 24 28 45 62 66 83
5 8 13 34 42 63 71 79
5 10 21 32 43 54 65 89
5 11 24 30 49 55 74 80
5 14 36 45 54 76 85 94
5 15 38 48 57 58 68 78
5 16 27 51 62 73 84 95
5 17 29 41 53 65 80 90
5 18 31 44 57 70 83 96
5 19 33 47 61 67 75 89
5 20 35 50 52 67 82 97
5 21 37 40 56 72 88 91
5 22 26 43 60 77 81 98
5 23 28 46 64 69 87 92
5 25 32 39 59 66 86 93
6 13 33 40 60 67 87 94
6 14 27 35 43 64 72 80
6 15 25 31 50 56 75 81
6 15 37 46 55 77 86 95
6 16 26 46 49 59 69 79
6 17 28 39 63 74 85 96
6 19 32 45 58 71 84 97
6 20 34 48 62 76 90 91
6 21 36 51 53 68 83 98
6 22 38 41 57 73 89 92
6 23 27 32 44 61 65 82
6 24 29 47 52 70 88 93
7 9 15 34 40 59 65 84
7 12 17 35 40 58 76 81
7 13 32 44 51 57 76 82
7 14 34 41 61 68 88 95
7 16 38 47 56 65 87 96
7 17 27 50 60 70 73 80
7 18 29 40 64 75 86 97
7 19 31 43 55 67 79 91
7 20 33 46 59 72 85 98
7 21 35 49 63 77 78 92
7 22 37 39 54 69 75 84
7 23 26 42 58 74 90 93
7 25 30 48 53 71 89 94
8 13 31 49 54 72 90 95
8 14 33 35 39 58 77 83
8 15 21 34 47 60 73 86
8 15 35 42 62 69 89 96
8 16 27 37 45 53 74 82
8 17 26 48 57 66 88 97
8 18 28 51 61 71 81 91
8 19 25 29 46 63 67 84
8 19 30 41 52 76 87 98
8 20 32 44 56 68 80 92
8 22 36 50 64 65 79 93
8 23 38 40 55 70 74 85
8 24 27 43 59 75 78 94
9 13 30 47 51 64 68 85
9 14 32 50 55 73 78 96
9 15 24 26 41 56 71 86
9 16 36 43 63 70 90 97
9 17 38 46 54 75 83 91
9 18 27 49 58 67 89 98
9 19 29 39 62 72 82 92
9 20 31 42 51 53 77 88
9 21 33 45 57 69 81 93
9 22 35 46 48 61 74 87
9 23 37 51 52 66 80 94
9 25 28 44 60 76 79 95
10 13 29 45 61 77 80 96
10 14 31 48 52 55 69 86
10 15 23 36 49 62 75 88
10 15 33 51 56 74 79 97
10 16 35 41 60 66 85 91
10 17 37 44 64 71 78 98
10 18 25 27 42 57 72 87
10 18 26 47 55 76 84 92
10 19 28 50 57 59 68 90
10 20 30 40 63 73 83 93
10 22 34 46 58 70 82 94
10 24 38 39 53 67 81 95
11 13 28 43 58 73 81 88
11 14 30 46 62 65 81 97
11 15 22 33 44 55 66 90
11 15 32 49 53 70 87 91
11 16 34 39 57 75 80 98
11 17 36 42 61 67 86 92
11 18 35 38 45 52 72 79
11 19 27 48 56 77 85 93
11 20 29 35 51 60 69 78
11 21 31 41 64 74 84 94
11 23 35 47 59 71 83 95
11 24 37 50 52 63 76 89
11 25 26 40 54 68 82 96
12 13 27 41 55 69 83 97
12 14 29 44 59 74 89 91
12 15 31 47 63 66 82 98
12 16 33 50 54 71 88 92
12 18 37 43 62 68 87 93
12 19 26 36 44 52 53 73
12 20 28 49 57 65 86 94
12 21 30 39 61 70 79 80
12 22 32 42 52 75 85 95
12 23 27 34 45 56 67 78
12 24 36 48 60 72 84 96
12 25 38 46 51 64 77 90
13 14 15 16 17 18 19 20
13 14 20 21 22 23 24 25
16 17 18 19 21 22 23 24
26 28 31 32 34 35 36 37
26 29 30 32 33 34 37 38
27 28 29 30 31 33 36 38
39 40 41 42 43 44 46 47
39 40 41 45 48 49 50 51
42 43 44 45 47 48 49 50
52 56 58 59 60 61 62 64
53 54 55 56 57 61 62 63
53 54 55 58 59 60 63 64
65 66 67 68 69 70 71 72
65 66 72 73 74 75 76 77
67 68 69 71 73 74 76 77
78 79 85 86 87 88 89 90
78 80 81 82 83 84 85 89
79 82 83 84 86 87 88 90
91 92 93 94 95 96 97 98
