# # E_gamma (MeV)  Final State Radiation (MeV^-1 s^-1)
5.145440e-01 1.515225e+17
5.413360e-01 1.412579e+17
5.695230e-01 1.317879e+17
5.991770e-01 1.225680e+17
6.303750e-01 1.141222e+17
6.631980e-01 1.058526e+17
6.977300e-01 9.833766e+16
7.340600e-01 9.093432e+16
7.722810e-01 8.389001e+16
8.124930e-01 7.765235e+16
8.547980e-01 7.136286e+16
8.993070e-01 6.586025e+16
9.461320e-01 6.026126e+16
9.953960e-01 5.493490e+16
1.047230e+00 5.045773e+16
1.101750e+00 4.573942e+16
1.159120e+00 4.125194e+16
1.219470e+00 3.767738e+16
1.282970e+00 3.373064e+16
1.349770e+00 2.998697e+16
1.420050e+00 2.643953e+16
1.493990e+00 2.394900e+16
1.571780e+00 2.088463e+16
1.653620e+00 1.801097e+16
1.739730e+00 1.533668e+16
1.830310e+00 1.375721e+16
1.925610e+00 1.153766e+16
2.025880e+00 9.528208e+15
2.131360e+00 7.741621e+15
2.242340e+00 6.184850e+15
2.359100e+00 5.483734e+15
2.481930e+00 4.309555e+15
2.611160e+00 3.334242e+15
2.747120e+00 2.543570e+15
2.890160e+00 1.915929e+15
3.040650e+00 1.427922e+15
3.198970e+00 1.252336e+15
3.365530e+00 9.265384e+14
3.540770e+00 6.793645e+14
3.725140e+00 4.936369e+14
3.919100e+00 3.540587e+14
4.123160e+00 2.489700e+14
4.337850e+00 1.703826e+14
4.563720e+00 1.123776e+14
4.801340e+00 9.600026e+13
5.051340e+00 6.079700e+13
5.314360e+00 3.714241e+13
5.591070e+00 2.197797e+13
5.882190e+00 1.276085e+13
6.188470e+00 7.309849e+12
6.510690e+00 4.116837e+12
6.849700e+00 2.267154e+12
7.206350e+00 1.182409e+12
7.581580e+00 5.784944e+11
7.976340e+00 2.707650e+11
8.391660e+00 1.215057e+11
8.828600e+00 5.399998e+10
9.288290e+00 2.324798e+10
9.771920e+00 9.237380e+09
1.028070e+01 7.448129e+09
1.081600e+01 2.789700e+09
1.137920e+01 9.793490e+08
1.197170e+01 3.349376e+08
1.259510e+01 1.112171e+08
1.325090e+01 3.223832e+07
1.394080e+01 8.973130e+06
1.466670e+01 2.410798e+06
1.543040e+01 5.692856e+05
1.623380e+01 1.312569e+05
1.707910e+01 2.703209e+04
1.796840e+01 4.986943e+03
1.890400e+01 9.157104e+02
1.988830e+01 1.405359e+02
2.092380e+01 2.044272e+01
2.201330e+01 2.688835e+00
2.315950e+01 2.763394e-01
2.436540e+01 3.291628e-02
2.563410e+01 2.839142e-03
2.696880e+01 2.055591e-04
2.837300e+01 1.732828e-05
2.985040e+01 9.010353e-07
3.140470e+01 5.262793e-08
3.303990e+01 2.489253e-09
3.476020e+01 1.028219e-10
3.657010e+01 3.174372e-12
3.847430e+01 8.848736e-14
4.047760e+01 2.358921e-15
4.258520e+01 4.588078e-17
4.480250e+01 6.515366e-19
4.713530e+01 9.141936e-21
4.958960e+01 9.779279e-23
5.217170e+01 6.906873e-25
5.488820e+01 4.876413e-27
5.774620e+01 2.261666e-29
6.075290e+01 7.824137e-32
6.391620e+01 2.376786e-34
6.724430e+01 4.117926e-37
7.074560e+01 6.910394e-40
7.442920e+01 6.080007e-43
7.830470e+01 5.043571e-46
8.238190e+01 2.179959e-49
8.667140e+01 7.717549e-53
9.118430e+01 1.712687e-56
9.593210e+01 2.126077e-60
1.009270e+02 2.090778e-64
1.061820e+02 1.160566e-68
1.117110e+02 3.380132e-73
1.175280e+02 6.164612e-78
1.236470e+02 6.936111e-83
1.300850e+02 4.313895e-88
1.368590e+02 1.392625e-93
1.439850e+02 2.274261e-99
1.514820e+02 1.824023e-105
1.593690e+02 6.861663e-112
1.676680e+02 1.161443e-118
1.763980e+02 9.113161e-126
1.855830e+02 3.479136e-133
1.952460e+02 4.943457e-141
2.054120e+02 2.394374e-149
2.161070e+02 5.651906e-158
2.273600e+02 3.481241e-167
2.391980e+02 9.160489e-177
2.516530e+02 7.156436e-187
2.647560e+02 1.468088e-197
2.785410e+02 8.761903e-209
2.930450e+02 1.419134e-220
3.083030e+02 5.816179e-233
3.243560e+02 5.665987e-246
3.412450e+02 9.986084e-260
3.590130e+02 3.422330e-274
3.777060e+02 2.256667e-289
3.973730e+02 2.298223e-305
4.180640e+02 0.000000e+00
