# # E_gamma (MeV)  Final State Radiation (MeV^-1 s^-1)
5.145440e-01 1.051713e+17
5.413360e-01 9.782925e+16
5.695230e-01 9.144145e+16
5.991770e-01 8.490117e+16
6.303750e-01 7.925995e+16
6.631980e-01 7.345056e+16
6.977300e-01 6.847888e+16
7.340600e-01 6.333732e+16
7.722810e-01 5.848067e+16
8.124930e-01 5.443022e+16
8.547980e-01 5.015629e+16
8.993070e-01 4.660818e+16
9.461320e-01 4.286203e+16
9.953960e-01 3.934417e+16
1.047230e+00 3.648758e+16
1.101750e+00 3.342314e+16
1.159120e+00 3.055785e+16
1.219470e+00 2.827679e+16
1.282970e+00 2.579646e+16
1.349770e+00 2.348793e+16
1.420050e+00 2.134221e+16
1.493990e+00 1.969528e+16
1.571780e+00 1.785519e+16
1.653620e+00 1.615347e+16
1.739730e+00 1.458239e+16
1.830310e+00 1.341530e+16
1.925610e+00 1.208190e+16
2.025880e+00 1.085602e+16
2.131360e+00 9.732419e+15
2.242340e+00 8.704491e+15
2.359100e+00 7.976322e+15
2.481930e+00 7.115524e+15
2.611160e+00 6.332031e+15
2.747120e+00 5.620387e+15
2.890160e+00 4.975745e+15
3.040650e+00 4.393461e+15
3.198970e+00 4.004991e+15
3.365530e+00 3.526085e+15
3.540770e+00 3.095678e+15
3.725140e+00 2.709772e+15
3.919100e+00 2.365117e+15
4.123160e+00 2.057895e+15
4.337850e+00 1.785078e+15
4.563720e+00 1.543230e+15
4.801340e+00 1.395557e+15
5.051340e+00 1.202260e+15
5.314360e+00 1.032198e+15
5.591070e+00 8.831255e+14
5.882190e+00 7.527586e+14
6.188470e+00 6.391380e+14
6.510690e+00 5.404065e+14
6.849700e+00 4.553077e+14
7.206350e+00 3.819307e+14
7.581580e+00 3.188829e+14
7.976340e+00 2.650940e+14
8.391660e+00 2.192939e+14
8.828600e+00 1.805525e+14
9.288290e+00 1.479227e+14
9.771920e+00 1.205438e+14
1.028070e+01 1.070942e+14
1.081600e+01 8.674281e+13
1.137920e+01 6.990074e+13
1.197170e+01 5.598059e+13
1.259510e+01 4.455037e+13
1.325090e+01 3.521124e+13
1.394080e+01 2.768297e+13
1.466670e+01 2.159984e+13
1.543040e+01 1.674923e+13
1.623380e+01 1.287391e+13
1.707910e+01 9.820325e+12
1.796840e+01 7.429911e+12
1.890400e+01 5.586837e+12
1.988830e+01 4.172497e+12
2.092380e+01 3.075784e+12
2.201330e+01 2.243041e+12
2.315950e+01 1.625477e+12
2.436540e+01 1.164824e+12
2.563410e+01 8.260464e+11
2.696880e+01 5.833743e+11
2.837300e+01 4.083842e+11
2.985040e+01 2.848048e+11
3.140470e+01 1.998471e+11
3.303990e+01 1.370297e+11
3.476020e+01 9.212180e+10
3.657010e+01 6.845853e+10
3.847430e+01 5.264589e+10
4.047760e+01 4.085893e+10
4.258520e+01 2.716332e+10
4.480250e+01 1.507826e+10
4.713530e+01 1.030498e+10
4.958960e+01 6.094015e+09
5.217170e+01 4.534024e+09
5.488820e+01 3.736024e+09
5.774620e+01 2.671961e+09
6.075290e+01 1.718783e+09
6.391620e+01 1.198797e+09
6.724430e+01 8.388059e+08
7.074560e+01 5.933423e+08
7.442920e+01 4.290589e+08
7.830470e+01 3.515149e+08
8.238190e+01 2.796854e+08
8.667140e+01 2.131668e+08
9.118430e+01 1.499553e+08
9.593210e+01 9.007207e+07
1.009270e+02 2.961381e+07
1.061820e+02 2.240326e+07
1.117110e+02 1.261184e+07
1.175280e+02 5.429757e+06
1.236470e+02 1.106730e+06
1.300850e+02 4.415835e+05
1.368590e+02 2.251579e+05
1.439850e+02 1.637830e+05
1.514820e+02 2.796055e+04
1.593690e+02 7.229608e+03
1.676680e+02 2.840859e+03
1.763980e+02 7.163224e+02
1.855830e+02 1.803765e+02
1.952460e+02 8.538039e+01
2.054120e+02 5.676010e+00
2.161070e+02 3.187679e-01
2.273600e+02 2.354747e-01
2.391980e+02 6.496932e-02
2.516530e+02 4.752247e-02
2.647560e+02 1.153500e-03
2.785410e+02 3.723564e-04
2.930450e+02 2.721579e-05
3.083030e+02 2.191893e-06
3.243560e+02 2.499891e-07
3.412450e+02 1.066856e-07
3.590130e+02 8.634480e-10
3.777060e+02 2.079725e-11
3.973730e+02 2.340987e-12
4.180640e+02 9.896740e-13
4.398320e+02 2.200633e-14
4.627330e+02 1.277650e-16
4.868270e+02 1.427496e-18
5.121760e+02 1.386371e-19
5.388440e+02 8.320945e-20
5.669010e+02 6.685907e-22
5.964180e+02 7.048283e-26
6.274730e+02 3.908632e-27
6.601450e+02 2.291451e-27
6.945180e+02 2.115641e-31
7.306800e+02 1.279795e-31
7.687260e+02 1.861702e-34
8.087520e+02 1.792378e-36
8.508630e+02 7.206722e-42
8.951660e+02 1.459427e-43
9.417770e+02 1.177058e-43
9.908140e+02 1.480088e-47
1.042400e+03 6.470851e-50
1.096680e+03 1.239526e-56
1.153780e+03 9.120852e-57
1.213860e+03 1.196609e-64
1.277060e+03 2.865182e-68
1.343560e+03 1.520187e-72
1.413520e+03 3.914777e-77
1.487120e+03 1.449729e-77
1.564550e+03 4.670820e-87
1.646010e+03 4.708217e-92
1.731720e+03 8.778519e-98
1.821890e+03 3.623677e-98
1.916750e+03 9.420135e-105
2.016550e+03 1.367870e-115
2.121550e+03 7.207317e-116
2.232020e+03 1.042027e-122
2.348230e+03 7.949922e-130
2.470500e+03 2.585105e-137
2.599140e+03 4.112589e-145
2.734470e+03 4.455199e-162
2.876850e+03 1.727286e-162
3.026650e+03 5.367460e-172
3.184240e+03 5.156185e-181
3.350040e+03 6.095613e-202
3.524470e+03 4.350138e-213
3.707990e+03 7.601635e-214
3.901060e+03 1.681884e-231
4.104180e+03 4.477165e-250
4.317880e+03 1.803199e-264
4.542710e+03 3.730796e-278
4.779240e+03 1.731432e-278
5.028090e+03 3.091922e-294
5.289890e+03 6.357170e-311
5.565330e+03 0.000000e+00
