# # E_gamma (MeV)  Final State Radiation (MeV^-1 s^-1)
5.145440e-01 8.600825e+18
5.413360e-01 8.165542e+18
5.695230e-01 7.751819e+18
5.991770e-01 7.358593e+18
6.303750e-01 6.984847e+18
6.631980e-01 6.629606e+18
6.977300e-01 6.291967e+18
7.340600e-01 5.971055e+18
7.722810e-01 5.666048e+18
8.124930e-01 5.376154e+18
8.547980e-01 5.100630e+18
8.993070e-01 4.838760e+18
9.461320e-01 4.589879e+18
9.953960e-01 4.353334e+18
1.047230e+00 4.128507e+18
1.101750e+00 3.914879e+18
1.159120e+00 3.711810e+18
1.219470e+00 3.518850e+18
1.282970e+00 3.335442e+18
1.349770e+00 3.161160e+18
1.420050e+00 2.995532e+18
1.493990e+00 2.838145e+18
1.571780e+00 2.688574e+18
1.653620e+00 2.546444e+18
1.739730e+00 2.411375e+18
1.830310e+00 2.283068e+18
1.925610e+00 2.161136e+18
2.025880e+00 2.045275e+18
2.131360e+00 1.935206e+18
2.242340e+00 1.830627e+18
2.359100e+00 1.731300e+18
2.481930e+00 1.636928e+18
2.611160e+00 1.547280e+18
2.747120e+00 1.462126e+18
2.890160e+00 1.381246e+18
3.040650e+00 1.304431e+18
3.198970e+00 1.231531e+18
3.365530e+00 1.162272e+18
3.540770e+00 1.096508e+18
3.725140e+00 1.034070e+18
3.919100e+00 9.748020e+17
4.123160e+00 9.185449e+17
4.337850e+00 8.651516e+17
4.563720e+00 8.144838e+17
4.801340e+00 7.665126e+17
5.051340e+00 7.209209e+17
5.314360e+00 6.776780e+17
5.591070e+00 6.366711e+17
5.882190e+00 5.977908e+17
6.188470e+00 5.609341e+17
6.510690e+00 5.260038e+17
6.849700e+00 4.929044e+17
7.206350e+00 4.615492e+17
7.581580e+00 4.318512e+17
7.976340e+00 4.037310e+17
8.391660e+00 3.771100e+17
8.828600e+00 3.519152e+17
9.288290e+00 3.280756e+17
9.771920e+00 3.055233e+17
1.028070e+01 2.846482e+17
1.081600e+01 2.645367e+17
1.137920e+01 2.455313e+17
1.197170e+01 2.275768e+17
1.259510e+01 2.106164e+17
1.325090e+01 1.946002e+17
1.394080e+01 1.794766e+17
1.466670e+01 1.651940e+17
1.543040e+01 1.517067e+17
1.623380e+01 1.389702e+17
1.707910e+01 1.269384e+17
1.796840e+01 1.155708e+17
1.890400e+01 1.048276e+17
1.988830e+01 9.467197e+16
2.092380e+01 8.507091e+16
2.201330e+01 7.599421e+16
2.315950e+01 6.742042e+16
2.436540e+01 5.933307e+16
2.563410e+01 5.172676e+16
2.696880e+01 4.460658e+16
2.837300e+01 3.798600e+16
2.985040e+01 3.189494e+16
3.140470e+01 2.636416e+16
3.303990e+01 2.142661e+16
3.476020e+01 1.710937e+16
3.657010e+01 1.341895e+16
3.847430e+01 1.034264e+16
4.047760e+01 7.842389e+15
4.258520e+01 5.862268e+15
4.480250e+01 4.327120e+15
4.713530e+01 3.162628e+15
4.958960e+01 2.294263e+15
5.217170e+01 1.652179e+15
5.488820e+01 1.181589e+15
5.774620e+01 8.352727e+14
6.075290e+01 5.796191e+14
6.391620e+01 3.916419e+14
6.724430e+01 2.548164e+14
7.074560e+01 1.590741e+14
7.442920e+01 9.557571e+13
7.830470e+01 5.554387e+13
8.238190e+01 3.170505e+13
8.667140e+01 1.784872e+13
9.118430e+01 9.908048e+12
9.593210e+01 5.399989e+12
1.009270e+02 2.783974e+12
1.061820e+02 1.346710e+12
1.117110e+02 6.202974e+11
1.175280e+02 2.740061e+11
1.236470e+02 1.205057e+11
1.300850e+02 5.116804e+10
1.368590e+02 2.010620e+10
1.439850e+02 7.475966e+09
1.514820e+02 2.579054e+09
1.593690e+02 8.757509e+08
1.676680e+02 2.866549e+08
1.763980e+02 8.187404e+07
1.855830e+02 2.271353e+07
1.952460e+02 5.979134e+06
2.054120e+02 1.391697e+06
2.161070e+02 3.221881e+05
2.273600e+02 6.523412e+04
2.391980e+02 1.224302e+04
2.516530e+02 2.170456e+03
2.647560e+02 3.271110e+02
2.785410e+02 4.867868e+01
2.930450e+02 6.161683e+00
3.083030e+02 6.200789e-01
3.243560e+02 7.566465e-02
3.412450e+02 6.351203e-03
3.590130e+02 4.948365e-04
3.777060e+02 3.854666e-05
3.973730e+02 1.943871e-06
4.180640e+02 1.215288e-07
4.398320e+02 5.487272e-09
4.627330e+02 2.268095e-10
4.868270e+02 6.986864e-12
5.121760e+02 1.930454e-13
5.388440e+02 5.127469e-15
5.669010e+02 1.001971e-16
5.964180e+02 1.417012e-18
6.274730e+02 1.973687e-20
6.601450e+02 2.127546e-22
6.945180e+02 1.499138e-24
7.306800e+02 1.052567e-26
7.687260e+02 4.941343e-29
8.087520e+02 1.693361e-31
8.508630e+02 5.198894e-34
8.951660e+02 8.991279e-37
9.417770e+02 1.518043e-39
9.908140e+02 1.338657e-42
1.042400e+03 1.120854e-45
1.096680e+03 4.829916e-49
1.153780e+03 1.747002e-52
1.213860e+03 3.837421e-56
1.277060e+03 4.852267e-60
1.343560e+03 4.853214e-64
1.413520e+03 2.675783e-68
1.487120e+03 7.861570e-73
1.564550e+03 1.471101e-77
1.646010e+03 1.691404e-82
1.731720e+03 1.065975e-87
1.821890e+03 3.481702e-93
1.916750e+03 5.772027e-99
2.016550e+03 4.724850e-105
2.121550e+03 1.820695e-111
2.232020e+03 3.141649e-118
2.348230e+03 2.469556e-125
2.470500e+03 9.507517e-133
2.599140e+03 1.431601e-140
2.734470e+03 6.987453e-149
2.876850e+03 1.699716e-157
3.026650e+03 1.072307e-166
3.184240e+03 2.994219e-176
3.350040e+03 2.321845e-186
3.524470e+03 4.898188e-197
3.707990e+03 3.070294e-208
3.901060e+03 5.175261e-220
4.104180e+03 2.177720e-232
4.317880e+03 2.224435e-245
4.542710e+03 4.355441e-259
4.779240e+03 1.473613e-273
5.028090e+03 1.094036e-288
5.289890e+03 1.181888e-304
5.565330e+03 0.000000e+00
