1 2 4
1 3 6
0 1 3
1 5 7
1 8 10
1 9 19
1 11 21
1 12 16
1 13 22
1 14 20
1 15 18
1 17 23
2 3 19
0 2 5
2 6 13
2 7 14
2 8 12
2 9 15
2 10 22
2 11 16
2 17 18
2 20 21
0 2 23
3 4 16
3 5 13
3 7 12
3 8 14
3 9 18
3 10 11
3 15 20
3 17 21
3 22 23
4 5 15
0 4 6
4 7 21
4 8 11
4 9 22
4 10 18
4 11 23
4 12 20
4 13 14
4 17 19
5 6 19
5 8 20
5 9 17
5 10 13
5 11 22
5 12 23
5 14 16
5 18 21
6 7 15
6 8 9
6 10 23
6 11 12
6 14 21
6 15 22
6 16 18
6 17 20
7 8 22
0 7 9
7 10 16
7 11 17
7 13 23
7 18 20
7 19 21
8 13 17
8 15 19
8 16 21
0 8 18
8 20 23
9 10 21
9 11 20
9 12 13
9 14 23
9 16 19
10 12 19
10 14 15
10 16 17
0 10 20
11 13 18
11 14 19
0 11 15
12 14 18
12 15 17
12 17 22
0 12 21
13 15 21
13 16 20
0 13 19
0 14 17
14 18 22
15 16 23
0 16 22
18 19 23
19 20 22
21 22 23
