1 2 14
1 3 4
1 5 6
1 7 8
1 9 10
1 11 12
0 1 13
1 15 16
1 17 18
1 19 20
1 21 22
1 23 24
0 2 3
2 4 15
2 5 23
2 6 22
2 7 21
2 8 10
2 9 19
2 11 17
2 12 16
2 13 24
2 18 20
3 5 8
3 6 16
3 7 10
3 9 12
3 11 14
3 13 23
3 15 18
3 17 20
3 19 22
3 21 24
0 4 5
4 6 10
4 7 23
4 8 17
4 9 21
4 11 19
4 12 18
4 13 22
4 14 16
4 20 24
5 7 12
5 9 14
5 10 18
5 11 16
5 13 21
5 15 20
5 17 22
5 19 24
0 6 7
6 8 24
6 9 23
6 11 21
6 12 19
6 13 20
6 14 18
6 15 17
7 9 16
7 11 18
7 13 19
7 14 20
7 15 22
7 17 24
0 8 9
8 11 23
8 12 20
8 13 18
8 14 22
8 15 19
8 16 21
9 11 20
9 13 17
9 15 24
9 18 22
0 10 11
10 12 22
10 13 16
10 14 24
10 15 21
10 17 19
10 20 23
11 13 15
11 22 24
12 13 14
12 15 23
12 17 21
0 12 24
0 14 15
14 17 23
14 19 21
0 16 17
16 18 24
16 19 23
16 20 22
0 18 19
18 21 23
0 20 21
0 22 23
