2 5 15 24
4 11 15 16
7 20 22 24
6 10 15 22
0 9 10 20
2 16 19 20
2 10 12 13
0 6 19 23
13 15 17 19
11 13 18 22
9 12 21 22
3 5 16 22
2 6 9 17
0 2 11 21
4 12 17 20
3 8 9 14
7 8 11 17
6 12 16 18
3 13 21 23
14 15 20 21
4 6 8 21
4 14 19 22
14 16 17 23
3 10 17 24
1 5 6 7
5 8 13 20
1 8 12 15
2 7 14 18
7 9 15 23
5 9 11 19
1 18 20 23
2 8 22 23
0 3 15 18
5 17 18 21
1 10 11 14
7 10 16 21
11 12 23 24
4 5 10 23
1 19 21 24
0 8 16 24
4 9 18 24
8 10 18 19
1 2 3 4
3 6 11 20
3 7 12 19
6 13 14 24
0 1 17 22
0 5 12 14
1 9 13 16
0 4 7 13
0 1 2 25
3 4 5 25
6 7 8 25
9 10 11 25
12 13 14 25
15 16 17 25
18 19 20 25
21 22 23 25
8 10 24 25
