0 1 16 21 22 23 24
0 4 21 22 25 26 29
0 14 21 22 27 28 30
1 14 23 24 27 28 29
1 4 23 24 25 26 30
4 14 16 25 26 27 28
1 2 5 15 17 23 24
2 3 6 16 18 29 30
3 4 7 17 19 25 26
4 5 8 18 20 25 26
0 5 6 9 19 21 22
1 6 7 10 20 23 24
0 2 7 8 11 21 22
1 3 8 9 12 23 24
2 4 9 10 13 25 26
3 5 10 11 14 27 28
4 6 11 12 15 25 26
5 7 12 13 16 29 30
6 8 13 14 17 27 28
7 9 14 15 18 27 28
8 10 15 16 19 29 30
9 11 16 17 20 29 30
0 10 12 17 18 21 22
1 11 13 18 19 23 24
2 12 14 19 20 27 28
0 3 13 15 20 21 22
