0 1 2 26 31
0 1 3 6 16
0 2 4 17 24
0 5 7 8 19
0 9 10 20 32
0 11 27 29 31
0 12 18 21 23
0 13 14 15 22
0 25 26 28 30
1 2 10 19 31
1 4 8 18 30
1 5 11 20 21
1 7 15 28 29
1 9 14 23 26
1 12 13 24 27
1 17 22 25 32
2 3 9 13 30
2 5 18 22 26
2 6 7 12 25
2 8 14 20 27
2 11 15 16 23
2 21 28 29 32
3 4 21 22 31
3 5 23 24 28
3 7 17 20 26
3 8 10 12 29
3 11 14 19 25
3 15 18 27 32
4 5 6 9 27
4 7 11 13 32
4 10 14 16 28
4 12 15 19 26
4 20 23 25 29
5 10 15 17 30
5 12 14 31 32
5 13 16 25 29
6 8 11 22 28
6 10 13 21 26
6 14 17 18 29
6 15 20 24 31
6 19 23 30 32
7 9 16 18 31
7 10 22 23 27
7 14 21 24 30
8 9 15 21 25
8 13 17 23 31
8 16 24 26 32
9 11 12 17 28
9 19 22 24 29
10 11 18 24 25
11 26 27 29 30
12 16 20 22 30
13 18 19 20 28
16 17 19 21 27
25 27 28 30 31
