0 1 5 8 12 21 33
0 2 3 7 19 22 31
0 4 6 17 18 26 37
0 9 15 23 25 34 39
0 10 14 24 27 32 38
0 11 13 23 28 35 36
0 13 15 16 20 29 30
1 2 26 28 29 38 39
1 3 4 16 24 34 36
1 5 7 9 13 14 17
1 5 10 20 23 31 37
1 5 15 18 19 27 35
1 6 11 22 25 30 32
2 3 8 10 13 18 25
2 3 11 14 15 33 37
2 3 12 17 23 27 30
2 4 9 20 21 32 35
2 5 6 16 24 34 36
3 5 26 28 29 32 39
3 6 9 20 21 35 38
4 5 11 22 25 30 38
4 6 7 10 12 15 28
4 6 8 14 19 23 29
4 6 13 27 31 33 39
7 8 11 20 26 27 34
7 8 24 30 35 37 39
7 16 18 23 32 33 38
7 21 25 27 29 36 37
8 9 16 22 27 28 37
8 15 17 31 32 36 38
9 10 19 26 30 33 36
9 11 12 18 24 29 31
10 11 16 17 19 21 39
10 17 22 29 33 34 35
12 13 19 32 34 37 38
12 14 16 25 26 31 35
12 14 18 20 22 36 39
13 15 21 22 23 24 26
14 18 21 28 30 31 34
17 19 20 24 25 28 33
