0 1 7 13 14 25 41
0 2 9 28 30 34 35
0 3 8 10 25 27 36
0 4 11 20 26 39 40
0 5 9 12 15 22 23
0 6 19 23 24 32 33
0 12 15 16 17 29 37
0 18 21 22 23 31 38
1 2 3 4 15 18 19
1 5 6 22 27 30 39
1 8 11 17 24 31 35
1 9 10 29 32 38 40
1 10 16 23 26 28 37
1 12 20 21 33 34 36
2 4 10 12 13 22 24
2 5 7 8 20 23 29
2 5 17 25 26 32 38
2 6 11 16 21 25 29
2 9 16 17 36 39 41
2 14 27 31 33 37 40
3 5 9 11 13 34 37
3 6 13 17 21 23 40
3 7 12 28 31 32 39
3 14 16 20 24 30 38
3 22 26 29 33 35 41
4 5 9 16 25 31 33
4 6 7 35 36 37 38
4 8 21 30 32 37 41
4 14 17 27 28 29 34
4 23 26 32 34 38 39
5 10 14 19 21 35 39
5 18 24 28 36 40 41
6 8 9 12 14 18 26
6 9 11 19 20 21 28
6 10 15 20 31 34 41
7 8 16 19 22 34 40
7 9 15 21 24 26 27
7 10 11 17 18 30 33
8 13 15 28 33 38 39
11 12 19 23 27 38 41
11 14 15 22 23 32 36
12 15 23 25 30 35 40
13 16 18 20 27 32 35
13 19 26 29 30 31 36
17 19 20 22 25 28 37
18 24 25 29 34 37 39
