0 1 2 3 4 5 45
0 1 2 42 43 44 45
0 3 11 22 26 30 43
0 4 6 14 25 29 33
0 5 16 18 24 37 41
0 7 9 17 28 32 36
0 8 19 21 27 40 44
0 10 12 20 31 35 39
0 13 15 23 34 38 42
1 3 8 13 24 28 35
1 4 15 20 26 36 40
1 5 10 21 25 32 42
1 6 11 16 27 31 38
1 7 18 23 29 39 43
1 9 14 19 30 34 41
1 12 17 22 33 37 44
2 3 17 19 25 38 39
2 4 9 23 24 31 44
2 5 7 12 26 27 34
2 6 20 22 28 41 42
2 8 10 15 29 30 37
2 11 13 18 32 33 40
2 14 16 21 35 36 43
3 6 9 12 15 18 21
3 7 14 31 37 40 42
3 10 23 27 33 36 41
3 16 20 29 32 34 44
4 7 10 13 16 19 22
4 8 12 32 38 41 43
4 11 21 28 34 37 39
4 17 18 27 30 35 42
5 6 13 30 36 39 44
5 8 11 14 17 20 23
5 9 22 29 35 38 40
5 15 19 28 31 33 43
6 7 8 9 10 11 45
6 10 17 24 34 40 43
6 19 23 26 32 35 37
7 11 15 25 35 41 44
7 20 21 24 30 33 38
8 9 16 26 33 39 42
8 18 22 25 31 34 36
9 13 20 25 27 37 43
10 14 18 26 28 38 44
11 12 19 24 29 36 42
12 13 14 15 16 17 45
12 16 23 25 28 30 40
13 17 21 26 29 31 41
14 15 22 24 27 32 39
18 19 20 21 22 23 45
24 25 26 27 28 29 45
30 31 32 33 34 35 45
36 37 38 39 40 41 45
