0 1 2 3 20 21
0 4 13 27 33 40
0 5 19 29 44 46
0 6 22 41 42 45
0 7 8 26 31 37
0 9 18 24 26 44
0 10 15 25 28 30
0 11 17 34 43 47
0 12 23 24 35 38
0 14 16 32 36 39
1 4 18 28 45 47
1 5 12 26 32 41
1 6 9 27 30 36
1 7 23 40 43 44
1 8 19 38 42 47
1 10 16 35 42 46
1 11 14 24 29 31
1 13 22 25 34 39
1 15 17 33 37 38
2 4 10 24 34 41
2 5 15 29 30 40
2 6 13 31 38 46
2 7 18 27 32 35
2 8 17 25 29 36
2 9 14 33 44 47
2 11 23 37 39 45
2 12 19 28 40 42
2 16 22 26 30 43
3 4 12 14 17 22
3 5 11 25 35 40
3 6 19 26 33 34
3 7 12 30 39 47
3 8 15 32 45 46
3 9 16 24 28 37
3 10 22 36 38 44
3 13 18 29 41 43
3 17 23 27 31 42
4 5 6 7 16 17
4 8 21 39 42 44
4 9 23 25 26 46
4 11 19 30 32 38
4 12 15 31 36 43
4 20 22 29 35 37
5 8 22 24 27 47
5 9 20 38 43 45
5 10 18 31 33 39
5 13 14 30 37 42
5 21 23 28 34 36
6 8 14 28 35 43
6 10 23 29 32 47
6 11 21 39 43 46
6 12 18 25 37 44
6 15 20 24 39 40
7 9 15 29 34 42
7 10 20 25 27 45
7 11 22 28 33 46
7 13 19 24 36 45
7 14 21 25 38 41
8 9 10 11 12 13
8 16 18 34 38 40
8 20 23 30 33 41
9 17 19 35 39 41
9 21 22 31 32 40
10 14 17 26 40 45
10 19 21 27 37 43
11 15 16 27 41 44
11 18 20 26 36 42
12 14 20 27 34 46
12 16 21 29 33 45
13 15 21 26 35 47
13 16 23 28 31 41
13 17 20 28 32 44
14 15 18 19 22 23
16 19 20 25 31 47
17 18 21 24 30 46
24 25 32 33 42 43
26 27 28 29 38 39
30 31 34 35 44 45
32 33 34 35 36 37
36 37 40 41 46 47
