0 1 2 15 16 17 30 36 52
0 1 2 15 16 17 44 51 53
0 3 4 15 18 19 37 40 47
0 5 6 15 20 21 35 39 41
0 7 8 15 22 23 31 34 46
0 9 10 15 24 25 42 43 45
0 11 12 15 26 27 38 48 50
0 13 14 15 28 29 32 33 49
1 3 5 16 18 20 34 38 45
1 4 6 16 19 21 31 49 50
1 7 9 16 22 24 33 39 48
1 8 10 16 23 25 32 41 47
1 11 13 16 26 28 40 42 46
1 12 14 16 27 29 35 37 43
2 3 6 17 18 21 33 43 46
2 4 5 17 19 20 32 42 48
2 7 10 17 22 25 37 38 49
2 8 9 17 23 24 35 40 50
2 11 14 17 26 29 34 39 47
2 12 13 17 27 28 31 41 45
3 7 11 18 22 26 32 35 41
3 8 12 18 23 27 39 42 49
3 9 13 18 24 28 30 36 44
3 9 20 21 24 28 51 52 53
3 10 14 18 25 29 31 48 50
4 7 12 19 22 27 30 51 53
4 7 12 19 22 27 36 44 52
4 8 11 19 23 26 33 43 45
4 9 14 19 24 29 38 41 46
4 10 13 19 25 28 34 35 39
5 7 13 20 22 28 43 47 50
5 8 10 11 14 29 51 52 53
5 8 14 20 23 29 30 36 44
5 9 11 20 24 26 31 37 49
5 10 12 20 25 27 33 40 46
6 7 14 21 22 29 40 42 45
6 8 13 21 23 28 37 38 48
6 9 12 21 24 27 32 34 47
6 10 11 21 25 26 30 36 44
6 13 18 23 25 26 51 52 53
30 31 33 35 38 42 44 47 52
30 32 37 39 44 45 46 50 52
30 34 40 41 43 44 48 49 52
31 32 36 38 39 40 43 51 53
33 34 36 37 41 42 50 51 53
35 36 45 46 47 48 49 51 53
