0 1 12 56
0 2 5 10
0 3 4 6
0 7 8 9
0 8 11 13
0 14 28 42
0 15 31 55
0 16 34 54
0 17 37 43
0 18 29 53
0 19 32 51
0 20 35 44
0 21 41 48
0 22 30 52
0 23 40 45
0 24 39 49
0 25 38 46
0 26 33 50
0 27 36 47
1 2 6 9
1 3 8 10
1 4 5 11
1 4 7 13
1 14 39 43
1 15 32 47
1 16 35 55
1 17 38 54
1 18 30 48
1 19 33 53
1 20 36 45
1 21 28 49
1 22 41 42
1 23 34 46
1 24 40 50
1 25 31 51
1 26 37 44
1 27 29 52
2 3 37 51
2 4 8 56
2 7 12 13
2 11 20 53
2 14 40 44
2 15 39 48
2 16 36 52
2 17 28 55
2 18 31 54
2 19 34 42
2 21 29 50
2 22 32 43
2 23 41 47
2 24 38 51
2 25 35 45
2 26 30 49
2 27 33 46
3 5 7 56
3 5 9 13
3 11 12 27
3 14 31 45
3 15 40 49
3 16 39 42
3 17 29 46
3 18 32 55
3 19 35 54
3 20 38 47
3 21 30 53
3 22 33 44
3 23 36 48
3 24 41 52
3 25 28 50
3 26 34 43
4 9 10 12
4 14 41 46
4 15 35 50
4 16 40 43
4 17 39 47
4 18 33 51
4 19 36 55
4 20 28 54
4 21 31 52
4 22 34 53
4 23 37 49
4 24 29 42
4 25 32 44
4 26 38 48
4 27 30 45
5 6 8 12
5 14 33 47
5 15 41 51
5 16 28 44
5 17 40 48
5 18 39 52
5 19 37 45
5 20 29 55
5 21 32 54
5 22 35 46
5 23 38 53
5 24 30 43
5 25 36 49
5 26 31 42
5 27 34 50
6 7 10 11
6 10 13 56
6 14 34 48
6 15 37 52
6 16 41 45
6 17 32 49
6 18 40 42
6 19 39 46
6 20 30 50
6 21 33 55
6 22 36 54
6 23 28 51
6 24 31 53
6 25 29 43
6 26 35 47
6 27 38 44
7 14 35 53
7 15 38 42
7 16 30 46
7 17 41 50
7 18 36 43
7 19 40 47
7 20 39 51
7 21 34 44
7 22 37 55
7 23 29 54
7 24 32 45
7 25 33 48
7 26 28 52
7 27 31 49
8 14 36 50
8 15 28 53
8 16 31 47
8 17 34 51
8 18 41 44
8 19 29 48
8 20 40 52
8 21 39 45
8 22 38 49
8 23 30 55
8 24 33 54
8 25 37 42
8 26 32 46
8 27 35 43
9 11 41 56
9 14 37 54
9 15 29 44
9 16 32 53
9 17 35 52
9 18 38 45
9 19 41 49
9 20 33 42
9 21 40 46
9 22 39 50
9 23 31 43
9 24 34 55
9 25 30 47
9 26 36 51
9 27 28 48
10 14 38 55
10 15 30 54
10 16 33 49
10 17 36 53
10 18 28 46
10 19 31 50
10 20 41 43
10 21 37 47
10 22 40 51
10 23 39 44
10 24 35 48
10 25 34 52
10 26 29 45
10 27 32 42
11 14 29 49
11 15 33 43
11 16 37 48
11 17 30 42
11 18 34 47
11 19 38 52
11 20 31 46
11 21 35 51
11 22 28 45
11 23 32 50
11 24 36 44
11 25 39 54
11 26 40 55
12 14 30 51
12 15 34 45
12 16 38 50
12 17 31 44
12 18 35 49
12 19 28 43
12 20 32 48
12 21 36 42
12 22 29 47
12 23 33 52
12 24 37 46
12 25 40 53
12 26 39 41
12 47 54 55
13 14 32 52
13 15 36 46
13 16 29 51
13 17 33 45
13 18 37 50
13 19 30 44
13 20 34 49
13 21 38 43
13 22 31 48
13 23 35 42
13 24 28 47
13 25 41 55
13 26 53 54
13 27 39 40
14 15 16 56
14 17 24 27
14 18 22 25
14 19 23 26
14 20 21 24
15 17 21 23
15 18 19 24
15 20 22 26
15 23 25 27
16 17 21 22
16 18 20 23
16 19 22 27
16 24 25 26
17 18 26 56
17 19 20 25
18 21 26 27
19 21 25 56
20 27 37 56
22 23 24 56
27 39 53 55
27 40 41 54
27 45 51 56
28 29 38 41
28 30 33 37
28 31 33 39
28 32 40 56
28 34 35 36
29 30 32 37
29 31 35 56
29 32 36 39
29 33 34 40
30 31 36 41
30 34 39 56
30 35 38 40
31 32 34 38
31 36 37 40
32 33 35 41
33 36 38 56
34 37 41 53
35 37 38 39
42 43 54 56
42 44 50 55
42 45 47 48
42 46 49 52
42 48 51 53
43 44 45 46
43 46 47 53
43 48 49 50
43 51 52 55
44 47 49 51
44 48 52 54
44 49 53 56
45 49 54 55
45 50 52 53
46 48 55 56
46 50 51 54
47 50 52 56
