0 1 11
0 2 10
0 3 47
0 4 55
0 5 13
0 6 57
0 7 14
0 8 24
0 9 18
0 12 25
0 15 29
0 16 53
0 17 33
0 19 42
0 20 35
0 21 30
0 22 41
0 23 36
0 26 29
0 27 46
0 28 51
0 31 48
0 32 59
0 34 52
0 37 44
0 38 50
0 39 40
0 43 49
0 45 58
0 54 56
1 2 57
1 3 31
1 4 34
1 5 29
1 6 15
1 7 41
1 8 27
1 9 22
1 10 52
1 12 32
1 13 44
1 14 24
1 16 51
1 17 46
1 18 54
1 19 26
1 20 40
1 21 55
1 23 33
1 25 36
1 28 49
1 30 45
1 35 59
1 37 56
1 38 39
1 39 58
1 42 53
1 43 47
1 48 50
2 3 41
2 4 14
2 5 42
2 6 52
2 7 27
2 8 26
2 9 36
2 11 31
2 12 50
2 13 56
2 15 49
2 16 59
2 17 22
2 18 34
2 19 39
2 20 45
2 21 51
2 22 44
2 23 53
2 24 54
2 25 30
2 28 46
2 29 47
2 32 40
2 33 43
2 35 58
2 37 55
2 38 48
3 4 30
3 5 56
3 6 26
3 7 43
3 8 17
3 9 55
3 10 35
3 11 39
3 12 34
3 13 16
3 14 46
3 15 45
3 18 38
3 19 24
3 20 57
3 21 27
3 22 37
3 23 44
3 25 33
3 28 58
3 29 51
3 32 54
3 36 42
3 40 50
3 48 56
3 49 53
3 52 59
4 5 50
4 6 45
4 7 26
4 8 29
4 9 25
4 10 23
4 11 37
4 12 21
4 12 31
4 13 22
4 15 51
4 16 46
4 17 53
4 18 52
4 19 54
4 20 36
4 24 59
4 27 49
4 28 48
4 32 58
4 33 56
4 35 38
4 39 43
4 40 42
4 41 47
4 44 57
5 6 12
5 7 48
5 8 53
5 9 54
5 10 30
5 11 19
5 14 39
5 15 36
5 15 37
5 16 33
5 17 52
5 18 20
5 21 47
5 22 28
5 23 43
5 24 57
5 25 31
5 26 32
5 27 59
5 34 38
5 35 55
5 40 46
5 41 58
5 44 49
5 45 51
6 7 36
6 8 49
6 9 44
6 10 28
6 11 17
6 13 24
6 14 41
6 16 31
6 17 30
6 18 27
6 19 38
6 20 33
6 21 29
6 22 47
6 23 40
6 25 56
6 32 51
6 34 59
6 35 54
6 37 50
6 39 55
6 42 43
6 46 53
6 48 58
7 8 45
7 9 19
7 10 59
7 11 42
7 12 51
7 13 21
7 14 44
7 15 31
7 16 37
7 17 24
7 18 49
7 20 53
7 22 54
7 23 25
7 28 34
7 29 35
7 30 58
7 32 33
7 38 57
7 39 50
7 40 47
7 46 56
7 52 55
8 9 47
8 10 54
8 11 43
8 12 19
8 13 14
8 15 57
8 16 58
8 18 40
8 20 56
8 21 32
8 22 50
8 23 59
8 25 38
8 28 35
8 30 33
8 31 55
8 34 44
8 36 39
8 37 51
8 41 52
8 42 48
8 46 47
9 10 41
9 11 48
9 12 43
9 13 49
9 14 53
9 15 40
9 16 23
9 17 31
9 20 59
9 21 54
9 24 27
9 26 52
9 28 56
9 29 45
9 30 35
9 32 34
9 33 37
9 38 51
9 39 42
9 46 50
9 57 58
10 11 13
10 12 17
10 14 56
10 15 32
10 16 48
10 18 44
10 19 45
10 20 36
10 21 31
10 22 53
10 24 47
10 25 42
10 26 58
10 27 55
10 29 38
10 33 39
10 34 43
10 35 37
10 40 51
10 46 57
10 49 50
11 12 57
11 14 20
11 15 41
11 16 50
11 18 50
11 21 59
11 22 30
11 23 45
11 24 29
11 25 27
11 26 44
11 28 32
11 33 58
11 34 35
11 36 46
11 38 56
11 40 53
11 47 52
11 49 51
11 54 55
12 13 59
12 14 38
12 15 22
12 16 18
12 20 58
12 23 28
12 24 42
12 26 27
12 29 30
12 33 49
12 35 48
12 36 41
12 37 52
12 39 56
12 40 54
12 44 47
12 45 46
12 53 55
13 15 39
13 17 32
13 18 33
13 19 31
13 20 48
13 23 47
13 25 52
13 26 41
13 26 54
13 27 38
13 28 40
13 29 37
13 30 42
13 34 46
13 35 50
13 36 53
13 43 58
13 45 57
13 51 55
14 15 54
14 16 40
14 17 49
14 18 28
14 19 30
14 21 25
14 22 27
14 23 26
14 29 57
14 31 59
14 32 47
14 33 48
14 34 58
14 35 51
14 36 37
14 42 55
14 43 52
14 45 50
15 16 56
15 17 38
15 18 35
15 19 58
15 20 43
15 21 26
15 23 27
15 24 48
15 25 34
15 28 46
15 30 47
15 33 53
15 42 50
15 44 52
15 55 59
16 17 55
16 19 52
16 20 22
16 21 57
16 24 31
16 25 29
16 26 30
16 27 43
16 28 38
16 32 49
16 34 42
16 35 45
16 36 44
16 39 47
16 41 54
17 18 37
17 19 50
17 20 51
17 21 36
17 23 29
17 25 28
17 26 39
17 27 34
17 35 57
17 40 41
17 42 58
17 43 59
17 44 54
17 45 56
17 47 48
18 19 29
18 19 46
18 21 58
18 22 59
18 23 42
18 24 39
18 25 45
18 26 48
18 30 43
18 31 47
18 32 36
18 41 55
18 51 56
18 53 57
19 20 25
19 21 34
19 22 33
19 23 49
19 27 47
19 28 44
19 32 55
19 35 40
19 36 57
19 37 48
19 41 53
19 43 51
19 56 59
20 21 49
20 23 39
20 24 34
20 26 28
20 27 29
20 30 31
20 32 38
20 37 54
20 41 50
20 42 52
20 44 46
20 47 55
21 22 52
21 23 41
21 24 37
21 28 53
21 33 35
21 38 49
21 39 46
21 40 45
21 42 56
21 43 48
21 44 50
22 23 56
22 24 25
22 26 34
22 29 49
22 31 58
22 32 42
22 35 46
22 36 45
22 38 40
22 39 51
22 43 55
22 48 57
23 24 58
23 25 54
23 30 57
23 31 51
23 32 35
23 34 50
23 37 46
23 38 55
23 48 52
24 26 43
24 28 36
24 30 53
24 32 46
24 33 40
24 33 51
24 35 52
24 38 41
24 44 56
24 45 49
24 50 55
25 26 59
25 32 57
25 35 47
25 37 49
25 39 53
25 40 43
25 41 48
25 44 55
25 46 58
25 50 51
26 31 36
26 33 42
26 35 56
26 37 40
26 38 45
26 46 55
26 47 49
26 50 53
26 51 57
27 28 52
27 30 50
27 31 44
27 32 37
27 33 36
27 35 39
27 37 53
27 40 57
27 41 51
27 42 45
27 48 54
27 56 58
28 29 42
28 30 54
28 31 37
28 33 50
28 39 41
28 43 45
28 47 59
28 55 57
29 31 54
29 32 56
29 33 52
29 34 55
29 36 50
29 39 44
29 40 58
29 41 59
29 43 46
29 48 53
30 32 39
30 34 37
30 36 55
30 38 59
30 40 48
30 41 46
30 42 49
30 44 51
30 52 56
31 32 50
31 33 46
31 34 57
31 35 42
31 38 43
31 39 49
31 40 52
31 41 45
31 53 56
32 41 43
32 44 48
32 45 59
32 52 53
33 34 41
33 38 54
33 44 59
33 45 55
33 47 57
34 36 40
34 39 54
34 45 53
34 47 51
34 48 55
34 49 56
35 36 49
35 41 44
35 43 53
36 38 47
36 43 56
36 48 59
36 51 52
36 54 58
37 38 58
37 39 59
37 41 42
37 43 57
37 45 47
38 42 51
38 44 53
38 46 52
39 45 48
39 52 57
40 43 44
40 49 59
40 55 56
41 49 52
41 56 57
42 44 57
42 46 59
42 47 54
43 50 54
44 45 58
45 52 54
46 48 49
46 51 54
47 50 56
47 53 58
48 51 53
49 54 57
49 55 58
50 52 58
50 57 59
51 58 59
53 54 59
