0 1 7 8 13 28 47 52
0 2 12 14 36 44 49 59
0 3 20 22 31 42 48 51
0 4 6 11 32 33 39 58
0 5 9 24 29 35 46 56
0 10 15 27 43 45 53 60
0 11 18 23 35 37 38 55
0 16 19 21 26 30 41 57
0 17 25 34 36 40 50 54
1 2 16 24 31 45 54 60
1 3 5 14 26 36 39 40
1 4 41 46 48 49 53 54
1 6 18 19 43 51 56 59
1 9 11 15 30 38 44 50
1 10 21 22 25 32 36 37
1 12 20 29 34 45 55 58
1 17 23 27 33 35 42 57
2 3 6 10 30 34 35 52
2 4 15 26 28 29 37 42
2 5 7 17 18 21 53 58
2 8 11 20 25 27 46 51
2 9 22 33 40 41 43 55
2 13 32 35 38 54 56 57
2 19 23 39 45 47 48 50
3 4 17 24 36 38 43 47
3 7 9 12 19 27 37 54
3 8 18 29 32 41 50 60
3 11 28 31 53 55 57 59
3 13 21 33 35 44 45 46
3 15 16 23 25 49 56 58
4 5 10 12 20 50 51 57
4 7 18 22 26 30 45 56
4 8 9 21 23 31 34 59
4 13 14 19 25 35 55 60
4 16 18 27 31 40 44 52
5 6 22 23 28 44 54 60
5 8 11 15 19 33 36 45
5 11 13 16 34 37 43 48
5 25 38 41 42 45 52 59
5 27 30 31 32 47 49 55
6 7 16 36 42 46 50 55
6 8 24 37 40 45 49 57
6 9 11 25 26 47 53 54
6 12 13 15 17 26 31 41
6 14 20 21 27 29 38 48
7 10 11 14 23 24 41 56
7 15 20 32 35 40 48 59
7 25 29 31 39 43 44 57
7 26 33 34 38 49 51 60
8 10 17 26 44 48 55 56
8 12 16 22 35 38 39 53
8 14 18 30 42 43 54 58
9 10 13 18 20 39 42 49
9 14 16 17 28 32 45 51
9 18 36 48 52 57 58 60
10 16 20 29 33 47 54 59
10 19 28 31 38 40 46 58
11 12 21 40 42 47 56 60
11 17 19 22 29 32 49 52
12 18 24 25 28 30 33 48
12 20 23 26 32 43 46 52
13 22 24 26 27 50 58 59
13 23 29 30 36 40 51 53
14 15 18 22 34 46 47 57
14 31 33 37 50 52 53 56
15 21 24 39 51 52 54 55
17 20 30 37 39 46 59 60
19 20 24 32 34 42 44 53
20 27 28 34 36 39 41 56
21 28 31 35 36 43 49 50
26 35 37 41 44 47 51 58
