0 1 3 8 29 51
0 2 7 28 50 59
0 4 18 24 37 53
0 5 26 48 57 58
0 6 19 35 42 46
0 7 11 25 31 44
0 9 10 12 17 38
0 13 29 36 40 54
0 14 20 33 49 56
0 15 30 45 60 61
0 16 23 27 41 47
0 21 43 52 53 55
0 22 31 32 34 39
1 2 4 9 30 52
1 5 19 25 38 54
1 6 27 49 58 59
1 7 20 36 43 47
1 8 12 26 32 45
1 10 11 13 18 39
1 14 30 37 41 55
1 15 21 34 50 57
1 16 31 46 60 61
1 17 24 28 42 48
1 22 44 53 54 56
1 23 32 33 35 40
2 3 5 10 31 53
2 6 20 26 39 55
2 8 21 37 44 48
2 9 13 27 33 46
2 11 12 14 19 40
2 15 31 38 42 56
2 16 22 35 51 58
2 17 32 47 60 61
2 18 25 29 43 49
2 23 45 54 55 57
2 24 33 34 36 41
3 4 6 11 32 54
3 7 21 27 40 56
3 9 22 38 45 49
3 10 14 28 34 47
3 12 13 15 20 41
3 16 32 39 43 57
3 17 23 36 52 59
3 18 33 48 60 61
3 19 26 30 44 50
3 24 46 55 56 58
3 25 34 35 37 42
4 5 7 12 33 55
4 8 22 28 41 57
4 10 23 39 46 50
4 11 15 29 35 48
4 13 14 16 21 42
4 17 33 40 44 58
4 19 34 49 60 61
4 20 27 31 45 51
4 25 47 56 57 59
4 26 35 36 38 43
5 6 8 13 34 56
5 9 23 29 42 58
5 11 24 40 47 51
5 12 16 30 36 49
5 14 15 17 22 43
5 18 34 41 45 59
5 20 35 50 60 61
5 21 28 32 46 52
5 27 36 37 39 44
6 7 9 14 35 57
6 10 24 30 43 59
6 12 25 41 48 52
6 13 17 31 37 50
6 15 16 18 23 44
6 21 36 51 60 61
6 22 29 33 47 53
6 28 37 38 40 45
7 8 10 15 36 58
7 13 26 42 49 53
7 14 18 32 38 51
7 16 17 19 24 45
7 22 37 52 60 61
7 23 30 34 48 54
7 29 38 39 41 46
8 9 11 16 37 59
8 14 27 43 50 54
8 15 19 33 39 52
8 17 18 20 25 46
8 23 38 53 60 61
8 24 31 35 49 55
8 30 39 40 42 47
9 15 28 44 51 55
9 16 20 34 40 53
9 18 19 21 26 47
9 24 39 54 60 61
9 25 32 36 50 56
9 31 40 41 43 48
10 16 29 45 52 56
10 17 21 35 41 54
10 19 20 22 27 48
10 25 40 55 60 61
10 26 33 37 51 57
10 32 41 42 44 49
11 17 30 46 53 57
11 18 22 36 42 55
11 20 21 23 28 49
11 26 41 56 60 61
11 27 34 38 52 58
11 33 42 43 45 50
12 18 31 47 54 58
12 19 23 37 43 56
12 21 22 24 29 50
12 27 42 57 60 61
12 28 35 39 53 59
12 34 43 44 46 51
13 19 32 48 55 59
13 20 24 38 44 57
13 22 23 25 30 51
13 28 43 58 60 61
13 35 44 45 47 52
14 21 25 39 45 58
14 23 24 26 31 52
14 29 44 59 60 61
14 36 45 46 48 53
15 22 26 40 46 59
15 24 25 27 32 53
15 37 46 47 49 54
16 25 26 28 33 54
16 38 47 48 50 55
17 26 27 29 34 55
17 39 48 49 51 56
18 27 28 30 35 56
18 40 49 50 52 57
19 28 29 31 36 57
19 41 50 51 53 58
20 29 30 32 37 58
20 42 51 52 54 59
21 30 31 33 38 59
