0 1 9 27 52 63
0 2 7 38 58 61
0 3 22 32 50 51
0 4 10 35 55 57
0 5 20 37 45 49
0 6 11 42 44 48
0 8 21 34 47 60
0 12 17 26 36 40
0 13 25 43 46 54
0 14 23 28 30 59
0 15 24 29 31 35
0 16 33 41 56 62
0 18 19 39 49 53
1 2 13 17 31 33
1 3 18 35 43 58
1 4 11 13 29 54
1 5 24 34 39 40
1 6 12 37 57 59
1 7 22 26 47 53
1 8 44 46 50 61
1 10 23 35 36 60
1 14 15 45 48 56
1 16 25 30 32 49
1 19 28 38 42 62
1 20 21 41 51 55
2 3 10 28 49 53
2 4 19 36 44 59
2 5 12 30 52 55
2 6 25 35 40 41
2 8 23 27 48 54
2 9 45 47 51 62
2 11 24 37 50 60
2 14 18 32 34 49
2 15 16 46 49 57
2 20 26 29 43 63
2 21 22 39 42 56
3 4 14 20 25 61
3 5 26 33 38 48
3 6 7 15 17 23
3 8 39 41 45 57
3 9 34 54 56 59
3 11 40 47 49 52
3 12 13 19 24 63
3 16 29 42 55 60
3 21 27 30 44 62
3 31 36 37 46 62
4 5 13 15 21 62
4 6 26 27 34 49
4 7 8 16 18 24
4 9 40 42 46 58
4 12 41 48 50 53
4 17 30 43 56 60
4 22 28 31 45 52
4 23 33 39 49 51
4 32 37 38 47 63
5 6 14 16 22 63
5 7 27 28 35 50
5 8 9 17 19 25
5 10 41 43 47 59
5 11 30 36 56 58
5 18 31 44 57 60
5 23 29 32 46 53
5 42 49 51 54 61
6 8 28 29 36 51
6 9 10 13 18 20
6 12 31 53 56 61
6 19 32 45 58 60
6 21 33 38 46 52
6 24 30 33 47 54
6 39 43 50 55 62
7 9 29 30 37 39
7 10 11 14 19 21
7 12 36 43 45 49
7 13 36 41 42 63
7 20 33 46 59 60
7 25 31 34 48 55
7 32 52 54 57 62
7 40 44 51 56 63
8 9 22 26 59 62
8 10 30 31 38 40
8 11 12 15 20 22
8 13 32 35 49 56
8 14 37 42 43 52
8 33 53 55 58 63
9 10 39 46 48 63
9 11 26 31 32 41
9 12 16 21 23 61
9 14 33 36 50 57
9 15 19 33 35 52
9 15 38 43 44 53
9 24 28 49 55 60
10 12 27 32 33 42
10 15 34 37 51 58
10 16 26 44 45 54
10 17 22 24 61 62
10 25 29 50 52 56
11 13 30 51 53 57
11 16 35 38 39 59
11 17 27 45 46 55
11 18 23 25 62 63
11 28 33 34 43 61
12 14 31 39 54 58
12 18 28 46 47 56
12 25 38 48 51 60
12 29 34 35 44 62
13 14 44 47 49 55
13 16 28 37 40 48
13 22 27 29 58 59
13 23 34 38 45 50
13 26 39 52 60 61
14 17 29 38 41 49
14 24 26 35 46 51
14 27 40 53 60 62
15 18 26 30 42 50
15 25 27 36 39 47
15 28 41 54 60 63
15 32 40 55 59 61
16 17 47 50 58 61
16 19 27 31 43 51
16 20 34 36 52 53
17 18 48 51 52 59
17 20 28 32 39 44
17 21 35 37 53 54
17 24 34 42 57 63
18 21 29 33 40 45
18 22 36 38 54 55
18 27 36 37 41 61
19 20 30 40 50 54
19 22 30 34 41 46
19 23 26 37 55 56
19 29 47 48 57 61
20 22 48 49 58 62
20 23 31 35 42 47
20 24 27 38 56 57
21 24 32 36 43 48
21 25 26 28 57 58
21 31 49 50 59 63
22 23 35 40 43 57
22 25 33 37 44 60
23 24 41 44 52 58
24 25 42 45 53 59
30 35 45 48 61 63
