0 1 3 6 16 33 36 39 49 60
0 2 4 17 24 33 35 37 50 57
0 5 7 8 28 33 38 40 41 52
0 9 10 20 26 32 33 42 43 53
0 11 25 27 29 30 61 62 63 64
0 12 18 21 23 33 45 51 54 56
0 13 14 15 22 33 46 47 48 55
0 19 29 31 33 34 44 58 59 63
1 2 10 28 35 36 43 52 60 64
1 4 8 18 30 31 37 41 51 60
1 5 11 20 21 38 44 53 54 60
1 7 15 34 40 48 58 60 61 62
1 9 14 23 42 47 56 59 60 63
1 12 13 19 24 27 45 46 57 60
1 17 22 25 26 29 32 50 55 60
2 3 9 13 30 31 35 36 42 46
2 5 18 22 35 38 51 55 59 63
2 6 7 12 25 29 35 39 40 45
2 8 14 20 27 35 41 47 53 58
2 11 15 16 23 35 44 48 49 56
2 19 21 26 32 34 35 54 61 62
3 4 21 22 36 37 54 55 58 64
3 5 23 24 29 36 38 56 57 61
3 7 17 20 36 40 50 53 59 63
3 8 10 12 36 41 43 44 45 62
3 11 14 19 25 28 34 36 47 52
3 15 18 26 27 32 36 48 51 55
4 5 6 9 27 34 37 38 39 42
4 7 11 13 26 32 37 40 44 46
4 10 14 16 29 37 43 47 49 61
4 12 15 28 37 45 48 52 59 63
4 19 20 23 25 31 37 53 56 62
5 10 15 17 19 30 38 43 48 50
5 12 14 26 31 32 38 45 47 64
5 13 16 25 33 38 46 49 58 62
6 8 11 19 22 31 39 41 55 61
6 10 13 21 39 43 46 54 59 63
6 14 17 18 39 44 47 50 51 62
6 15 20 24 31 39 48 53 57 64
6 23 26 28 30 32 39 52 56 58
7 9 16 18 19 40 42 49 51 64
7 10 22 23 27 31 40 43 55 56
7 14 21 24 30 36 40 47 54 57
8 9 15 21 25 29 41 42 48 54
8 13 17 23 34 41 46 50 56 64
8 16 24 26 32 41 49 57 59 63
9 11 12 17 42 45 50 58 61 62
9 22 24 28 42 44 52 55 57 62
10 11 18 24 25 34 43 51 57 58
11 25 27 30 33 44 59 61 62 64
12 16 20 22 30 34 45 49 53 55
13 18 20 28 29 46 51 52 53 61
16 17 21 27 28 31 49 50 52 54
