0 1 2 64
0 1 3 7
0 2 6 62
0 4 60 61
0 5 13 35
0 8 30 58
0 9 20 38
0 10 24 47
0 11 29 54
0 12 27 44
0 14 37 53
0 15 32 51
0 16 26 40
0 17 36 48
0 18 43 52
0 19 31 46
0 21 42 63
0 22 50 55
0 23 39 49
0 25 34 45
0 28 33 41
0 56 57 59
1 2 4 8
1 5 61 62
1 6 14 36
1 9 31 59
1 10 21 39
1 11 25 48
1 12 30 55
1 13 28 45
1 15 38 54
1 16 33 52
1 17 27 41
1 18 37 49
1 19 44 53
1 20 32 47
1 22 43 63
1 23 51 56
1 24 40 50
1 26 35 46
1 29 34 42
1 57 58 60
2 3 5 9
2 7 15 37
2 10 32 60
2 11 22 40
2 12 26 49
2 13 31 56
2 14 29 46
2 16 39 55
2 17 34 53
2 18 28 42
2 19 38 50
2 20 45 54
2 21 33 48
2 23 44 63
2 24 52 57
2 25 41 51
2 27 36 47
2 30 35 43
2 58 59 61
3 4 5 64
3 4 6 10
3 8 16 38
3 11 33 61
3 12 23 41
3 13 27 50
3 14 32 57
3 15 30 47
3 17 40 56
3 18 35 54
3 19 29 43
3 20 39 51
3 21 46 55
3 22 34 49
3 24 45 63
3 25 53 58
3 26 42 52
3 28 37 48
3 31 36 44
3 59 60 62
4 5 7 11
4 9 17 39
4 12 34 62
4 13 24 42
4 14 28 51
4 15 33 58
4 16 31 48
4 18 41 57
4 19 36 55
4 20 30 44
4 21 40 52
4 22 47 56
4 23 35 50
4 25 46 63
4 26 54 59
4 27 43 53
4 29 38 49
4 32 37 45
5 6 8 12
5 10 18 40
5 14 25 43
5 15 29 52
5 16 34 59
5 17 32 49
5 19 42 58
5 20 37 56
5 21 31 45
5 22 41 53
5 23 48 57
5 24 36 51
5 26 47 63
5 27 55 60
5 28 44 54
5 30 39 50
5 33 38 46
6 7 8 64
6 7 9 13
6 11 19 41
6 15 26 44
6 16 30 53
6 17 35 60
6 18 33 50
6 20 43 59
6 21 38 57
6 22 32 46
6 23 42 54
6 24 49 58
6 25 37 52
6 27 48 63
6 28 56 61
6 29 45 55
6 31 40 51
6 34 39 47
7 8 10 14
7 12 20 42
7 16 27 45
7 17 31 54
7 18 36 61
7 19 34 51
7 21 44 60
7 22 39 58
7 23 33 47
7 24 43 55
7 25 50 59
7 26 38 53
7 28 49 63
7 29 57 62
7 30 46 56
7 32 41 52
7 35 40 48
8 9 11 15
8 13 21 43
8 17 28 46
8 18 32 55
8 19 37 62
8 20 35 52
8 22 45 61
8 23 40 59
8 24 34 48
8 25 44 56
8 26 51 60
8 27 39 54
8 29 50 63
8 31 47 57
8 33 42 53
8 36 41 49
9 10 11 64
9 10 12 16
9 14 22 44
9 18 29 47
9 19 33 56
9 21 36 53
9 23 46 62
9 24 41 60
9 25 35 49
9 26 45 57
9 27 52 61
9 28 40 55
9 30 51 63
9 32 48 58
9 34 43 54
9 37 42 50
10 11 13 17
10 15 23 45
10 19 30 48
10 20 34 57
10 22 37 54
10 25 42 61
10 26 36 50
10 27 46 58
10 28 53 62
10 29 41 56
10 31 52 63
10 33 49 59
10 35 44 55
10 38 43 51
11 12 14 18
11 16 24 46
11 20 31 49
11 21 35 58
11 23 38 55
11 26 43 62
11 27 37 51
11 28 47 59
11 30 42 57
11 32 53 63
11 34 50 60
11 36 45 56
11 39 44 52
12 13 14 64
12 13 15 19
12 17 25 47
12 21 32 50
12 22 36 59
12 24 39 56
12 28 38 52
12 29 48 60
12 31 43 58
12 33 54 63
12 35 51 61
12 37 46 57
12 40 45 53
13 14 16 20
13 18 26 48
13 22 33 51
13 23 37 60
13 25 40 57
13 29 39 53
13 30 49 61
13 32 44 59
13 34 55 63
13 36 52 62
13 38 47 58
13 41 46 54
14 15 17 21
14 19 27 49
14 23 34 52
14 24 38 61
14 26 41 58
14 30 40 54
14 31 50 62
14 33 45 60
14 35 56 63
14 39 48 59
14 42 47 55
15 16 17 64
15 16 18 22
15 20 28 50
15 24 35 53
15 25 39 62
15 27 42 59
15 31 41 55
15 34 46 61
15 36 57 63
15 40 49 60
15 43 48 56
16 17 19 23
16 21 29 51
16 25 36 54
16 28 43 60
16 32 42 56
16 35 47 62
16 37 58 63
16 41 50 61
16 44 49 57
17 18 20 24
17 22 30 52
17 26 37 55
17 29 44 61
17 33 43 57
17 38 59 63
17 42 51 62
17 45 50 58
18 19 20 64
18 19 21 25
18 23 31 53
18 27 38 56
18 30 45 62
18 34 44 58
18 39 60 63
18 46 51 59
19 20 22 26
19 24 32 54
19 28 39 57
19 35 45 59
19 40 61 63
19 47 52 60
20 21 23 27
20 25 33 55
20 29 40 58
20 36 46 60
20 41 62 63
20 48 53 61
21 22 23 64
21 22 24 28
21 26 34 56
21 30 41 59
21 37 47 61
21 49 54 62
22 23 25 29
22 27 35 57
22 31 42 60
22 38 48 62
23 24 26 30
23 28 36 58
23 32 43 61
24 25 26 64
24 25 27 31
24 29 37 59
24 33 44 62
25 26 28 32
25 30 38 60
26 27 29 33
26 31 39 61
27 28 29 64
27 28 30 34
27 32 40 62
28 29 31 35
29 30 32 36
30 31 32 64
30 31 33 37
31 32 34 38
32 33 35 39
33 34 35 64
33 34 36 40
34 35 37 41
35 36 38 42
36 37 38 64
36 37 39 43
37 38 40 44
38 39 41 45
39 40 41 64
39 40 42 46
40 41 43 47
41 42 44 48
42 43 44 64
42 43 45 49
43 44 46 50
44 45 47 51
45 46 47 64
45 46 48 52
46 47 49 53
47 48 50 54
48 49 50 64
48 49 51 55
49 50 52 56
50 51 53 57
51 52 53 64
51 52 54 58
52 53 55 59
53 54 56 60
54 55 56 64
54 55 57 61
55 56 58 62
57 58 59 64
60 61 62 64
61 62 63 64
