0 1 13 51
0 2 9 65
0 3 8 62
0 4 19 39
0 5 30 59
0 6 23 47
0 7 31 63
0 10 16 57
0 11 33 44
0 12 32 50
0 14 18 53
0 15 29 35
0 17 27 41
0 20 21 38
0 22 33 55
0 24 26 56
0 25 28 54
0 34 36 43
0 37 40 45
0 42 52 58
0 46 60 64
0 48 49 61
1 2 14 52
1 3 10 33
1 4 9 63
1 5 20 40
1 6 31 60
1 7 24 48
1 8 32 64
1 11 17 58
1 12 34 45
1 15 19 54
1 16 30 36
1 18 28 42
1 21 22 39
1 23 34 56
1 25 27 57
1 26 29 55
1 35 37 44
1 38 41 46
1 43 53 59
1 47 61 65
1 49 50 62
2 3 15 53
2 4 11 34
2 5 10 64
2 6 21 41
2 7 32 61
2 8 25 49
2 12 18 59
2 13 35 46
2 16 20 55
2 17 31 37
2 19 29 43
2 22 23 40
2 24 35 57
2 26 28 58
2 27 30 56
2 33 48 62
2 36 38 45
2 39 42 47
2 44 54 60
2 50 51 63
3 4 16 54
3 5 12 35
3 6 11 65
3 7 22 42
3 9 26 50
3 13 19 60
3 14 36 47
3 17 21 56
3 18 32 38
3 20 30 44
3 23 24 41
3 25 36 58
3 27 29 59
3 28 31 57
3 34 49 63
3 37 39 46
3 40 43 48
3 45 55 61
3 51 52 64
4 5 17 55
4 6 13 36
4 7 12 33
4 8 23 43
4 10 27 51
4 14 20 61
4 15 37 48
4 18 22 57
4 21 31 45
4 24 25 42
4 26 37 59
4 28 30 60
4 29 32 58
4 35 50 64
4 38 40 47
4 41 44 49
4 46 56 62
4 52 53 65
5 6 18 56
5 7 14 37
5 8 13 34
5 9 24 44
5 11 28 52
5 15 21 62
5 16 38 49
5 19 23 58
5 22 32 46
5 25 26 43
5 27 38 60
5 29 31 61
5 33 53 54
5 36 51 65
5 39 41 48
5 42 45 50
5 47 57 63
6 7 19 57
6 8 15 38
6 9 14 35
6 10 25 45
6 12 29 53
6 16 22 63
6 17 39 50
6 20 24 59
6 26 27 44
6 28 39 61
6 30 32 62
6 33 37 52
6 34 54 55
6 40 42 49
6 43 46 51
6 48 58 64
7 8 20 58
7 9 16 39
7 10 15 36
7 11 26 46
7 13 30 54
7 17 23 64
7 18 40 51
7 21 25 60
7 27 28 45
7 29 40 62
7 34 38 53
7 35 55 56
7 41 43 50
7 44 47 52
7 49 59 65
8 9 21 59
8 10 17 40
8 11 16 37
8 12 27 47
8 14 31 55
8 18 24 65
8 19 41 52
8 22 26 61
8 28 29 46
8 30 41 63
8 33 50 60
8 35 39 54
8 36 56 57
8 42 44 51
8 45 48 53
9 10 22 60
9 11 18 41
9 12 17 38
9 13 28 48
9 15 32 56
9 19 25 33
9 20 42 53
9 23 27 62
9 29 30 47
9 31 42 64
9 34 51 61
9 36 40 55
9 37 57 58
9 43 45 52
9 46 49 54
10 11 23 61
10 12 19 42
10 13 18 39
10 14 29 49
10 20 26 34
10 21 43 54
10 24 28 63
10 30 31 48
10 32 43 65
10 35 52 62
10 37 41 56
10 38 58 59
10 44 46 53
10 47 50 55
11 12 24 62
11 13 20 43
11 14 19 40
11 15 30 50
11 21 27 35
11 22 44 55
11 25 29 64
11 31 32 49
11 36 53 63
11 38 42 57
11 39 59 60
11 45 47 54
11 48 51 56
12 13 25 63
12 14 21 44
12 15 20 41
12 16 31 51
12 22 28 36
12 23 45 56
12 26 30 65
12 37 54 64
12 39 43 58
12 40 60 61
12 46 48 55
12 49 52 57
13 14 26 64
13 15 22 45
13 16 21 42
13 17 32 52
13 23 29 37
13 24 46 57
13 27 31 33
13 38 55 65
13 40 44 59
13 41 61 62
13 47 49 56
13 50 53 58
14 15 27 65
14 16 23 46
14 17 22 43
14 24 30 38
14 25 47 58
14 28 32 34
14 33 39 56
14 41 45 60
14 42 62 63
14 48 50 57
14 51 54 59
15 16 28 33
15 17 24 47
15 18 23 44
15 25 31 39
15 26 48 59
15 34 40 57
15 42 46 61
15 43 63 64
15 49 51 58
15 52 55 60
16 17 29 34
16 18 25 48
16 19 24 45
16 26 32 40
16 27 49 60
16 35 41 58
16 43 47 62
16 44 64 65
16 50 52 59
16 53 56 61
17 18 30 35
17 19 26 49
17 20 25 46
17 28 50 61
17 33 45 65
17 36 42 59
17 44 48 63
17 51 53 60
17 54 57 62
18 19 31 36
18 20 27 50
18 21 26 47
18 29 51 62
18 33 34 46
18 37 43 60
18 45 49 64
18 52 54 61
18 55 58 63
19 20 32 37
19 21 28 51
19 22 27 48
19 30 52 63
19 34 35 47
19 38 44 61
19 46 50 65
19 53 55 62
19 56 59 64
20 22 29 52
20 23 28 49
20 31 53 64
20 33 47 51
20 35 36 48
20 39 45 62
20 54 56 63
20 57 60 65
21 23 30 53
21 24 29 50
21 32 54 65
21 33 58 61
21 34 48 52
21 36 37 49
21 40 46 63
21 55 57 64
22 24 31 54
22 25 30 51
22 34 59 62
22 35 49 53
22 37 38 50
22 41 47 64
22 56 58 65
23 25 32 55
23 26 31 52
23 33 57 59
23 35 60 63
23 36 50 54
23 38 39 51
23 42 48 65
24 27 32 53
24 33 43 49
24 34 58 60
24 36 61 64
24 37 51 55
24 39 40 52
25 34 44 50
25 35 59 61
25 37 62 65
25 38 52 56
25 40 41 53
26 33 38 63
26 35 45 51
26 36 60 62
26 39 53 57
26 41 42 54
27 34 39 64
27 36 46 52
27 37 61 63
27 40 54 58
27 42 43 55
28 35 40 65
28 37 47 53
28 38 62 64
28 41 55 59
28 43 44 56
29 33 36 41
29 38 48 54
29 39 63 65
29 42 56 60
29 44 45 57
30 33 40 64
30 34 37 42
30 39 49 55
30 43 57 61
30 45 46 58
31 34 41 65
31 35 38 43
31 40 50 56
31 44 58 62
31 46 47 59
32 33 35 42
32 36 39 44
32 41 51 57
32 45 59 63
32 47 48 60
