0 1 2 11 37 52 55 57 58
0 1 3 10 18 46 49 59 60
0 1 4 28 33 36 47 63 65
0 1 6 12 13 39 48 50 64
0 1 22 29 31 32 35 51 62
0 5 8 14 19 23 25 43 45
0 7 9 10 26 34 40 42 56
0 10 11 15 16 27 41 53 54
0 17 20 21 24 30 38 44 61
1 2 3 4 5 6 7 8 9
1 2 17 18 19 20 21 22 23
1 2 24 25 26 27 28 29 30
1 2 38 39 40 41 42 43 44
1 5 23 25 34 43 45 56 61
1 14 15 16 53 54 55 57 58
2 10 45 46 47 48 49 50 51
2 12 13 15 16 52 53 54 56
2 14 59 60 61 62 63 64 65
2 31 32 33 34 35 36 37 55
3 10 17 24 31 38 45 52 59
3 11 19 27 35 43 51 53 60
3 12 21 30 32 41 50 54 61
3 13 23 26 36 39 49 55 62
3 14 18 29 33 44 48 56 63
3 15 20 25 37 42 47 57 64
3 16 22 28 34 40 46 58 65
4 10 23 29 35 41 47 52 65
4 11 18 25 32 39 46 53 59
4 12 20 28 36 44 45 54 60
4 13 22 24 33 42 51 55 61
4 14 17 27 37 40 50 56 62
4 15 19 30 34 38 49 57 63
4 16 21 26 31 43 48 58 64
5 10 22 27 32 44 49 52 64
5 11 17 30 36 42 48 53 65
5 12 19 26 33 40 47 54 59
5 13 21 29 37 38 46 55 60
5 15 18 28 31 41 51 57 62
5 16 20 24 35 39 50 58 63
6 10 21 25 36 40 51 52 63
6 11 23 28 33 38 50 53 64
6 12 18 24 37 43 49 54 65
6 13 20 27 34 41 48 55 59
6 14 22 30 31 39 47 56 60
6 15 17 26 35 44 46 57 61
6 16 19 29 32 42 45 58 62
7 10 20 30 33 43 46 52 62
7 11 22 26 37 41 45 53 63
7 12 17 29 34 39 51 54 64
7 13 19 25 31 44 50 55 65
7 14 21 28 35 42 49 56 59
7 15 23 24 32 40 48 57 60
7 16 18 27 36 38 47 58 61
8 10 19 28 37 39 48 52 61
8 11 21 24 34 44 47 53 62
8 12 23 27 31 42 46 54 63
8 13 18 30 35 40 45 55 64
8 14 20 26 32 38 51 56 65
8 15 22 29 36 43 50 57 59
8 16 17 25 33 41 49 58 60
9 11 20 29 31 40 49 53 61
9 12 22 25 35 38 48 54 62
9 13 17 28 32 43 47 55 63
9 14 18 26 34 42 50 52 60
9 14 19 24 36 41 46 56 64
9 15 21 27 33 39 45 57 65
9 16 23 30 37 44 51 58 59
10 11 12 13 14 55 56 57 58
