0 1 3 20 24 33 39
0 1 4 25 26 44 56
0 1 4 27 36 57 65
0 1 4 29 35 51 55
0 1 6 31 40 41 42
0 1 8 13 30 34 49
0 1 11 18 19 59 63
0 1 12 21 22 64 67
0 1 17 23 46 50 58
0 2 3 14 37 49 53
0 3 4 5 32 52 66
0 3 7 10 28 60 62
0 3 8 9 38 43 61
0 15 16 45 47 48 54
1 2 9 14 37 38 43
1 5 8 15 16 45 52
1 5 8 47 48 54 66
1 7 28 32 34 61 62
1 8 10 32 33 53 60
2 4 8 14 37 39 63
2 5 6 7 29 46 59
2 10 16 19 42 51 65
2 11 22 23 25 33 52
2 12 30 56 57 61 66
2 13 15 28 40 50 67
2 17 18 20 26 54 62
2 21 31 48 55 60 63
2 24 27 32 36 44 45
2 34 35 41 47 58 64
3 4 10 33 34 60 61
3 4 13 18 19 21 59
3 4 15 16 22 45 66
3 4 17 30 40 41 42
3 4 46 47 48 52 54
3 6 25 26 27 30 31
3 11 13 35 36 56 63
3 12 29 44 51 64 67
3 23 50 55 57 58 65
4 6 7 8 28 33 62
4 8 11 23 24 50 58
4 8 12 20 31 64 67
4 9 38 39 43 49 53
5 9 11 31 58 62 67
5 10 18 22 41 53 57
5 12 17 25 36 39 60
5 13 27 33 49 51 55
5 14 23 32 40 56 64
5 19 20 24 28 30 38
5 21 35 42 43 50 61
5 26 34 37 44 63 65
6 9 17 33 35 44 66
6 10 36 38 48 50 64
6 11 14 24 51 54 61
6 12 23 28 47 49 63
6 13 20 34 43 52 57
6 15 19 22 37 58 60
6 16 18 32 39 55 67
6 21 45 53 56 62 65
7 9 15 20 42 55 56
7 11 12 27 43 48 65
7 13 17 30 37 45 64
7 14 18 31 44 47 50
7 16 22 24 26 35 49
7 19 21 23 39 41 66
7 25 38 54 57 63 67
7 36 40 51 52 53 58
8 17 24 46 55 57 65
8 18 19 35 36 56 59
8 20 21 22 29 44 51
8 25 26 27 40 41 42
9 10 13 21 24 25 47
9 12 19 26 32 50 52
9 16 27 57 59 60 64
9 18 23 30 34 48 51
9 22 40 45 46 61 63
9 28 29 36 41 54 65
10 11 15 30 39 44 46
10 12 35 37 40 54 55
10 14 20 27 58 63 66
10 17 29 31 49 52 56
10 23 26 43 45 59 67
11 16 17 21 34 38 40
11 20 41 45 49 50 60
11 26 28 53 55 64 66
11 29 32 37 42 47 57
12 13 14 16 41 46 62
12 15 24 31 34 53 59
12 18 33 38 42 45 58
13 22 31 32 38 65 66
13 23 42 44 53 54 60
13 26 29 39 48 58 61
14 15 21 26 33 36 57
14 17 22 28 42 48 59
14 19 25 29 34 45 55
14 30 35 52 60 65 67
15 17 32 41 43 51 63
15 18 25 49 61 64 65
15 23 27 29 35 38 62
16 20 23 31 36 37 61
16 25 28 43 44 56 58
16 29 30 33 50 53 63
17 19 27 47 53 61 67
18 21 27 28 37 46 52
18 24 29 40 43 60 66
19 31 33 43 46 54 64
19 40 44 48 49 57 62
20 25 32 35 46 48 53
20 33 39 40 47 59 65
21 30 32 49 54 58 59
22 27 34 39 50 54 56
22 30 36 43 47 55 62
24 33 37 41 48 56 67
24 39 42 52 62 63 64
25 37 50 51 59 62 66
26 38 46 47 51 56 60
28 31 35 39 45 51 57
34 36 42 46 49 66 67
38 41 44 52 55 59 61
