0 1 27 66
0 2 3 54
0 4 33 34
0 5 10 45
0 6 7 63
0 8 40 56
0 9 28 35
0 11 37 61
0 12 47 52
0 13 18 38
0 14 20 62
0 15 23 65
0 16 21 53
0 17 22 48
0 19 49 57
0 24 32 51
0 25 44 60
0 26 38 60
0 29 46 59
0 30 39 55
0 31 50 64
0 36 41 43
0 42 58 67
1 2 53 60
1 3 13 21
1 4 20 55
1 5 26 39
1 6 16 40
1 7 25 33
1 8 52 65
1 9 43 51
1 10 30 47
1 11 41 62
1 12 64 67
1 14 36 37
1 15 57 59
1 16 42 43
1 17 34 63
1 18 19 35
1 22 31 58
1 23 56 61
1 24 29 44
1 28 38 49
1 32 46 48
1 45 50 54
2 4 12 19
2 5 20 22
2 6 8 26
2 7 14 41
2 9 36 61
2 10 24 39
2 11 16 31
2 13 43 67
2 14 21 64
2 15 27 52
2 17 28 50
2 18 40 62
2 23 25 55
2 29 45 48
2 30 37 42
2 32 47 59
2 33 38 51
2 34 35 49
2 44 57 63
2 46 56 58
2 58 65 66
3 4 22 49
3 5 30 67
3 6 47 56
3 7 48 57
3 8 23 33
3 9 41 52
3 10 12 20
3 11 39 42
3 14 38 40
3 15 61 66
3 16 37 64
3 17 55 65
3 18 34 51
3 19 28 62
3 19 32 53
3 24 26 59
3 25 35 50
3 27 29 63
3 31 36 53
3 43 58 60
3 44 45 46
4 5 7 52
4 6 42 59
4 6 50 51
4 8 25 66
4 9 16 59
4 10 61 63
4 11 36 46
4 13 30 58
4 14 28 44
4 15 43 45
4 17 27 56
4 18 32 64
4 21 23 47
4 24 31 38
4 26 53 65
4 29 37 41
4 35 48 62
4 39 60 67
4 40 54 57
5 6 60 64
5 8 30 53
5 9 37 56
5 11 21 50
5 12 15 46
5 13 35 51
5 14 18 55
5 16 17 58
5 19 28 63
5 23 27 36
5 24 42 61
5 25 34 40
5 29 32 62
5 30 31 33
5 38 43 65
5 41 47 57
5 44 59 66
5 48 49 54
6 9 15 54
6 10 13 31
6 11 14 32
6 12 35 53
6 17 23 66
6 18 46 67
6 19 41 48
6 20 45 59
6 21 22 28
6 24 37 62
6 25 27 65
6 29 38 58
6 30 34 61
6 33 39 52
6 36 44 49
6 43 55 57
7 8 43 44
7 9 19 22
7 10 35 66
7 11 23 51
7 12 16 36
7 13 50 62
7 15 17 30
7 18 28 42
7 20 27 37
7 21 24 58
7 24 34 56
7 26 40 67
7 29 47 54
7 31 55 61
7 32 45 60
7 34 39 65
7 38 53 59
7 46 49 64
8 9 10 11
8 12 41 55
8 13 46 57
8 14 42 47
8 15 35 60
8 16 49 61
8 17 21 45
8 18 24 54
8 19 31 36
8 20 38 39
8 22 51 64
8 27 53 62
8 28 32 33
8 29 63 67
8 34 37 59
8 48 50 58
9 12 49 63
9 13 32 65
9 14 26 30
9 16 45 55
9 17 29 64
9 18 27 58
9 20 50 57
9 21 33 48
9 23 24 60
9 25 31 46
9 34 44 53
9 38 66 67
9 39 47 62
9 40 42 45
10 14 34 58
10 15 22 29
10 16 25 67
10 17 33 40
10 18 23 43
10 19 44 54
10 21 49 56
10 26 36 57
10 27 48 59
10 28 51 60
10 32 42 52
10 37 50 53
10 38 55 62
10 40 55 64
10 41 46 65
11 12 22 38
11 13 48 61
11 15 19 24
11 17 47 60
11 18 44 47
11 20 63 66
11 25 26 52
11 27 34 43
11 28 45 64
11 29 35 40
11 30 57 65
11 33 56 59
11 49 55 67
11 53 54 58
12 13 26 60
12 14 33 54
12 17 25 37
12 18 25 61
12 21 30 43
12 23 58 59
12 24 27 50
12 26 44 48
12 28 34 57
12 29 42 66
12 31 51 56
12 32 39 40
12 45 62 65
13 14 16 27
13 15 28 56
13 17 44 52
13 19 39 59
13 20 53 64
13 22 25 47
13 22 37 44
13 23 40 49
13 24 45 63
13 29 34 55
13 33 41 42
13 36 54 66
14 15 48 67
14 17 19 51
14 22 23 45
14 24 41 49
14 25 29 43
14 31 52 59
14 35 46 65
14 39 56 66
14 50 60 63
14 53 57 61
15 16 50 54
15 18 41 53
15 20 40 51
15 21 36 38
15 25 39 63
15 26 33 64
15 31 34 47
15 32 37 49
15 42 50 55
15 44 58 62
16 18 29 65
16 19 52 56
16 20 51 57
16 22 41 63
16 23 38 46
16 24 33 47
16 26 32 34
16 28 39 48
16 30 35 44
16 60 62 66
17 18 22 26
17 20 32 41
17 24 57 67
17 31 39 54
17 35 36 59
17 38 44 61
17 42 49 53
17 43 46 62
18 20 30 56
18 21 59 63
18 23 32 52
18 31 57 66
18 33 49 50
18 36 39 45
18 37 48 60
19 20 46 61
19 21 25 42
19 23 29 30
19 26 45 66
19 27 33 67
19 34 38 50
19 37 55 58
19 40 60 65
19 43 47 64
20 21 31 60
20 23 34 48
20 24 25 36
20 26 28 58
20 29 49 52
20 33 44 65
20 35 47 67
20 42 43 54
21 26 29 51
21 27 40 61
21 32 44 55
21 34 39 46
21 35 41 56
21 37 54 67
21 49 65 66
21 52 57 62
22 24 30 40
22 27 42 46
22 32 50 66
22 33 35 57
22 34 54 62
22 36 55 56
22 39 43 53
22 52 60 61
22 59 65 67
23 26 41 50
23 28 53 67
23 31 62 63
23 35 52 54
23 37 39 57
23 42 44 64
24 28 43 52
24 35 46 66
24 48 53 55
24 56 64 65
25 28 41 59
25 30 54 64
25 32 57 58
25 38 47 48
25 45 53 56
25 49 51 62
26 27 35 55
26 31 43 49
26 37 47 61
26 42 56 62
26 46 54 63
27 28 30 62
27 31 32 67
27 38 57 64
27 39 44 51
27 41 54 60
27 45 47 49
28 29 31 36
28 37 40 46
28 47 55 66
28 54 61 65
29 33 53 63
29 39 50 61
29 56 57 60
30 32 36 63
30 38 41 45
30 46 50 52
30 48 51 66
30 49 59 60
31 35 37 45
31 40 41 44
31 42 48 65
32 35 43 61
32 38 54 56
33 36 62 67
33 37 43 66
33 45 58 61
33 46 55 60
34 36 42 60
34 41 64 66
34 45 52 67
35 38 42 63
35 39 58 64
36 40 48 64
36 47 50 65
36 51 52 58
37 38 48 52
37 51 63 65
39 41 49 58
40 43 50 59
40 47 58 63
40 52 53 66
41 51 61 67
42 45 51 57
43 48 56 63
44 50 56 67
46 47 51 53
51 54 55 59
52 55 63 64
59 61 62 64
