0 1 2 3 4 5 7 8
0 6 17 22 29 43 48 55
0 9 18 27 36 45 54 63
0 10 20 30 40 50 60 69
0 11 19 33 44 52 57 68
0 12 24 34 37 49 59 62
0 13 26 28 41 51 56 66
0 14 15 25 31 42 47 64
0 16 23 35 39 46 58 65
0 21 32 38 48 53 61 67
1 6 11 18 31 34 41 61
1 9 20 42 53 58 62 66
1 10 19 28 37 46 55 64
1 12 26 32 43 45 60 65
1 13 25 35 38 48 50 57
1 14 24 29 39 52 54 67
1 15 16 22 30 36 51 68
1 15 23 27 44 49 56 69
1 17 21 33 40 47 59 63
2 6 9 19 32 39 48 49
2 10 18 35 43 51 59 67
2 11 20 29 38 47 56 65
2 12 25 27 40 53 55 68
2 13 24 30 44 46 61 63
2 14 26 33 36 48 58 69
2 15 22 41 45 57 62 64
2 16 21 28 34 42 50 54
2 17 23 31 37 52 60 66
3 6 18 28 40 48 52 65
3 9 24 35 41 47 55 69
3 10 26 29 42 49 61 68
3 11 25 32 37 51 58 63
3 12 15 21 30 39 57 66
3 13 23 33 43 53 54 64
3 14 22 27 34 38 46 60
3 16 20 31 44 45 48 59
3 17 19 36 50 56 62 67
4 6 20 35 37 48 54 68
4 9 26 30 38 52 59 64
4 10 25 33 34 39 45 56
4 11 24 27 43 48 50 66
4 12 15 23 28 36 47 61
4 13 22 31 40 49 58 67
4 14 21 44 51 55 62 65
4 16 19 29 41 53 60 63
4 17 18 32 42 46 57 69
5 6 13 21 29 37 45 69
5 9 15 25 28 44 60 67
5 10 24 31 36 53 57 65
5 11 15 26 40 46 54 62
5 12 22 35 42 52 56 63
5 14 23 32 41 50 59 68
5 16 18 33 38 49 55 66
5 17 20 27 39 51 61 64
5 19 30 34 43 47 48 58
6 7 14 18 30 37 53 56
6 8 25 29 36 46 59 66
6 10 22 23 38 48 62 63
6 12 18 29 44 50 58 64
6 15 24 33 42 48 51 60
6 16 26 27 37 47 57 67
7 9 23 29 34 40 51 57
7 10 22 32 44 47 54 66
7 11 21 35 36 49 60 64
7 12 20 33 41 46 48 67
7 13 15 19 27 42 59 65
7 15 26 31 39 50 55 63
7 16 25 43 52 61 62 69
7 17 24 28 38 45 58 68
8 9 22 33 37 50 61 65
8 10 15 21 27 41 52 58
8 11 23 30 42 45 55 67
8 12 19 31 38 51 54 69
8 13 18 39 47 60 62 68
8 14 20 28 43 49 57 63
8 15 17 26 34 35 44 53
8 16 24 32 40 48 56 64
9 10 11 12 13 14 16 17
9 21 22 31 43 46 56 68
11 22 28 39 40 53 59 69
13 20 28 32 34 36 52 55
14 19 32 35 40 45 61 66
15 18 19 20 22 24 25 26
15 27 29 30 31 32 33 62
15 36 37 38 39 42 43 44
17 25 30 39 41 49 54 65
18 19 20 21 23 24 25 26
27 28 29 30 31 33 35 62
34 63 64 65 66 67 68 69
36 37 38 40 41 42 43 44
45 46 47 49 50 51 52 53
54 55 56 57 58 59 60 61
