0 1 3
0 2 41
0 4 41
0 5 6
0 7 48
0 8 50
0 9 10
0 11 38
0 12 69
0 13 14
0 15 25
0 16 18
0 17 46
0 19 20
0 21 43
0 22 52
0 23 24
0 26 54
0 27 44
0 28 59
0 29 30
0 31 62
0 32 51
0 33 45
0 34 42
0 35 36
0 37 47
0 39 40
0 49 55
0 53 67
0 56 61
0 57 58
0 60 68
0 63 64
0 65 66
1 2 30
1 4 55
1 5 67
1 6 41
1 7 65
1 8 42
1 9 61
1 10 58
1 11 16
1 12 21
1 13 43
1 14 52
1 15 17
1 18 64
1 19 37
1 20 28
1 22 38
1 23 25
1 24 26
1 27 29
1 31 33
1 32 34
1 35 62
1 36 60
1 39 57
1 40 50
1 44 46
1 45 66
1 47 49
1 48 69
1 51 53
1 54 59
1 56 63
1 61 68
2 3 51
2 4 68
2 5 12
2 6 32
2 7 57
2 8 52
2 9 58
2 10 56
2 11 14
2 13 55
2 15 18
2 16 61
2 17 63
2 19 60
2 20 34
2 21 29
2 22 49
2 23 28
2 24 36
2 25 40
2 26 46
2 27 34
2 31 44
2 33 67
2 35 38
2 37 53
2 39 42
2 43 69
2 45 47
2 48 54
2 50 65
2 59 62
2 64 66
3 4 12
3 5 13
3 6 64
3 7 26
3 8 67
3 9 19
3 10 14
3 11 32
3 15 33
3 16 46
3 17 21
3 18 69
3 20 41
3 22 68
3 23 27
3 24 39
3 24 61
3 25 29
3 28 35
3 30 52
3 31 38
3 34 48
3 36 50
3 37 59
3 40 44
3 42 47
3 43 63
3 45 54
3 49 53
3 55 57
3 56 60
3 58 65
3 62 66
4 5 25
4 6 50
4 7 11
4 8 30
4 9 44
4 10 13
4 14 65
4 15 20
4 16 19
4 17 22
4 18 54
4 21 49
4 23 67
4 24 27
4 26 29
4 28 62
4 31 36
4 32 35
4 33 63
4 34 37
4 38 51
4 39 52
4 40 43
4 40 60
4 42 45
4 46 57
4 47 53
4 48 64
4 56 59
4 58 61
4 66 69
5 7 31
5 8 54
5 9 11
5 10 32
5 14 16
5 15 21
5 17 19
5 18 20
5 22 37
5 23 29
5 23 48
5 24 30
5 26 28
5 27 45
5 33 35
5 34 49
5 36 64
5 38 57
5 39 41
5 40 46
5 42 44
5 43 55
5 47 65
5 50 52
5 51 61
5 53 68
5 56 62
5 58 60
5 59 66
5 63 69
6 7 17
6 8 68
6 9 12
6 10 65
6 11 67
6 13 18
6 14 49
6 15 19
6 16 21
6 20 33
6 22 44
6 23 40
6 24 29
6 25 69
6 26 27
6 28 39
6 30 66
6 31 34
6 35 37
6 36 42
6 38 56
6 39 45
6 43 54
6 46 47
6 48 53
6 51 52
6 55 62
6 57 60
6 58 63
6 59 61
7 8 44
7 9 69
7 10 62
7 12 13
7 14 66
7 15 23
7 16 27
7 18 67
7 19 68
7 20 24
7 20 63
7 21 45
7 22 36
7 25 28
7 29 34
7 30 37
7 32 40
7 33 49
7 35 42
7 38 58
7 39 43
7 41 56
7 46 50
7 47 55
7 51 59
7 52 60
7 53 61
7 54 64
8 9 14
8 10 28
8 11 62
8 12 53
8 13 38
8 15 24
8 16 38
8 17 27
8 18 60
8 19 61
8 20 43
8 21 33
8 22 64
8 23 46
8 25 66
8 26 57
8 29 59
8 31 49
8 32 39
8 34 41
8 35 65
8 36 47
8 37 69
8 40 63
8 45 58
8 48 55
8 51 56
9 13 52
9 15 28
9 16 26
9 17 23
9 18 24
9 20 30
9 21 27
9 22 48
9 25 38
9 29 68
9 31 66
9 32 42
9 33 39
9 34 40
9 35 45
9 36 53
9 37 43
9 41 46
9 47 57
9 49 55
9 50 56
9 51 64
9 53 65
9 54 60
9 59 67
9 62 63
10 11 69
10 12 27
10 15 22
10 15 26
10 16 25
10 17 47
10 18 23
10 19 30
10 20 67
10 21 64
10 24 37
10 29 60
10 31 53
10 33 40
10 34 39
10 35 46
10 36 45
10 38 43
10 41 63
10 42 51
10 44 49
10 48 57
10 50 55
10 52 61
10 54 66
10 59 68
11 12 24
11 13 57
11 15 27
11 17 39
11 18 30
11 19 23
11 20 53
11 21 25
11 22 26
11 28 44
11 29 46
11 31 43
11 33 37
11 34 55
11 35 48
11 36 63
11 40 65
11 41 45
11 42 60
11 47 59
11 49 61
11 50 66
11 51 68
11 52 56
11 54 58
11 62 64
12 14 38
12 15 16
12 17 37
12 18 29
12 19 28
12 20 23
12 22 25
12 26 66
12 30 45
12 31 48
12 32 43
12 33 44
12 34 36
12 35 56
12 39 51
12 40 61
12 41 60
12 42 58
12 44 64
12 46 55
12 47 63
12 49 50
12 52 54
12 57 67
12 59 65
12 62 68
13 15 29
13 16 30
13 17 64
13 19 58
13 20 26
13 21 53
13 22 24
13 23 35
13 25 64
13 27 48
13 28 47
13 31 45
13 32 46
13 33 41
13 34 62
13 36 40
13 37 39
13 42 65
13 44 61
13 49 59
13 50 60
13 51 69
13 54 56
13 63 66
13 67 68
14 15 30
14 17 28
14 17 57
14 18 25
14 19 26
14 20 42
14 21 59
14 22 33
14 23 63
14 24 44
14 27 64
14 29 50
14 31 46
14 32 53
14 34 43
14 35 69
14 36 41
14 37 54
14 39 60
14 40 56
14 45 62
14 47 67
14 48 61
14 51 58
14 55 68
15 31 47
15 32 48
15 34 50
15 35 51
15 36 52
15 37 49
15 38 66
15 39 55
15 40 64
15 41 42
15 43 59
15 44 60
15 45 63
15 46 62
15 53 54
15 56 58
15 57 69
15 61 65
15 67 68
16 17 56
16 20 45
16 22 53
16 23 54
16 24 34
16 28 64
16 29 47
16 30 57
16 31 67
16 32 33
16 35 52
16 36 49
16 37 44
16 39 69
16 40 55
16 41 58
16 42 68
16 43 60
16 48 66
16 50 62
16 51 65
16 59 63
17 18 53
17 20 35
17 24 62
17 25 68
17 26 55
17 29 65
17 30 48
17 31 69
17 32 50
17 33 60
17 34 67
17 36 54
17 38 42
17 40 58
17 41 49
17 43 61
17 44 51
17 45 59
17 52 66
18 19 50
18 21 35
18 22 61
18 26 44
18 27 63
18 28 49
18 31 57
18 32 66
18 33 48
18 34 47
18 36 65
18 37 52
18 37 56
18 38 68
18 39 58
18 40 45
18 41 59
18 42 55
18 43 46
18 51 62
19 21 24
19 22 27
19 25 34
19 29 41
19 31 64
19 32 52
19 33 53
19 35 47
19 36 44
19 38 54
19 39 59
19 40 48
19 42 63
19 43 56
19 45 57
19 46 51
19 48 49
19 55 66
19 62 65
19 67 69
20 21 39
20 22 29
20 25 61
20 27 65
20 31 52
20 32 59
20 36 55
20 37 64
20 38 49
20 40 51
20 44 58
20 46 60
20 47 66
20 48 68
20 50 54
20 56 57
20 62 69
21 22 63
21 23 57
21 26 40
21 28 58
21 30 62
21 31 41
21 32 54
21 34 52
21 36 37
21 38 48
21 42 67
21 44 66
21 46 69
21 47 51
21 50 63
21 55 61
21 56 68
21 60 65
22 23 69
22 28 55
22 30 34
22 31 65
22 32 57
22 35 50
22 39 62
22 40 67
22 41 43
22 42 59
22 45 56
22 46 54
22 47 58
22 51 60
22 51 66
23 26 36
23 30 33
23 31 55
23 32 56
23 34 58
23 37 61
23 38 62
23 39 47
23 41 66
23 42 50
23 43 51
23 44 52
23 45 53
23 49 65
23 59 60
23 64 68
24 25 65
24 28 43
24 31 56
24 32 68
24 33 59
24 35 60
24 38 64
24 40 47
24 41 67
24 42 49
24 45 48
24 46 58
24 50 69
24 51 54
24 52 55
24 53 63
24 57 66
25 26 46
25 27 33
25 30 43
25 31 59
25 32 55
25 32 63
25 35 58
25 36 62
25 37 50
25 39 49
25 41 52
25 42 48
25 44 54
25 45 51
25 47 56
25 53 57
25 60 67
26 30 68
26 31 58
26 32 49
26 33 56
26 34 51
26 35 43
26 37 65
26 38 59
26 39 63
26 41 48
26 42 47
26 45 52
26 50 53
26 60 69
26 61 62
26 64 67
27 28 51
27 30 32
27 31 68
27 32 36
27 35 66
27 37 57
27 38 69
27 39 61
27 40 52
27 41 53
27 42 54
27 43 47
27 46 56
27 49 60
27 50 59
27 55 58
27 62 67
28 29 56
28 30 69
28 31 60
28 32 37
28 33 65
28 34 61
28 36 46
28 38 40
28 41 54
28 42 53
28 43 48
28 45 50
28 52 67
28 57 63
28 66 68
29 31 69
29 32 38
29 32 64
29 33 61
29 35 57
29 36 58
29 37 55
29 39 66
29 40 54
29 42 52
29 43 53
29 44 62
29 45 49
29 48 67
29 51 63
30 31 51
30 35 41
30 36 56
30 38 47
30 39 54
30 40 42
30 44 53
30 46 49
30 50 67
30 55 65
30 58 59
30 60 64
30 61 63
31 32 61
31 35 40
31 37 42
31 39 50
31 54 63
32 41 62
32 44 45
32 47 60
32 58 69
32 65 67
33 34 66
33 36 43
33 38 50
33 42 46
33 45 64
33 47 54
33 51 55
33 52 69
33 57 68
33 58 62
34 35 59
34 38 60
34 44 69
34 45 68
34 46 64
34 53 56
34 54 57
34 63 65
35 39 68
35 44 63
35 49 64
35 53 55
35 54 61
35 54 67
36 38 39
36 48 59
36 51 67
36 52 57
36 61 66
36 68 69
37 38 63
37 40 68
37 41 51
37 45 46
37 48 58
37 60 62
37 66 67
38 41 55
38 44 67
38 45 61
38 46 53
38 52 65
39 44 48
39 46 65
39 53 64
39 56 67
40 41 69
40 49 66
40 53 62
40 57 59
41 44 68
41 47 61
41 50 64
41 57 65
42 43 64
42 56 66
42 57 62
42 61 69
43 44 65
43 45 67
43 49 68
43 50 57
43 52 62
43 58 66
44 47 50
44 55 59
44 56 57
45 55 60
45 65 69
46 48 52
46 59 66
46 61 67
46 63 68
47 48 62
47 52 68
47 64 69
48 50 51
48 56 65
48 60 63
49 51 57
49 52 63
49 54 62
49 56 69
49 58 67
50 58 68
50 60 61
52 53 58
52 59 64
53 59 69
53 60 66
54 55 69
54 65 68
55 56 64
55 63 67
57 61 64
58 64 65
