0 1 3 9 11
0 2 3 4 13
0 3 5 6 10
0 3 7 8 12
0 14 28 42 56
0 15 29 43 57
0 16 30 44 58
0 17 31 45 59
0 18 32 46 60
0 19 33 47 61
0 20 34 48 62
0 21 35 49 63
0 22 36 50 64
0 23 37 51 65
0 24 38 52 66
0 25 39 53 67
0 26 40 54 68
0 27 41 55 69
1 2 16 25 27
1 4 5 12 13
1 6 7 8 10
1 14 29 55 64
1 15 37 46 61
1 16 39 50 69
1 17 34 44 57
1 18 36 53 62
1 19 32 48 66
1 20 31 52 56
1 21 28 54 60
1 22 38 45 65
1 23 35 47 68
1 24 30 49 59
1 25 33 51 63
1 26 41 43 67
1 27 40 42 58
2 5 7 8 11
2 6 9 10 12
2 14 36 45 60
2 15 38 49 69
2 16 33 43 56
2 17 35 52 61
2 18 31 47 65
2 19 30 51 68
2 20 40 53 59
2 21 37 44 64
2 22 34 46 67
2 23 29 48 58
2 24 32 50 62
2 25 41 42 66
2 26 28 55 63
2 27 39 54 57
3 14 37 48 69
3 15 32 42 68
3 16 34 51 60
3 17 30 46 64
3 18 29 50 67
3 19 39 52 58
3 20 36 43 63
3 21 33 45 66
3 22 28 47 57
3 23 31 49 61
3 24 41 54 65
3 25 40 55 62
3 26 35 44 59
3 27 38 53 56
4 6 10 11 13
4 7 8 9 13
4 14 31 54 67
4 15 33 50 59
4 16 29 45 63
4 17 28 49 66
4 18 38 51 57
4 19 35 42 62
4 20 32 44 65
4 21 40 46 56
4 22 30 48 60
4 23 41 53 64
4 24 39 55 61
4 25 34 43 58
4 26 36 47 69
4 27 37 52 68
5 9 44 46 47
5 14 32 49 58
5 15 28 44 62
5 16 40 48 65
5 17 37 50 56
5 18 34 54 61
5 19 31 43 64
5 20 39 45 68
5 21 29 47 59
5 22 41 52 63
5 23 38 55 60
5 24 33 42 57
5 25 35 46 69
5 26 30 53 66
5 27 36 51 67
6 14 40 43 61
6 15 39 47 64
6 16 36 49 68
6 17 33 53 60
6 18 30 42 63
6 19 38 44 67
6 20 28 46 58
6 21 41 51 62
6 22 37 55 59
6 23 32 54 56
6 24 34 45 69
6 25 29 52 65
6 26 31 48 57
6 27 35 50 66
7 14 38 46 63
7 15 35 48 67
7 16 32 52 59
7 17 29 54 62
7 18 37 43 66
7 19 40 45 57
7 20 41 50 61
7 21 36 55 58
7 22 31 53 68
7 23 33 44 69
7 24 28 51 64
7 25 30 47 56
7 26 39 42 60
7 27 34 49 65
8 14 34 47 66
8 15 31 51 58
8 16 28 53 61
8 17 36 42 65
8 18 39 44 56
8 19 41 49 60
8 20 35 55 57
8 21 30 52 67
8 22 32 43 69
8 23 40 50 63
8 24 29 46 68
8 25 38 54 59
8 26 37 45 62
8 27 33 48 64
9 14 30 50 57
9 15 40 52 60
9 16 35 54 64
9 17 38 43 68
9 18 41 48 59
9 19 34 55 56
9 20 29 51 66
9 21 31 42 69
9 22 39 49 62
9 23 28 45 67
9 24 37 53 58
9 25 36 44 61
9 26 33 46 65
9 27 32 47 63
10 14 39 51 59
10 15 34 53 63
10 16 37 42 67
10 17 41 47 58
10 18 33 55 68
10 19 28 50 65
10 20 30 54 69
10 21 38 48 61
10 22 40 44 66
10 23 36 52 57
10 24 35 43 60
10 25 32 45 64
10 26 29 49 56
10 27 31 46 62
11 12 60 61 68
11 14 33 52 62
11 15 36 54 66
11 16 41 46 57
11 17 32 55 67
11 18 40 49 64
11 19 29 53 69
11 20 37 47 60
11 21 39 43 65
11 22 35 51 56
11 23 34 42 59
11 24 31 44 63
11 25 28 48 68
11 26 38 50 58
11 27 30 45 61
12 14 35 53 65
12 15 41 45 56
12 16 31 55 66
12 17 39 48 63
12 18 28 52 69
12 19 36 46 59
12 20 38 42 64
12 21 34 50 68
12 22 33 54 58
12 23 30 43 62
12 24 40 47 67
12 25 37 49 57
12 26 32 51 61
12 27 29 44 60
13 14 41 44 68
13 15 30 55 65
13 16 38 47 62
13 17 40 51 69
13 18 35 45 58
13 19 37 54 63
13 20 33 49 67
13 21 32 53 57
13 22 29 42 61
13 23 39 46 66
13 24 36 48 56
13 25 31 50 60
13 26 34 52 64
13 27 28 43 59
14 15 16 17 18
14 17 19 20 24
14 17 21 23 27
14 17 22 25 26
15 18 19 23 25
15 19 22 26 27
15 20 21 24 25
16 19 21 22 23
16 20 23 24 26
18 20 22 24 27
18 21 26 39 40
28 29 31 32 38
28 30 31 34 39
28 31 33 36 40
28 31 35 37 41
29 30 58 62 64
29 33 35 36 39
29 34 37 40 41
30 32 35 38 40
30 33 36 37 41
32 33 34 36 38
32 37 38 39 41
34 35 43 48 50
42 43 45 46 54
42 44 45 50 53
42 45 47 48 52
42 45 49 51 55
43 44 52 53 55
43 47 49 51 53
44 48 49 51 54
46 48 53 54 55
46 49 50 51 52
47 50 52 54 55
56 57 58 59 60
56 59 61 62 66
56 59 63 65 69
56 59 64 67 68
57 60 63 64 66
57 61 64 65 69
57 62 63 67 68
58 61 63 66 67
58 65 66 68 69
60 62 65 67 69
