0 1 24 47 53
0 2 14 18 50
0 3 19 51 54
0 4 31 32 52
0 5 6 33 66
0 7 10 25 41
0 8 22 40 67
0 9 27 63 64
0 11 39 44 48
0 12 38 56 62
0 13 21 37 46
0 15 55 58 68
0 16 29 30 59
0 17 34 61 65
0 20 23 35 57
0 26 28 36 42
0 30 61 69 70
0 43 45 49 60
1 2 25 26 27
1 3 49 59 68
1 4 20 36 65
1 4 26 69 70
1 5 17 31 50
1 6 9 10 11
1 7 30 39 58
1 8 21 23 64
1 12 14 22 42
1 13 19 28 45
1 15 32 60 61
1 16 41 54 66
1 18 38 46 48
1 29 51 56 63
1 33 43 52 55
1 34 35 37 40
1 44 57 62 67
2 3 23 43 53
2 4 37 39 51
2 5 10 16 67
2 6 24 46 54
2 7 20 29 31
2 8 12 52 69
2 9 36 55 62
2 11 38 45 65
2 12 52 59 70
2 13 42 57 63
2 15 28 56 64
2 17 21 33 44
2 19 48 58 66
2 22 34 60 68
2 30 32 40 41
2 35 47 49 61
3 4 14 38 67
3 5 27 48 61
3 6 20 34 44
3 7 8 17 18
3 9 15 42 46
3 10 40 56 58
3 11 47 52 60
3 12 33 39 64
3 13 15 69 70
3 13 26 32 35
3 16 21 25 36
3 22 29 45 55
3 24 41 50 62
3 28 31 37 57
3 30 63 65 66
4 5 15 18 63
4 6 26 45 58
4 7 9 40 53
4 8 11 16 42
4 10 13 50 59
4 12 27 34 54
4 17 43 46 56
4 19 25 29 47
4 21 49 62 66
4 22 35 48 64
4 23 28 41 68
4 24 33 57 60
4 30 44 55 61
5 7 24 32 55
5 8 28 29 70
5 9 34 57 59
5 11 35 51 68
5 12 21 40 45
5 13 39 47 62
5 14 41 52 58
5 19 26 37 49
5 20 46 60 64
5 22 36 38 53
5 23 25 44 56
5 28 29 65 69
5 30 42 43 54
6 7 23 50 61
6 8 13 30 38
6 12 16 28 47
6 14 32 63 68
6 15 22 49 52
6 17 25 51 64
6 18 53 55 65
6 19 21 35 39
6 21 41 56 69
6 27 31 39 59
6 29 37 43 62
6 36 40 48 57
6 42 60 67 70
7 10 34 64 69
7 11 27 28 62
7 12 46 49 67
7 13 16 22 65
7 14 33 35 54
7 15 47 48 59
7 19 34 38 70
7 21 26 43 51
7 36 37 60 63
7 42 44 52 68
7 45 56 57 66
8 9 24 26 56
8 10 54 55 57
8 14 34 39 43
8 15 35 36 66
8 19 33 61 62
8 19 59 64 65
8 20 32 53 58
8 25 31 48 49
8 27 37 47 68
8 41 45 46 63
8 44 50 51 60
9 12 29 35 50
9 13 48 54 60
9 14 44 49 65
9 16 19 20 52
9 17 66 67 68
9 18 28 43 61
9 21 38 47 58
9 22 33 37 41
9 23 30 31 51
9 25 32 39 45
9 36 50 69 70
10 12 26 30 60
10 14 15 19 23
10 17 24 35 45
10 18 37 52 66
10 20 39 49 63
10 21 22 28 32
10 27 36 43 44
10 29 34 48 53
10 31 33 46 47
10 38 42 51 61
10 62 65 68 70
11 12 23 37 55
11 13 41 61 64
11 14 17 26 59
11 15 20 21 54
11 18 24 29 40
11 19 30 46 57
11 22 31 43 66
11 25 33 53 63
11 25 47 69 70
11 32 34 49 56
11 36 50 58 67
12 13 44 53 66
12 15 24 51 65
12 17 19 32 36
12 18 25 57 68
12 20 41 43 48
12 31 58 61 63
13 14 24 31 36
13 15 25 43 67
13 17 27 29 52
13 18 23 34 58
13 20 33 56 68
13 40 49 51 55
14 16 37 48 56
14 20 27 30 45
14 20 32 69 70
14 21 29 57 61
14 25 28 40 60
14 46 51 53 62
14 47 55 64 66
15 16 39 50 57
15 17 30 37 53
15 26 29 41 44
15 27 33 38 40
15 31 34 45 62
16 17 58 60 62
16 18 32 33 51
16 23 24 27 49
16 26 34 46 55
16 31 40 44 64
16 35 38 43 63
16 45 53 61 68
16 48 49 69 70
17 20 40 42 47
17 22 23 39 54
17 28 48 55 63
17 37 44 69 70
17 38 41 49 57
18 19 27 41 42
18 20 22 26 62
18 21 55 59 67
18 30 36 49 64
18 31 35 56 70
18 39 60 65 69
18 44 45 47 54
19 22 24 44 63
19 31 53 67 69
19 31 55 56 60
19 40 43 50 68
20 24 37 61 67
20 25 38 50 55
20 28 51 59 66
21 24 30 48 68
21 27 53 60 70
21 31 41 42 65
21 34 50 52 63
22 25 46 59 61
22 27 51 57 58
22 30 47 50 56
22 46 57 69 70
23 24 45 69 70
23 26 47 63 67
23 29 38 60 66
23 32 42 48 62
23 33 36 45 59
23 40 46 52 65
24 25 34 42 66
24 28 38 39 52
24 43 58 59 69
24 43 58 64 70
25 30 35 52 62
25 37 54 58 65
26 31 38 54 68
26 33 48 50 65
26 39 40 61 66
26 52 53 57 64
27 32 46 50 66
27 35 42 55 69
27 35 56 65 67
28 30 33 34 67
28 35 44 46 58
28 49 50 53 54
29 32 54 64 67
29 33 42 49 58
29 36 39 46 68
32 37 38 44 59
32 43 47 57 65
33 40 66 69 70
34 36 41 47 51
35 41 53 59 60
36 52 54 56 61
37 42 45 50 64
38 62 64 68 69
39 41 55 67 70
39 42 53 56 59
40 54 59 62 63
45 48 51 52 67
51 54 63 69 70
