0 1 9 33 38
0 2 13 16 60
0 3 47 51 53
0 4 6 17 20
0 5 31 32 40
0 7 19 41 68
0 8 32 37 63
0 10 25 46 64
0 11 14 58 62
0 12 34 57 69
0 15 36 54 70
0 18 28 43 66
0 21 39 49 71
0 22 45 52 65
0 23 30 42 67
0 24 29 55 56
0 26 27 35 59
0 44 48 50 61
0 66 67 68 71
1 2 10 34 39
1 3 14 17 61
1 4 48 52 54
1 5 7 18 21
1 6 32 33 41
1 8 20 42 69
1 11 26 47 65
1 12 15 59 63
1 13 35 58 70
1 16 37 55 71
1 19 29 44 67
1 22 40 50 64
1 23 46 53 66
1 24 31 43 68
1 25 30 56 57
1 27 28 36 60
1 45 49 51 62
2 3 11 35 40
2 4 15 18 62
2 5 49 53 55
2 6 8 19 22
2 7 33 34 42
2 9 21 43 70
2 12 27 48 66
2 14 36 59 71
2 17 38 56 64
2 20 30 45 68
2 23 41 51 65
2 24 47 54 67
2 25 32 44 69
2 26 31 57 58
2 28 29 37 61
2 46 50 52 63
3 4 12 36 41
3 5 16 19 63
3 6 50 54 56
3 7 9 20 23
3 8 34 35 43
3 10 22 44 71
3 13 28 49 67
3 15 37 60 64
3 18 39 57 65
3 21 31 46 69
3 24 42 52 66
3 25 48 55 68
3 26 33 45 70
3 27 32 58 59
3 29 30 38 62
4 5 13 37 42
4 7 51 55 57
4 8 10 21 24
4 9 35 36 44
4 11 23 45 64
4 14 29 50 68
4 16 38 61 65
4 19 40 58 66
4 22 32 47 70
4 25 43 53 67
4 26 49 56 69
4 27 34 46 71
4 28 33 59 60
4 30 31 39 63
5 6 14 38 43
5 8 52 56 58
5 9 11 22 25
5 10 36 37 45
5 12 24 46 65
5 15 30 51 69
5 17 39 62 66
5 20 41 59 67
5 23 33 48 71
5 26 44 54 68
5 27 50 57 70
5 28 35 47 64
5 29 34 60 61
6 7 15 39 44
6 9 53 57 59
6 10 12 23 26
6 11 37 38 46
6 13 25 47 66
6 16 31 52 70
6 18 40 63 67
6 21 42 60 68
6 24 34 49 64
6 27 45 55 69
6 28 51 58 71
6 29 36 48 65
6 30 35 61 62
7 8 16 40 45
7 10 54 58 60
7 11 13 24 27
7 12 38 39 47
7 14 26 48 67
7 17 32 53 71
7 22 43 61 69
7 25 35 50 65
7 28 46 56 70
7 29 52 59 64
7 30 37 49 66
7 31 36 62 63
8 9 17 41 46
8 11 55 59 61
8 12 14 25 28
8 13 39 40 48
8 15 27 49 68
8 18 33 54 64
8 23 44 62 70
8 26 36 51 66
8 29 47 57 71
8 30 53 60 65
8 31 38 50 67
9 10 18 42 47
9 12 56 60 62
9 13 15 26 29
9 14 40 41 49
9 16 28 50 69
9 19 34 55 65
9 24 45 63 71
9 27 37 52 67
9 30 48 58 64
9 31 54 61 66
9 32 39 51 68
10 11 19 43 48
10 13 57 61 63
10 14 16 27 30
10 15 41 42 50
10 17 29 51 70
10 20 35 56 66
10 28 38 53 68
10 31 49 59 65
10 32 55 62 67
10 33 40 52 69
11 12 20 44 49
11 15 17 28 31
11 16 42 43 51
11 18 30 52 71
11 21 36 57 67
11 29 39 54 69
11 32 50 60 66
11 33 56 63 68
11 34 41 53 70
12 13 21 45 50
12 16 18 29 32
12 17 43 44 52
12 19 31 53 64
12 22 37 58 68
12 30 40 55 70
12 33 51 61 67
12 35 42 54 71
13 14 22 46 51
13 17 19 30 33
13 18 44 45 53
13 20 32 54 65
13 23 38 59 69
13 31 41 56 71
13 34 52 62 68
13 36 43 55 64
14 15 23 47 52
14 18 20 31 34
14 19 45 46 54
14 21 33 55 66
14 24 39 60 70
14 32 42 57 64
14 35 53 63 69
14 37 44 56 65
15 16 24 48 53
15 19 21 32 35
15 20 46 47 55
15 22 34 56 67
15 25 40 61 71
15 33 43 58 65
15 38 45 57 66
16 17 25 49 54
16 20 22 33 36
16 21 47 48 56
16 23 35 57 68
16 26 41 62 64
16 34 44 59 66
16 39 46 58 67
17 18 26 50 55
17 21 23 34 37
17 22 48 49 57
17 24 36 58 69
17 27 42 63 65
17 35 45 60 67
17 40 47 59 68
18 19 27 51 56
18 22 24 35 38
18 23 49 50 58
18 25 37 59 70
18 36 46 61 68
18 41 48 60 69
19 20 28 52 57
19 23 25 36 39
19 24 50 51 59
19 26 38 60 71
19 37 47 62 69
19 42 49 61 70
20 21 29 53 58
20 24 26 37 40
20 25 51 52 60
20 27 39 61 64
20 38 48 63 70
20 43 50 62 71
21 22 30 54 59
21 25 27 38 41
21 26 52 53 61
21 28 40 62 65
21 44 51 63 64
22 23 31 55 60
22 26 28 39 42
22 27 53 54 62
22 29 41 63 66
23 24 32 56 61
23 27 29 40 43
23 28 54 55 63
24 25 33 57 62
24 28 30 41 44
25 26 34 58 63
25 29 31 42 45
26 30 32 43 46
27 31 33 44 47
28 32 34 45 48
29 33 35 46 49
30 34 36 47 50
31 35 37 48 51
32 36 38 49 52
33 37 39 50 53
34 38 40 51 54
35 39 41 52 55
36 40 42 53 56
37 41 43 54 57
38 42 44 55 58
39 43 45 56 59
40 44 46 57 60
41 45 47 58 61
42 46 48 59 62
43 47 49 60 63
64 65 66 67 68
64 65 69 70 71
66 67 68 69 70
