0 1 3 10 70
0 2 8 13 71
0 4 5 7 73
0 6 9 11 12
0 14 28 42 56
0 15 29 43 57
0 16 30 44 58
0 17 31 45 59
0 18 32 46 60
0 19 33 47 61
0 20 34 48 62
0 21 35 49 63
0 22 36 50 64
0 23 37 51 65
0 24 38 52 66
0 25 39 53 67
0 26 40 54 68
0 27 41 55 69
0 46 51 55 72
1 2 4 6 72
1 2 10 12 73
1 4 5 11 13
1 7 8 9 71
1 14 29 55 64
1 15 37 46 61
1 16 39 50 69
1 17 34 44 57
1 18 36 53 62
1 19 32 48 66
1 20 31 52 56
1 21 28 54 60
1 22 38 45 65
1 23 35 47 68
1 24 30 49 59
1 25 33 51 63
1 26 41 43 67
1 27 40 42 58
2 3 5 9 72
2 3 7 11 70
2 14 36 45 60
2 15 38 49 69
2 16 33 43 56
2 17 35 52 61
2 18 31 47 65
2 19 30 51 68
2 20 40 53 59
2 21 37 44 64
2 22 34 46 67
2 23 29 48 58
2 24 32 50 62
2 25 41 42 66
2 26 28 55 63
2 27 39 54 57
3 4 8 12 71
3 6 13 17 73
3 14 37 48 69
3 15 32 42 68
3 16 34 51 60
3 17 30 46 64
3 18 29 50 67
3 19 39 52 58
3 20 36 43 63
3 21 33 45 66
3 22 28 47 57
3 23 31 49 61
3 24 41 54 65
3 25 40 55 62
3 26 35 44 59
3 27 38 53 56
4 9 10 13 70
4 14 31 54 67
4 15 33 50 59
4 16 29 45 63
4 17 28 49 66
4 18 38 51 57
4 19 35 42 62
4 20 32 44 65
4 21 40 46 56
4 22 30 48 60
4 23 41 53 64
4 24 39 55 61
4 25 34 43 58
4 26 36 47 69
4 27 37 52 68
5 6 7 10 71
5 6 8 12 70
5 14 32 49 58
5 15 28 44 62
5 16 40 48 65
5 17 37 50 56
5 18 34 54 61
5 19 31 43 64
5 20 39 45 68
5 21 29 47 59
5 22 41 52 63
5 23 38 55 60
5 24 33 42 57
5 25 35 46 69
5 26 30 53 66
5 27 36 51 67
6 14 40 43 61
6 15 39 47 64
6 16 36 49 68
6 17 33 53 60
6 18 30 42 63
6 19 38 44 67
6 20 28 46 58
6 21 41 51 62
6 22 37 55 59
6 23 32 54 56
6 24 34 45 69
6 25 29 52 65
6 26 31 48 57
6 27 35 50 66
7 12 13 52 72
7 14 38 46 63
7 15 35 48 67
7 16 32 52 59
7 17 29 54 62
7 18 37 43 66
7 19 40 45 57
7 20 41 50 61
7 21 36 55 58
7 22 31 53 68
7 23 33 44 69
7 24 28 51 64
7 25 30 47 56
7 26 39 42 60
7 27 34 49 65
8 10 11 72 73
8 14 34 47 66
8 15 31 51 58
8 16 28 53 61
8 17 36 42 65
8 18 39 44 56
8 19 41 49 60
8 20 35 55 57
8 21 30 52 67
8 22 32 43 69
8 23 40 50 63
8 24 29 46 68
8 25 38 54 59
8 26 37 45 62
8 27 33 48 64
9 14 30 50 57
9 15 40 52 60
9 16 35 54 64
9 17 38 43 68
9 18 41 48 59
9 19 34 55 56
9 20 29 51 66
9 21 31 42 69
9 22 39 49 62
9 23 28 45 67
9 24 37 53 58
9 25 36 44 61
9 26 33 46 65
9 27 32 47 63
9 44 48 55 73
10 14 39 51 59
10 15 34 53 63
10 16 37 42 67
10 17 41 47 58
10 18 33 55 68
10 19 28 50 65
10 20 30 54 69
10 21 38 48 61
10 22 40 44 66
10 23 36 52 57
10 24 35 43 60
10 25 32 45 64
10 26 29 49 56
10 27 31 46 62
11 14 33 52 62
11 15 36 54 66
11 16 41 46 57
11 17 32 55 67
11 18 40 49 64
11 19 29 53 69
11 20 37 47 60
11 21 39 43 65
11 22 35 51 56
11 23 34 42 59
11 24 31 44 63
11 25 28 48 68
11 26 38 50 58
11 27 30 45 61
11 59 65 68 71
12 14 35 53 65
12 15 41 45 56
12 16 31 55 66
12 17 39 48 63
12 18 28 52 69
12 19 36 46 59
12 20 38 42 64
12 21 34 50 68
12 22 33 54 58
12 23 30 43 62
12 24 40 47 67
12 25 37 49 57
12 26 32 51 61
12 27 29 44 60
13 14 41 44 68
13 15 30 55 65
13 16 38 47 62
13 17 40 51 69
13 18 35 45 58
13 19 37 54 63
13 20 33 49 67
13 21 32 53 57
13 22 29 42 61
13 23 39 46 66
13 24 36 48 56
13 25 31 50 60
13 26 34 52 64
13 27 28 43 59
14 15 22 23 71
14 16 21 26 70
14 17 18 70 72
14 19 27 37 73
14 20 24 25 71
15 16 17 24 25
15 18 20 21 73
15 19 23 24 70
15 24 26 27 72
16 18 19 27 71
16 20 22 23 72
16 60 66 69 73
17 19 20 22 26
17 21 23 27 71
18 21 22 24 73
18 23 25 26 73
19 21 25 58 72
20 22 25 27 70
26 42 46 54 71
28 29 30 39 41
28 29 36 37 72
28 30 35 40 70
28 31 33 34 38
28 32 39 71 73
29 31 34 35 73
29 32 38 43 70
29 33 36 40 71
30 31 32 33 37
30 34 57 71 72
30 36 38 40 73
31 32 40 41 72
31 36 39 70 71
32 34 35 36 41
33 35 38 39 72
33 41 49 70 73
34 37 39 40 70
35 37 38 41 71
42 43 51 52 73
42 44 47 50 72
42 45 47 55 70
42 48 49 53 72
43 44 45 54 72
43 46 47 48 49
43 50 53 55 71
44 45 49 51 71
44 46 52 53 70
45 46 50 53 73
45 47 48 52 71
47 51 53 54 73
48 50 51 54 70
49 50 52 54 55
56 57 59 60 70
56 58 61 68 73
56 61 62 66 71
56 63 64 69 71
56 65 66 67 72
57 58 59 64 66
57 61 67 68 69
57 62 63 65 73
58 60 63 67 71
58 62 65 69 70
59 61 63 69 72
59 62 64 67 73
60 61 64 65 70
60 62 64 68 72
63 66 67 68 70
