0 1 2 3 28 37 38 39 40 65
0 4 12 22 29 37 41 49 59 66
0 5 16 25 30 37 42 53 62 67
0 6 17 26 31 37 43 54 63 68
0 7 13 23 32 37 44 50 60 69
0 8 20 24 33 37 45 57 61 70
0 9 21 27 34 37 46 58 64 71
0 10 14 18 35 37 47 51 55 72
0 11 15 19 36 37 48 52 56 73
1 4 15 23 31 38 41 52 60 68
1 5 18 27 32 38 42 55 64 69
1 6 19 24 29 38 43 56 61 66
1 7 14 22 30 38 44 51 59 67
1 8 12 17 34 38 45 49 54 71
1 9 13 16 33 38 46 50 53 70
1 10 20 25 36 38 47 57 62 73
1 11 21 26 35 38 48 58 63 72
2 4 19 27 33 39 41 56 64 70
2 5 12 21 36 39 42 49 58 73
2 6 13 20 35 39 43 50 57 72
2 7 18 24 34 39 44 55 61 71
2 8 22 25 31 39 45 59 62 68
2 9 23 26 30 39 46 60 63 67
2 10 15 16 29 39 47 52 53 66
2 11 14 17 32 39 48 51 54 69
3 4 17 25 35 40 41 54 62 72
3 5 15 20 34 40 42 52 57 71
3 6 14 21 33 40 43 51 58 70
3 7 16 26 36 40 44 53 63 73
3 8 13 19 30 40 45 50 56 67
3 9 12 18 31 40 46 49 55 68
3 10 22 24 32 40 47 59 61 69
3 11 23 27 29 40 48 60 64 66
4 5 6 7 28 41 42 43 44 65
4 8 16 21 32 41 45 53 58 69
4 9 14 24 36 41 46 51 61 73
4 10 13 26 34 41 47 50 63 71
4 11 18 20 30 41 48 55 57 67
5 8 14 26 29 42 45 51 63 66
5 9 19 22 35 42 46 56 59 72
5 10 17 23 33 42 47 54 60 70
5 11 13 24 31 42 48 50 61 68
6 8 18 23 36 43 45 55 60 73
6 9 15 25 32 43 46 52 62 69
6 10 12 27 30 43 47 49 64 67
6 11 16 22 34 43 48 53 59 71
7 8 15 27 35 44 45 52 64 72
7 9 17 20 29 44 46 54 57 66
7 10 19 21 31 44 47 56 58 68
7 11 12 25 33 44 48 49 62 70
8 9 10 11 28 45 46 47 48 65
12 13 14 15 28 49 50 51 52 65
12 16 23 24 35 49 53 60 61 72
12 19 20 26 32 49 56 57 63 69
13 17 22 27 36 50 54 59 64 73
13 18 21 25 29 50 55 58 62 66
14 16 20 27 31 51 53 57 64 68
14 19 23 25 34 51 56 60 62 71
15 17 21 24 30 52 54 58 61 67
15 18 22 26 33 52 55 59 63 70
16 17 18 19 28 53 54 55 56 65
20 21 22 23 28 57 58 59 60 65
24 25 26 27 28 61 62 63 64 65
28 29 30 31 32 65 66 67 68 69
28 33 34 35 36 65 70 71 72 73
29 30 31 33 34 66 67 68 70 71
29 30 31 35 36 66 67 68 72 73
32 33 34 35 36 69 70 71 72 73
