0 1 2 76
0 1 3 7
0 2 6 74
0 4 72 73
0 5 13 29
0 8 24 70
0 9 26 41
0 10 30 48
0 11 33 47
0 12 31 52
0 14 42 53
0 15 49 58
0 16 62 67
0 17 32 66
0 18 45 55
0 19 40 63
0 20 38 65
0 21 44 56
0 22 36 64
0 23 35 54
0 25 50 75
0 27 37 57
0 28 39 61
0 34 43 60
0 46 51 59
0 68 69 71
1 2 4 8
1 5 73 74
1 6 14 30
1 9 25 71
1 10 27 42
1 11 31 49
1 12 34 48
1 13 32 53
1 15 43 54
1 16 50 59
1 17 63 68
1 18 33 67
1 19 46 56
1 20 41 64
1 21 39 66
1 22 45 57
1 23 37 65
1 24 36 55
1 26 51 75
1 28 38 58
1 29 40 62
1 35 44 61
1 47 52 60
1 69 70 72
2 3 5 9
2 7 15 31
2 10 26 72
2 11 28 43
2 12 32 50
2 13 35 49
2 14 33 54
2 16 44 55
2 17 51 60
2 18 64 69
2 19 34 68
2 20 47 57
2 21 42 65
2 22 40 67
2 23 46 58
2 24 38 66
2 25 37 56
2 27 52 75
2 29 39 59
2 30 41 63
2 36 45 62
2 48 53 61
2 70 71 73
3 4 5 76
3 4 6 10
3 8 16 32
3 11 27 73
3 12 29 44
3 13 33 51
3 14 36 50
3 15 34 55
3 17 45 56
3 18 52 61
3 19 65 70
3 20 35 69
3 21 48 58
3 22 43 66
3 23 41 68
3 24 47 59
3 25 39 67
3 26 38 57
3 28 53 75
3 30 40 60
3 31 42 64
3 37 46 63
3 49 54 62
3 71 72 74
4 5 7 11
4 9 17 33
4 12 28 74
4 13 30 45
4 14 34 52
4 15 37 51
4 16 35 56
4 18 46 57
4 19 53 62
4 20 66 71
4 21 36 70
4 22 49 59
4 23 44 67
4 24 42 69
4 25 48 60
4 26 40 68
4 27 39 58
4 29 54 75
4 31 41 61
4 32 43 65
4 38 47 64
4 50 55 63
5 6 8 12
5 10 18 34
5 14 31 46
5 15 35 53
5 16 38 52
5 17 36 57
5 19 47 58
5 20 54 63
5 21 67 72
5 22 37 71
5 23 50 60
5 24 45 68
5 25 43 70
5 26 49 61
5 27 41 69
5 28 40 59
5 30 55 75
5 32 42 62
5 33 44 66
5 39 48 65
5 51 56 64
6 7 8 76
6 7 9 13
6 11 19 35
6 15 32 47
6 16 36 54
6 17 39 53
6 18 37 58
6 20 48 59
6 21 55 64
6 22 68 73
6 23 38 72
6 24 51 61
6 25 46 69
6 26 44 71
6 27 50 62
6 28 42 70
6 29 41 60
6 31 56 75
6 33 43 63
6 34 45 67
6 40 49 66
6 52 57 65
7 8 10 14
7 12 20 36
7 16 33 48
7 17 37 55
7 18 40 54
7 19 38 59
7 21 49 60
7 22 56 65
7 23 69 74
7 24 39 73
7 25 52 62
7 26 47 70
7 27 45 72
7 28 51 63
7 29 43 71
7 30 42 61
7 32 57 75
7 34 44 64
7 35 46 68
7 41 50 67
7 53 58 66
8 9 11 15
8 13 21 37
8 17 34 49
8 18 38 56
8 19 41 55
8 20 39 60
8 22 50 61
8 23 57 66
8 25 40 74
8 26 53 63
8 27 48 71
8 28 46 73
8 29 52 64
8 30 44 72
8 31 43 62
8 33 58 75
8 35 45 65
8 36 47 69
8 42 51 68
8 54 59 67
9 10 11 76
9 10 12 16
9 14 22 38
9 18 35 50
9 19 39 57
9 20 42 56
9 21 40 61
9 23 51 62
9 24 58 67
9 27 54 64
9 28 49 72
9 29 47 74
9 30 53 65
9 31 45 73
9 32 44 63
9 34 59 75
9 36 46 66
9 37 48 70
9 43 52 69
9 55 60 68
10 11 13 17
10 15 23 39
10 19 36 51
10 20 40 58
10 21 43 57
10 22 41 62
10 24 52 63
10 25 59 68
10 28 55 65
10 29 50 73
10 31 54 66
10 32 46 74
10 33 45 64
10 35 60 75
10 37 47 67
10 38 49 71
10 44 53 70
10 56 61 69
11 12 14 18
11 16 24 40
11 20 37 52
11 21 41 59
11 22 44 58
11 23 42 63
11 25 53 64
11 26 60 69
11 29 56 66
11 30 51 74
11 32 55 67
11 34 46 65
11 36 61 75
11 38 48 68
11 39 50 72
11 45 54 71
11 57 62 70
12 13 14 76
12 13 15 19
12 17 25 41
12 21 38 53
12 22 42 60
12 23 45 59
12 24 43 64
12 26 54 65
12 27 61 70
12 30 57 67
12 33 56 68
12 35 47 66
12 37 62 75
12 39 49 69
12 40 51 73
12 46 55 72
12 58 63 71
13 14 16 20
13 18 26 42
13 22 39 54
13 23 43 61
13 24 46 60
13 25 44 65
13 27 55 66
13 28 62 71
13 31 58 68
13 34 57 69
13 36 48 67
13 38 63 75
13 40 50 70
13 41 52 74
13 47 56 73
13 59 64 72
14 15 17 21
14 19 27 43
14 23 40 55
14 24 44 62
14 25 47 61
14 26 45 66
14 28 56 67
14 29 63 72
14 32 59 69
14 35 58 70
14 37 49 68
14 39 64 75
14 41 51 71
14 48 57 74
14 60 65 73
15 16 17 76
15 16 18 22
15 20 28 44
15 24 41 56
15 25 45 63
15 26 48 62
15 27 46 67
15 29 57 68
15 30 64 73
15 33 60 70
15 36 59 71
15 38 50 69
15 40 65 75
15 42 52 72
15 61 66 74
16 17 19 23
16 21 29 45
16 25 42 57
16 26 46 64
16 27 49 63
16 28 47 68
16 30 58 69
16 31 65 74
16 34 61 71
16 37 60 72
16 39 51 70
16 41 66 75
16 43 53 73
17 18 20 24
17 22 30 46
17 26 43 58
17 27 47 65
17 28 50 64
17 29 48 69
17 31 59 70
17 35 62 72
17 38 61 73
17 40 52 71
17 42 67 75
17 44 54 74
18 19 20 76
18 19 21 25
18 23 31 47
18 27 44 59
18 28 48 66
18 29 51 65
18 30 49 70
18 32 60 71
18 36 63 73
18 39 62 74
18 41 53 72
18 43 68 75
19 20 22 26
19 24 32 48
19 28 45 60
19 29 49 67
19 30 52 66
19 31 50 71
19 33 61 72
19 37 64 74
19 42 54 73
19 44 69 75
20 21 23 27
20 25 33 49
20 29 46 61
20 30 50 68
20 31 53 67
20 32 51 72
20 34 62 73
20 43 55 74
20 45 70 75
21 22 23 76
21 22 24 28
21 26 34 50
21 30 47 62
21 31 51 69
21 32 54 68
21 33 52 73
21 35 63 74
21 46 71 75
22 23 25 29
22 27 35 51
22 31 48 63
22 32 52 70
22 33 55 69
22 34 53 74
22 47 72 75
23 24 26 30
23 28 36 52
23 32 49 64
23 33 53 71
23 34 56 70
23 48 73 75
24 25 26 76
24 25 27 31
24 29 37 53
24 33 50 65
24 34 54 72
24 35 57 71
24 49 74 75
25 26 28 32
25 30 38 54
25 34 51 66
25 35 55 73
25 36 58 72
26 27 29 33
26 31 39 55
26 35 52 67
26 36 56 74
26 37 59 73
27 28 29 76
27 28 30 34
27 32 40 56
27 36 53 68
27 38 60 74
28 29 31 35
28 33 41 57
28 37 54 69
29 30 32 36
29 34 42 58
29 38 55 70
30 31 32 76
30 31 33 37
30 35 43 59
30 39 56 71
31 32 34 38
31 36 44 60
31 40 57 72
32 33 35 39
32 37 45 61
32 41 58 73
33 34 35 76
33 34 36 40
33 38 46 62
33 42 59 74
34 35 37 41
34 39 47 63
35 36 38 42
35 40 48 64
36 37 38 76
36 37 39 43
36 41 49 65
37 38 40 44
37 42 50 66
38 39 41 45
38 43 51 67
39 40 41 76
39 40 42 46
39 44 52 68
40 41 43 47
40 45 53 69
41 42 44 48
41 46 54 70
42 43 44 76
42 43 45 49
42 47 55 71
43 44 46 50
43 48 56 72
44 45 47 51
44 49 57 73
45 46 47 76
45 46 48 52
45 50 58 74
46 47 49 53
47 48 50 54
48 49 50 76
48 49 51 55
49 50 52 56
50 51 53 57
51 52 53 76
51 52 54 58
52 53 55 59
53 54 56 60
54 55 56 76
54 55 57 61
55 56 58 62
56 57 59 63
57 58 59 76
57 58 60 64
58 59 61 65
59 60 62 66
60 61 62 76
60 61 63 67
61 62 64 68
62 63 65 69
63 64 65 76
63 64 66 70
64 65 67 71
65 66 68 72
66 67 68 76
66 67 69 73
67 68 70 74
69 70 71 76
72 73 74 76
73 74 75 76
