0 1 33
0 2 41
0 3 15
0 4 21
0 5 20
0 6 31
0 7 22
0 8 13
0 9 10
0 11 66
0 12 73
0 14 54
0 16 71
0 17 64
0 18 53
0 19 61
0 23 75
0 24 36
0 25 38
0 26 76
0 27 50
0 28 49
0 29 39
0 30 37
0 32 52
0 34 42
0 35 40
0 43 68
0 44 57
0 45 60
0 46 59
0 47 48
0 51 65
0 55 56
0 58 77
0 62 70
0 63 72
0 67 74
0 69 78
1 2 32
1 3 14
1 4 38
1 5 29
1 6 51
1 7 61
1 8 55
1 9 43
1 10 35
1 11 12
1 13 52
1 15 53
1 16 65
1 17 62
1 18 77
1 19 21
1 20 30
1 22 31
1 23 63
1 24 50
1 25 59
1 26 27
1 28 58
1 34 73
1 36 68
1 37 75
1 39 60
1 40 57
1 41 54
1 42 72
1 44 69
1 45 74
1 46 48
1 47 49
1 56 64
1 66 67
1 70 71
1 76 78
2 3 53
2 4 74
2 5 8
2 6 62
2 7 10
2 9 50
2 11 56
2 12 13
2 14 26
2 15 47
2 16 19
2 17 45
2 18 76
2 20 57
2 21 31
2 22 38
2 23 48
2 24 25
2 27 65
2 28 51
2 29 33
2 30 68
2 34 58
2 35 59
2 36 37
2 39 77
2 40 46
2 42 69
2 43 75
2 44 78
2 49 52
2 54 55
2 60 61
2 63 64
2 66 71
2 67 70
2 72 73
3 4 62
3 5 67
3 6 57
3 7 16
3 8 25
3 9 35
3 10 24
3 11 51
3 12 54
3 13 37
3 17 76
3 18 27
3 19 44
3 20 29
3 21 52
3 22 73
3 23 64
3 26 30
3 28 72
3 31 70
3 32 36
3 33 74
3 34 61
3 38 66
3 39 78
3 40 47
3 41 45
3 42 68
3 43 77
3 46 50
3 48 56
3 49 60
3 55 59
3 58 63
3 65 69
3 71 75
4 5 24
4 6 33
4 7 48
4 8 11
4 9 73
4 10 31
4 12 27
4 13 72
4 14 77
4 15 41
4 16 37
4 17 22
4 18 64
4 19 23
4 20 65
4 25 46
4 26 40
4 28 67
4 29 66
4 30 32
4 34 57
4 35 78
4 36 55
4 39 68
4 42 45
4 43 71
4 44 63
4 47 69
4 49 54
4 50 53
4 51 60
4 52 58
4 56 59
4 61 70
4 75 76
5 6 70
5 7 40
5 9 11
5 10 48
5 12 19
5 13 21
5 14 34
5 15 60
5 16 22
5 17 47
5 18 65
5 23 61
5 25 27
5 26 43
5 28 74
5 30 64
5 31 76
5 32 57
5 33 41
5 35 45
5 36 72
5 37 44
5 38 59
5 39 42
5 46 54
5 49 62
5 50 55
5 51 53
5 52 56
5 58 71
5 63 69
5 66 68
5 73 78
5 75 77
6 7 14
6 8 15
6 9 12
6 10 11
6 13 28
6 16 63
6 17 41
6 18 66
6 19 39
6 20 27
6 21 53
6 22 25
6 23 58
6 24 55
6 26 37
6 29 30
6 32 65
6 34 71
6 35 38
6 36 47
6 40 44
6 42 52
6 43 67
6 45 77
6 46 78
6 48 73
6 49 50
6 54 60
6 56 61
6 59 76
6 64 69
6 68 75
6 72 74
7 8 35
7 9 45
7 11 68
7 12 50
7 13 20
7 15 52
7 17 25
7 18 26
7 19 32
7 21 75
7 23 38
7 24 72
7 27 43
7 28 30
7 29 58
7 31 57
7 33 65
7 34 77
7 36 73
7 37 78
7 39 56
7 41 60
7 42 67
7 44 55
7 46 70
7 47 53
7 49 69
7 51 59
7 54 64
7 62 76
7 63 71
7 66 74
8 9 67
8 10 22
8 12 51
8 14 41
8 16 23
8 17 61
8 18 20
8 19 33
8 21 42
8 24 43
8 26 54
8 27 64
8 28 44
8 29 32
8 30 66
8 31 37
8 34 36
8 38 39
8 40 76
8 45 72
8 46 69
8 47 56
8 48 59
8 49 75
8 50 57
8 52 73
8 53 63
8 58 62
8 60 68
8 65 74
8 70 77
8 71 78
9 13 64
9 14 22
9 15 25
9 16 28
9 17 33
9 18 68
9 19 62
9 20 39
9 21 27
9 23 24
9 26 57
9 29 63
9 30 51
9 31 41
9 32 42
9 34 40
9 36 77
9 37 61
9 38 44
9 46 75
9 47 76
9 48 58
9 49 78
9 52 55
9 53 59
9 54 71
9 56 69
9 60 74
9 65 70
9 66 72
10 12 16
10 13 27
10 14 45
10 15 74
10 17 75
10 18 40
10 19 69
10 20 52
10 21 37
10 23 51
10 25 42
10 26 60
10 28 56
10 29 34
10 30 71
10 32 41
10 33 47
10 36 43
10 38 57
10 39 67
10 44 66
10 46 49
10 50 76
10 53 64
10 54 59
10 55 72
10 58 73
10 61 68
10 62 63
10 65 77
10 70 78
11 13 18
11 14 70
11 15 54
11 16 61
11 17 48
11 19 47
11 20 33
11 21 46
11 22 26
11 23 53
11 24 74
11 25 29
11 27 31
11 28 77
11 30 65
11 32 44
11 34 67
11 35 62
11 36 49
11 37 40
11 38 55
11 39 71
11 41 75
11 42 78
11 43 69
11 45 50
11 52 59
11 57 60
11 58 72
11 63 73
11 64 76
12 14 48
12 15 26
12 17 24
12 18 29
12 20 21
12 22 40
12 23 70
12 25 56
12 28 32
12 30 60
12 31 44
12 33 52
12 34 55
12 35 43
12 36 39
12 37 47
12 38 41
12 42 75
12 45 63
12 46 68
12 49 57
12 53 69
12 58 74
12 59 66
12 61 76
12 62 64
12 65 78
12 67 71
12 72 77
13 14 40
13 15 29
13 16 47
13 17 31
13 19 25
13 22 71
13 23 42
13 24 26
13 30 36
13 32 75
13 33 46
13 34 74
13 35 54
13 38 73
13 39 53
13 41 78
13 43 55
13 44 48
13 45 59
13 49 63
13 50 60
13 51 57
13 56 62
13 58 70
13 61 77
13 65 67
13 66 76
13 68 69
14 15 23
14 16 51
14 17 27
14 18 61
14 19 67
14 20 44
14 21 29
14 24 28
14 25 53
14 30 47
14 31 33
14 32 55
14 35 72
14 36 66
14 37 52
14 38 78
14 39 74
14 42 49
14 43 46
14 50 56
14 57 76
14 58 60
14 59 63
14 62 75
14 64 65
14 68 73
14 69 71
15 16 73
15 17 19
15 18 57
15 20 58
15 21 77
15 22 64
15 24 42
15 27 63
15 28 36
15 30 55
15 31 61
15 32 48
15 33 50
15 34 76
15 35 37
15 38 49
15 39 40
15 43 59
15 44 65
15 45 70
15 46 67
15 51 71
15 56 68
15 62 72
15 66 69
15 75 78
16 17 55
16 18 31
16 20 50
16 21 54
16 24 67
16 25 72
16 26 66
16 27 46
16 29 69
16 30 44
16 32 77
16 33 59
16 34 64
16 35 36
16 38 70
16 39 76
16 40 43
16 41 62
16 42 57
16 45 56
16 48 49
16 52 74
16 53 68
16 58 78
16 60 75
17 18 52
17 20 66
17 21 56
17 23 30
17 26 42
17 28 53
17 29 70
17 32 50
17 34 72
17 35 68
17 36 67
17 37 60
17 38 65
17 39 51
17 40 69
17 43 58
17 44 71
17 46 63
17 49 74
17 54 73
17 57 78
17 59 77
18 19 46
18 21 71
18 22 58
18 23 50
18 24 70
18 25 55
18 28 63
18 30 38
18 32 37
18 33 49
18 34 59
18 35 42
18 36 78
18 39 45
18 41 56
18 43 51
18 44 73
18 47 67
18 48 75
18 54 62
18 60 72
18 69 74
19 20 56
19 22 50
19 24 63
19 26 71
19 27 77
19 28 43
19 29 74
19 30 42
19 31 51
19 34 37
19 35 66
19 36 64
19 38 53
19 40 60
19 41 76
19 45 57
19 48 54
19 49 55
19 52 78
19 58 65
19 59 72
19 68 70
19 73 75
20 22 76
20 23 37
20 24 35
20 25 49
20 26 77
20 28 42
20 31 64
20 32 70
20 34 53
20 36 41
20 38 40
20 43 63
20 45 73
20 46 60
20 47 55
20 48 68
20 51 72
20 54 67
20 59 61
20 62 78
20 69 75
20 71 74
21 22 70
21 23 33
21 24 45
21 25 39
21 26 58
21 28 55
21 30 67
21 32 63
21 34 48
21 35 49
21 36 76
21 38 69
21 40 62
21 41 59
21 43 57
21 44 64
21 47 72
21 50 65
21 51 68
21 60 73
21 61 74
21 66 78
22 23 74
22 24 29
22 27 48
22 28 47
22 30 41
22 32 49
22 33 75
22 34 60
22 35 52
22 36 69
22 37 59
22 39 62
22 42 55
22 43 53
22 44 45
22 46 57
22 51 66
22 54 65
22 56 67
22 61 78
22 63 77
22 68 72
23 25 67
23 26 52
23 27 73
23 28 45
23 29 40
23 31 54
23 32 56
23 34 78
23 35 65
23 36 60
23 39 49
23 41 69
23 43 76
23 44 72
23 46 66
23 47 77
23 55 71
23 57 68
23 59 62
24 27 78
24 30 52
24 31 60
24 32 69
24 33 37
24 34 49
24 38 64
24 39 44
24 40 56
24 41 77
24 46 53
24 47 51
24 48 66
24 54 68
24 57 62
24 58 76
24 59 73
24 61 71
24 65 75
25 26 74
25 28 60
25 30 31
25 32 58
25 33 43
25 34 62
25 35 61
25 36 50
25 37 68
25 40 73
25 41 47
25 44 76
25 45 66
25 48 65
25 51 69
25 52 54
25 57 70
25 63 78
25 64 75
25 71 77
26 28 62
26 29 53
26 31 38
26 32 35
26 33 34
26 36 61
26 39 73
26 41 72
26 44 49
26 45 65
26 46 51
26 47 64
26 48 50
26 55 75
26 56 78
26 59 67
26 63 68
26 69 70
27 28 69
27 29 59
27 30 75
27 32 67
27 33 35
27 34 68
27 36 56
27 37 57
27 38 71
27 39 54
27 40 72
27 41 44
27 42 74
27 45 55
27 47 66
27 49 53
27 51 76
27 52 70
27 58 61
27 60 62
28 29 78
28 31 52
28 33 61
28 34 41
28 35 76
28 37 54
28 38 68
28 39 57
28 40 65
28 46 73
28 48 64
28 50 71
28 59 75
28 66 70
29 31 77
29 35 46
29 36 54
29 37 49
29 38 56
29 41 51
29 42 43
29 44 50
29 45 47
29 48 55
29 52 57
29 60 65
29 61 75
29 62 71
29 64 68
29 67 73
29 72 76
30 33 63
30 34 56
30 35 58
30 39 46
30 40 53
30 43 61
30 45 48
30 49 76
30 50 77
30 54 78
30 57 69
30 59 74
30 62 73
30 70 72
31 32 59
31 34 66
31 35 50
31 36 62
31 39 65
31 40 48
31 42 46
31 43 47
31 45 53
31 49 68
31 55 58
31 56 71
31 63 75
31 67 72
31 69 73
31 74 78
32 33 39
32 34 45
32 38 61
32 40 51
32 43 66
32 46 64
32 47 60
32 53 62
32 54 74
32 68 76
32 71 73
32 72 78
33 36 42
33 38 76
33 40 45
33 44 51
33 48 71
33 53 55
33 54 69
33 56 57
33 58 68
33 60 70
33 62 67
33 64 72
33 66 73
33 77 78
34 35 39
34 38 54
34 43 65
34 44 46
34 47 63
34 50 75
34 51 70
34 52 69
35 41 48
35 44 60
35 47 75
35 51 67
35 53 70
35 55 69
35 56 73
35 57 71
35 63 74
35 64 77
36 38 63
36 40 75
36 44 59
36 45 52
36 46 71
36 48 51
36 53 58
36 57 65
36 70 74
37 38 51
37 39 55
37 41 70
37 42 71
37 43 62
37 45 64
37 46 56
37 48 77
37 50 58
37 53 66
37 63 65
37 67 76
37 69 72
37 73 74
38 42 58
38 43 74
38 45 75
38 46 77
38 47 62
38 48 52
38 50 72
38 60 67
39 41 43
39 47 70
39 48 69
39 50 63
39 52 64
39 58 59
39 61 72
39 66 75
40 41 49
40 42 66
40 50 70
40 52 63
40 54 58
40 55 61
40 59 78
40 64 71
40 67 77
40 68 74
41 42 65
41 46 58
41 50 73
41 52 53
41 55 63
41 57 66
41 61 67
41 64 74
41 68 71
42 44 62
42 47 54
42 48 61
42 50 64
42 51 73
42 53 76
42 56 77
42 59 70
42 60 63
43 44 56
43 45 78
43 48 70
43 49 72
43 50 54
43 52 60
43 64 73
44 47 74
44 52 61
44 53 67
44 54 70
44 58 75
44 68 77
45 46 62
45 49 71
45 51 58
45 54 61
45 67 68
45 69 76
46 47 61
46 52 72
46 55 74
46 65 76
47 50 52
47 57 58
47 59 71
47 65 73
47 68 78
48 53 78
48 57 72
48 60 76
48 62 74
48 63 67
49 51 77
49 56 58
49 59 65
49 61 66
49 64 67
49 70 73
50 51 74
50 59 68
50 61 69
50 62 66
50 67 78
51 52 62
51 54 75
51 55 78
51 56 63
51 61 64
52 65 68
52 66 77
52 67 75
52 71 76
53 54 57
53 56 65
53 60 71
53 61 73
53 72 75
53 74 77
54 56 72
54 63 66
54 76 77
55 57 67
55 60 77
55 62 68
55 64 70
55 65 66
55 73 76
56 60 66
56 70 75
56 74 76
57 59 64
57 61 63
57 73 77
57 74 75
58 64 66
58 67 69
59 60 69
60 64 78
61 62 65
62 69 77
63 70 76
65 71 72
