0 1 15 36 42
0 2 25 34 51
0 3 22 40 50
0 4 60 68 73
0 5 12 16 72
0 6 44 45 59
0 7 11 67 75
0 8 13 20 24
0 9 26 55 57
0 10 40 43 62
0 14 35 41 79
0 17 46 48 71
0 18 28 58 61
0 19 37 47 77
0 21 27 65 66
0 23 32 49 78
0 29 31 54 63
0 30 33 52 70
0 38 39 53 74
0 56 64 69 76
1 2 16 37 43
1 3 26 35 52
1 4 23 41 51
1 5 61 69 74
1 6 13 17 73
1 7 45 46 60
1 8 12 68 76
1 9 14 21 25
1 10 27 56 58
1 11 41 44 63
1 18 47 49 72
1 19 29 59 62
1 20 38 48 78
1 22 28 66 67
1 24 33 50 79
1 30 32 55 64
1 31 34 53 71
1 39 40 54 75
1 57 65 70 77
2 3 17 38 44
2 4 27 36 53
2 5 24 42 52
2 6 62 70 75
2 7 14 18 74
2 8 46 47 61
2 9 13 69 77
2 10 15 22 26
2 11 28 57 59
2 12 42 45 64
2 19 48 50 73
2 20 30 60 63
2 21 39 49 79
2 23 29 67 68
2 31 33 56 65
2 32 35 54 72
2 40 41 55 76
2 58 66 71 78
3 4 18 39 45
3 5 28 37 54
3 6 25 43 53
3 7 63 71 76
3 8 15 19 75
3 9 47 48 62
3 10 14 70 78
3 11 16 23 27
3 12 29 58 60
3 13 43 46 65
3 20 49 51 74
3 21 31 61 64
3 24 30 68 69
3 32 34 57 66
3 33 36 55 73
3 41 42 56 77
3 59 67 72 79
4 5 19 40 46
4 6 29 38 55
4 7 26 44 54
4 8 64 72 77
4 9 16 20 76
4 10 48 49 63
4 11 15 71 79
4 12 17 24 28
4 13 30 59 61
4 14 44 47 66
4 21 50 52 75
4 22 32 62 65
4 25 31 69 70
4 33 35 58 67
4 34 37 56 74
4 42 43 57 78
5 6 20 41 47
5 7 30 39 56
5 8 27 45 55
5 9 65 73 78
5 10 17 21 77
5 11 49 50 64
5 13 18 25 29
5 14 31 60 62
5 15 45 48 67
5 22 51 53 76
5 23 33 63 66
5 26 32 70 71
5 34 36 59 68
5 35 38 57 75
5 43 44 58 79
6 7 21 42 48
6 8 31 40 57
6 9 28 46 56
6 10 66 74 79
6 11 18 22 78
6 12 50 51 65
6 14 19 26 30
6 15 32 61 63
6 16 46 49 68
6 23 52 54 77
6 24 34 64 67
6 27 33 71 72
6 35 37 60 69
6 36 39 58 76
7 8 22 43 49
7 9 32 41 58
7 10 29 47 57
7 12 19 23 79
7 13 51 52 66
7 15 20 27 31
7 16 33 62 64
7 17 47 50 69
7 24 53 55 78
7 25 35 65 68
7 28 34 72 73
7 36 38 61 70
7 37 40 59 77
8 9 23 44 50
8 10 33 42 59
8 11 30 48 58
8 14 52 53 67
8 16 21 28 32
8 17 34 63 65
8 18 48 51 70
8 25 54 56 79
8 26 36 66 69
8 29 35 73 74
8 37 39 62 71
8 38 41 60 78
9 10 24 45 51
9 11 34 43 60
9 12 31 49 59
9 15 53 54 68
9 17 22 29 33
9 18 35 64 66
9 19 49 52 71
9 27 37 67 70
9 30 36 74 75
9 38 40 63 72
9 39 42 61 79
10 11 25 46 52
10 12 35 44 61
10 13 32 50 60
10 16 54 55 69
10 18 23 30 34
10 19 36 65 67
10 20 50 53 72
10 28 38 68 71
10 31 37 75 76
10 39 41 64 73
11 12 26 47 53
11 13 36 45 62
11 14 33 51 61
11 17 55 56 70
11 19 24 31 35
11 20 37 66 68
11 21 51 54 73
11 29 39 69 72
11 32 38 76 77
11 40 42 65 74
12 13 27 48 54
12 14 37 46 63
12 15 34 52 62
12 18 56 57 71
12 20 25 32 36
12 21 38 67 69
12 22 52 55 74
12 30 40 70 73
12 33 39 77 78
12 41 43 66 75
13 14 28 49 55
13 15 38 47 64
13 16 35 53 63
13 19 57 58 72
13 21 26 33 37
13 22 39 68 70
13 23 53 56 75
13 31 41 71 74
13 34 40 78 79
13 42 44 67 76
14 15 29 50 56
14 16 39 48 65
14 17 36 54 64
14 20 58 59 73
14 22 27 34 38
14 23 40 69 71
14 24 54 57 76
14 32 42 72 75
14 43 45 68 77
15 16 30 51 57
15 17 40 49 66
15 18 37 55 65
15 21 59 60 74
15 23 28 35 39
15 24 41 70 72
15 25 55 58 77
15 33 43 73 76
15 44 46 69 78
16 17 31 52 58
16 18 41 50 67
16 19 38 56 66
16 22 60 61 75
16 24 29 36 40
16 25 42 71 73
16 26 56 59 78
16 34 44 74 77
16 45 47 70 79
17 18 32 53 59
17 19 42 51 68
17 20 39 57 67
17 23 61 62 76
17 25 30 37 41
17 26 43 72 74
17 27 57 60 79
17 35 45 75 78
18 19 33 54 60
18 20 43 52 69
18 21 40 58 68
18 24 62 63 77
18 26 31 38 42
18 27 44 73 75
18 36 46 76 79
19 20 34 55 61
19 21 44 53 70
19 22 41 59 69
19 25 63 64 78
19 27 32 39 43
19 28 45 74 76
20 21 35 56 62
20 22 45 54 71
20 23 42 60 70
20 26 64 65 79
20 28 33 40 44
20 29 46 75 77
21 22 36 57 63
21 23 46 55 72
21 24 43 61 71
21 29 34 41 45
21 30 47 76 78
22 23 37 58 64
22 24 47 56 73
22 25 44 62 72
22 30 35 42 46
22 31 48 77 79
23 24 38 59 65
23 25 48 57 74
23 26 45 63 73
23 31 36 43 47
24 25 39 60 66
24 26 49 58 75
24 27 46 64 74
24 32 37 44 48
25 26 40 61 67
25 27 50 59 76
25 28 47 65 75
25 33 38 45 49
26 27 41 62 68
26 28 51 60 77
26 29 48 66 76
26 34 39 46 50
27 28 42 63 69
27 29 52 61 78
27 30 49 67 77
27 35 40 47 51
28 29 43 64 70
28 30 53 62 79
28 31 50 68 78
28 36 41 48 52
29 30 44 65 71
29 32 51 69 79
29 37 42 49 53
30 31 45 66 72
30 38 43 50 54
31 32 46 67 73
31 39 44 51 55
32 33 47 68 74
32 40 45 52 56
33 34 48 69 75
33 41 46 53 57
34 35 49 70 76
34 42 47 54 58
35 36 50 71 77
35 43 48 55 59
36 37 51 72 78
36 44 49 56 60
37 38 52 73 79
37 45 50 57 61
38 46 51 58 62
39 47 52 59 63
40 48 53 60 64
41 49 54 61 65
42 50 55 62 66
43 51 56 63 67
44 52 57 64 68
45 53 58 65 69
46 54 59 66 70
47 55 60 67 71
48 56 61 68 72
49 57 62 69 73
50 58 63 70 74
51 59 64 71 75
52 60 65 72 76
53 61 66 73 77
54 62 67 74 78
55 63 68 75 79
