0 1 6 80
0 2 10 77
0 3 4 74
0 5 8 79
0 7 17 75
0 9 14 73
0 11 13 76
0 12 15 72
0 16 17 78
0 18 36 54
0 19 40 68
0 20 44 69
0 21 48 70
0 22 39 67
0 23 43 71
0 24 47 62
0 25 38 59
0 26 53 56
0 27 52 66
0 28 51 63
0 29 50 60
0 30 49 57
0 31 46 64
0 32 45 61
0 33 41 58
0 34 37 55
0 35 42 65
1 2 7 72
1 3 11 78
1 4 5 75
1 8 9 76
1 9 17 79
1 10 15 74
1 12 14 77
1 13 16 73
1 18 49 55
1 19 41 65
1 20 45 68
1 21 36 69
1 22 40 70
1 23 44 67
1 24 48 71
1 25 39 60
1 26 43 57
1 27 53 54
1 28 52 64
1 29 51 61
1 30 50 58
1 31 38 62
1 32 37 59
1 33 46 56
1 34 42 66
1 35 47 63
2 3 8 73
2 4 12 79
2 5 6 76
2 9 10 80
2 11 16 75
2 13 15 78
2 14 17 74
2 18 50 56
2 19 49 66
2 20 46 63
2 21 37 68
2 22 41 69
2 23 45 70
2 24 36 67
2 25 40 71
2 26 44 58
2 27 48 55
2 28 53 65
2 29 52 62
2 30 51 59
2 31 43 60
2 32 42 57
2 33 38 54
2 34 47 64
2 35 39 61
3 5 13 80
3 6 7 77
3 9 15 75
3 10 11 72
3 12 17 76
3 14 16 79
3 18 51 57
3 19 50 54
3 20 49 64
3 21 38 61
3 22 42 68
3 23 46 69
3 24 37 70
3 25 41 67
3 26 45 71
3 27 36 56
3 28 40 66
3 29 53 63
3 30 52 60
3 31 48 58
3 32 47 55
3 33 43 65
3 34 39 62
3 35 44 59
4 6 14 72
4 7 8 78
4 9 13 77
4 10 16 76
4 11 12 73
4 15 17 80
4 18 52 58
4 19 51 55
4 20 50 65
4 21 49 62
4 22 43 59
4 23 47 68
4 24 38 69
4 25 42 70
4 26 46 67
4 27 37 71
4 28 41 54
4 29 45 64
4 30 53 61
4 31 40 56
4 32 39 66
4 33 48 63
4 34 44 60
4 35 36 57
5 7 15 73
5 9 16 72
5 10 14 78
5 11 17 77
5 12 13 74
5 18 53 59
5 19 52 56
5 20 51 66
5 21 50 63
5 22 49 60
5 23 48 57
5 24 39 68
5 25 43 69
5 26 47 70
5 27 38 67
5 28 42 71
5 29 46 65
5 30 37 62
5 31 45 54
5 32 44 64
5 33 40 61
5 34 36 58
5 35 41 55
6 8 16 74
6 9 12 78
6 10 17 73
6 11 15 79
6 13 14 75
6 18 42 60
6 19 53 57
6 20 52 54
6 21 51 64
6 22 50 61
6 23 49 58
6 24 40 55
6 25 44 68
6 26 48 69
6 27 39 70
6 28 43 67
6 29 47 71
6 30 38 63
6 31 37 65
6 32 36 62
6 33 45 59
6 34 41 56
6 35 46 66
7 9 11 74
7 10 13 79
7 12 16 80
7 14 15 76
7 18 43 61
7 19 47 58
7 20 53 55
7 21 52 65
7 22 51 62
7 23 50 59
7 24 49 56
7 25 45 66
7 26 36 68
7 27 40 69
7 28 44 70
7 29 48 67
7 30 39 71
7 31 42 63
7 32 41 60
7 33 37 57
7 34 46 54
7 35 38 64
8 10 12 75
8 11 14 80
8 13 17 72
8 15 16 77
8 18 44 71
8 19 48 59
8 20 39 56
8 21 53 66
8 22 52 63
8 23 51 60
8 24 50 57
8 25 49 54
8 26 37 64
8 27 41 68
8 28 45 69
8 29 36 70
8 30 40 67
8 31 47 61
8 32 46 58
8 33 42 55
8 34 38 65
8 35 43 62
9 18 45 67
9 19 36 71
9 20 40 57
9 21 44 54
9 22 53 64
9 23 52 61
9 24 51 58
9 25 50 55
9 26 49 65
9 27 42 62
9 28 46 68
9 29 37 69
9 30 41 70
9 31 39 59
9 32 38 56
9 33 47 66
9 34 43 63
9 35 48 60
10 18 46 70
10 19 37 67
10 20 41 71
10 21 45 55
10 22 36 65
10 23 53 62
10 24 52 59
10 25 51 56
10 26 50 66
10 27 49 63
10 28 47 60
10 29 38 68
10 30 42 69
10 31 44 57
10 32 43 54
10 33 39 64
10 34 48 61
10 35 40 58
11 18 47 69
11 19 38 70
11 20 42 67
11 21 46 71
11 22 37 66
11 23 41 63
11 24 53 60
11 25 52 57
11 26 51 54
11 27 50 64
11 28 49 61
11 29 39 58
11 30 43 68
11 31 36 55
11 32 48 65
11 33 44 62
11 34 40 59
11 35 45 56
12 18 48 68
12 19 39 69
12 20 43 70
12 21 47 67
12 22 38 71
12 23 42 64
12 24 46 61
12 25 53 58
12 26 52 55
12 27 51 65
12 28 50 62
12 29 49 59
12 30 44 56
12 31 41 66
12 32 40 63
12 33 36 60
12 34 45 57
12 35 37 54
13 18 37 63
13 19 42 61
13 20 47 59
13 21 39 57
13 22 44 55
13 23 36 66
13 24 41 64
13 25 46 62
13 26 38 60
13 27 43 58
13 28 48 56
13 29 40 54
13 30 45 65
13 31 49 67
13 32 50 71
13 33 51 70
13 34 52 69
13 35 53 68
14 18 38 66
14 19 43 64
14 20 48 62
14 21 40 60
14 22 45 58
14 23 37 56
14 24 42 54
14 25 47 65
14 26 39 63
14 27 44 61
14 28 36 59
14 29 41 57
14 30 46 55
14 31 50 68
14 32 51 67
14 33 52 71
14 34 53 70
14 35 49 69
15 18 39 65
15 19 44 63
15 20 36 61
15 21 41 59
15 22 46 57
15 23 38 55
15 24 43 66
15 25 48 64
15 26 40 62
15 27 45 60
15 28 37 58
15 29 42 56
15 30 47 54
15 31 51 69
15 32 52 68
15 33 53 67
15 34 49 71
15 35 50 70
16 18 40 64
16 19 45 62
16 20 37 60
16 21 42 58
16 22 47 56
16 23 39 54
16 24 44 65
16 25 36 63
16 26 41 61
16 27 46 59
16 28 38 57
16 29 43 55
16 30 48 66
16 31 52 70
16 32 53 69
16 33 49 68
16 34 50 67
16 35 51 71
17 18 41 62
17 19 46 60
17 20 38 58
17 21 43 56
17 22 48 54
17 23 40 65
17 24 45 63
17 25 37 61
17 26 42 59
17 27 47 57
17 28 39 55
17 29 44 66
17 30 36 64
17 31 53 71
17 32 49 70
17 33 50 69
17 34 51 68
17 35 52 67
18 19 24 80
18 20 28 77
18 21 22 74
18 23 26 79
18 25 35 75
18 27 32 73
18 29 31 76
18 30 33 72
18 34 35 78
19 20 25 72
19 21 29 78
19 22 23 75
19 26 27 76
19 27 35 79
19 28 33 74
19 30 32 77
19 31 34 73
20 21 26 73
20 22 30 79
20 23 24 76
20 27 28 80
20 29 34 75
20 31 33 78
20 32 35 74
21 23 31 80
21 24 25 77
21 27 33 75
21 28 29 72
21 30 35 76
21 32 34 79
22 24 32 72
22 25 26 78
22 27 31 77
22 28 34 76
22 29 30 73
22 33 35 80
23 25 33 73
23 27 34 72
23 28 32 78
23 29 35 77
23 30 31 74
24 26 34 74
24 27 30 78
24 28 35 73
24 29 33 79
24 31 32 75
25 27 29 74
25 28 31 79
25 30 34 80
25 32 33 76
26 28 30 75
26 29 32 80
26 31 35 72
26 33 34 77
36 37 42 80
36 38 46 77
36 39 40 74
36 41 44 79
36 43 53 75
36 45 50 73
36 47 49 76
36 48 51 72
36 52 53 78
37 38 43 72
37 39 47 78
37 40 41 75
37 44 45 76
37 45 53 79
37 46 51 74
37 48 50 77
37 49 52 73
38 39 44 73
38 40 48 79
38 41 42 76
38 45 46 80
38 47 52 75
38 49 51 78
38 50 53 74
39 41 49 80
39 42 43 77
39 45 51 75
39 46 47 72
39 48 53 76
39 50 52 79
40 42 50 72
40 43 44 78
40 45 49 77
40 46 52 76
40 47 48 73
40 51 53 80
41 43 51 73
41 45 52 72
41 46 50 78
41 47 53 77
41 48 49 74
42 44 52 74
42 45 48 78
42 46 53 73
42 47 51 79
42 49 50 75
43 45 47 74
43 46 49 79
43 48 52 80
43 50 51 76
44 46 48 75
44 47 50 80
44 49 53 72
44 51 52 77
54 55 56 57
54 57 64 71
54 58 63 77
54 59 69 76
54 60 67 74
54 61 66 80
54 62 72 79
54 65 70 75
54 68 73 78
55 57 70 77
55 58 65 69
55 59 64 75
55 60 73 80
55 61 68 72
55 62 67 78
55 63 71 76
55 66 74 79
56 57 65 76
56 58 71 75
56 59 63 70
56 60 68 79
56 61 74 78
56 62 66 73
56 64 69 77
56 67 72 80
57 58 62 68
57 59 61 67
57 60 69 72
57 63 79 80
57 66 69 78
57 73 74 75
58 59 60 66
58 61 70 73
58 64 78 80
58 67 70 79
58 72 74 76
59 62 71 74
59 65 78 79
59 68 71 80
59 72 73 77
60 61 65 71
60 62 64 70
60 63 72 75
60 76 77 78
61 62 63 69
61 64 73 76
61 75 77 79
62 65 74 77
62 75 76 80
63 64 68 74
63 65 67 73
63 66 75 78
64 65 66 72
64 67 76 79
65 68 77 80
66 67 71 77
66 68 70 76
67 68 69 75
69 70 74 80
69 71 73 79
70 71 72 78
