0 1 76
0 2 53
0 3 13
0 4 81
0 5 62
0 6 30
0 7 15
0 8 51
0 9 36
0 10 40
0 11 67
0 12 47
0 14 55
0 16 82
0 17 26
0 18 35
0 19 37
0 20 42
0 21 66
0 22 24
0 23 46
0 25 73
0 27 72
0 28 77
0 29 80
0 31 65
0 32 57
0 33 41
0 34 54
0 38 69
0 39 70
0 43 45
0 44 59
0 48 61
0 49 58
0 50 64
0 52 74
0 56 79
0 60 63
0 68 78
0 71 75
1 2 64
1 3 75
1 4 26
1 5 65
1 6 68
1 7 10
1 8 79
1 9 81
1 11 25
1 12 61
1 13 53
1 14 63
1 15 38
1 16 34
1 17 33
1 18 62
1 19 27
1 20 60
1 21 32
1 22 44
1 23 24
1 28 82
1 29 69
1 30 35
1 31 55
1 36 74
1 37 42
1 39 66
1 40 72
1 41 45
1 43 67
1 46 78
1 47 71
1 48 54
1 49 73
1 50 56
1 51 80
1 52 57
1 58 77
1 59 70
2 3 76
2 4 73
2 5 67
2 6 39
2 7 61
2 8 52
2 9 56
2 10 72
2 11 78
2 12 31
2 13 80
2 14 32
2 15 59
2 16 44
2 17 63
2 18 46
2 19 51
2 20 21
2 22 38
2 23 75
2 24 55
2 25 57
2 26 34
2 27 47
2 28 50
2 29 36
2 30 54
2 33 58
2 35 62
2 37 65
2 40 43
2 41 66
2 42 81
2 45 70
2 48 77
2 49 60
2 68 79
2 69 71
2 74 82
3 4 80
3 5 55
3 6 59
3 7 71
3 8 44
3 9 79
3 10 82
3 11 32
3 12 67
3 14 64
3 15 48
3 16 51
3 17 52
3 18 72
3 19 35
3 20 30
3 21 73
3 22 63
3 23 39
3 24 26
3 25 49
3 27 45
3 28 46
3 29 37
3 31 68
3 33 57
3 34 77
3 36 70
3 38 53
3 40 61
3 41 42
3 43 47
3 50 81
3 54 74
3 56 60
3 58 69
3 62 78
3 65 66
4 5 31
4 6 45
4 7 33
4 8 39
4 9 65
4 10 51
4 11 76
4 12 56
4 13 37
4 14 69
4 15 29
4 16 79
4 17 50
4 18 53
4 19 58
4 20 64
4 21 47
4 22 28
4 23 43
4 24 75
4 25 72
4 27 38
4 30 71
4 32 54
4 34 67
4 35 44
4 36 78
4 40 74
4 41 46
4 42 82
4 48 49
4 52 60
4 55 62
4 57 59
4 61 66
4 63 68
4 70 77
5 6 76
5 7 50
5 8 64
5 9 59
5 10 34
5 11 40
5 12 60
5 13 36
5 14 70
5 15 81
5 16 39
5 17 51
5 18 22
5 19 24
5 20 57
5 21 38
5 23 74
5 25 61
5 26 32
5 27 54
5 28 52
5 29 66
5 30 80
5 33 37
5 35 43
5 41 44
5 42 46
5 45 78
5 47 56
5 48 79
5 49 63
5 53 71
5 58 68
5 69 77
5 72 82
5 73 75
6 7 35
6 8 60
6 9 46
6 10 32
6 11 31
6 12 17
6 13 67
6 14 34
6 15 75
6 16 80
6 18 40
6 19 21
6 20 23
6 22 66
6 24 81
6 25 79
6 26 49
6 27 71
6 28 36
6 29 54
6 33 51
6 37 70
6 38 61
6 41 73
6 42 58
6 43 69
6 44 63
6 47 55
6 48 62
6 50 74
6 52 56
6 53 72
6 57 78
6 64 82
6 65 77
7 8 69
7 9 16
7 11 48
7 12 34
7 13 64
7 14 37
7 17 20
7 18 19
7 21 67
7 22 23
7 24 52
7 25 26
7 27 60
7 28 57
7 29 30
7 31 46
7 32 40
7 36 42
7 38 79
7 39 55
7 41 47
7 43 58
7 44 75
7 45 63
7 49 54
7 51 62
7 53 73
7 56 78
7 59 65
7 66 76
7 68 70
7 72 80
7 74 81
7 77 82
8 9 54
8 10 16
8 11 37
8 12 24
8 13 29
8 14 40
8 15 31
8 17 56
8 18 42
8 19 55
8 20 38
8 21 50
8 22 59
8 23 58
8 25 62
8 26 80
8 27 33
8 28 68
8 30 46
8 32 73
8 34 53
8 35 41
8 36 57
8 43 65
8 45 67
8 47 82
8 48 71
8 49 77
8 61 75
8 63 66
8 70 72
8 74 78
8 76 81
9 10 57
9 11 33
9 12 82
9 13 41
9 14 73
9 15 80
9 17 44
9 18 71
9 19 32
9 20 40
9 21 45
9 22 58
9 23 67
9 24 60
9 25 68
9 26 64
9 27 53
9 28 51
9 29 72
9 30 34
9 31 70
9 35 50
9 37 48
9 38 75
9 39 74
9 42 78
9 43 61
9 47 52
9 49 76
9 55 66
9 62 77
9 63 69
10 11 59
10 12 62
10 13 66
10 14 27
10 15 56
10 17 29
10 18 67
10 19 77
10 20 79
10 21 81
10 22 49
10 23 80
10 24 54
10 25 63
10 26 30
10 28 35
10 31 37
10 33 53
10 36 45
10 38 76
10 39 47
10 41 74
10 42 52
10 43 44
10 46 55
10 48 69
10 50 78
10 58 71
10 60 68
10 61 70
10 64 75
10 65 73
11 12 23
11 13 56
11 14 45
11 15 19
11 16 43
11 17 77
11 18 64
11 20 70
11 21 26
11 22 71
11 24 63
11 27 42
11 28 49
11 29 46
11 30 81
11 34 74
11 35 65
11 36 75
11 38 66
11 39 62
11 41 55
11 44 79
11 47 50
11 51 73
11 52 53
11 54 68
11 57 72
11 58 80
11 60 61
11 69 82
12 13 65
12 14 15
12 16 70
12 18 25
12 19 49
12 20 45
12 21 33
12 22 40
12 26 46
12 27 80
12 28 78
12 29 58
12 30 42
12 32 69
12 35 54
12 36 55
12 37 76
12 38 77
12 39 75
12 41 51
12 43 63
12 44 50
12 48 53
12 52 71
12 57 79
12 59 66
12 64 68
12 72 81
12 73 74
13 14 61
13 15 33
13 16 24
13 17 68
13 18 69
13 19 31
13 20 52
13 21 25
13 22 79
13 23 27
13 26 72
13 28 44
13 30 75
13 32 51
13 34 60
13 35 73
13 38 48
13 39 49
13 40 76
13 42 43
13 45 57
13 46 81
13 47 54
13 50 58
13 55 82
13 59 62
13 63 71
13 70 78
13 74 77
14 16 30
14 17 67
14 18 81
14 19 22
14 20 46
14 21 68
14 23 62
14 24 25
14 26 36
14 28 54
14 29 41
14 31 42
14 33 80
14 35 66
14 38 78
14 39 76
14 43 50
14 44 71
14 47 49
14 48 59
14 51 79
14 52 82
14 53 77
14 56 72
14 57 65
14 58 75
14 60 74
15 16 21
15 17 39
15 18 82
15 20 51
15 22 61
15 23 79
15 24 40
15 25 42
15 26 70
15 27 63
15 28 43
15 30 57
15 32 50
15 34 49
15 35 72
15 36 66
15 37 45
15 41 76
15 44 77
15 46 73
15 47 58
15 52 55
15 53 54
15 60 67
15 62 68
15 64 69
15 65 78
15 71 74
16 17 22
16 18 74
16 19 81
16 20 53
16 23 41
16 25 35
16 26 78
16 27 61
16 28 47
16 29 42
16 31 36
16 32 55
16 33 48
16 37 52
16 38 50
16 40 68
16 45 72
16 46 49
16 54 75
16 56 71
16 57 67
16 58 65
16 59 63
16 60 76
16 62 69
16 64 77
16 66 73
17 18 48
17 19 47
17 21 23
17 24 82
17 25 53
17 27 70
17 28 37
17 30 60
17 31 81
17 32 79
17 34 55
17 35 57
17 36 41
17 38 73
17 40 75
17 42 65
17 43 46
17 45 59
17 49 78
17 54 69
17 58 72
17 61 64
17 62 76
17 66 74
17 71 80
18 20 49
18 21 41
18 23 36
18 24 27
18 26 60
18 28 75
18 29 32
18 30 37
18 31 79
18 33 70
18 34 78
18 38 54
18 39 59
18 43 57
18 44 66
18 45 55
18 47 73
18 50 52
18 51 63
18 56 77
18 58 76
18 61 68
18 65 80
19 20 69
19 23 44
19 25 46
19 26 42
19 28 64
19 29 53
19 30 41
19 33 71
19 34 76
19 36 73
19 38 63
19 39 54
19 40 52
19 43 80
19 45 65
19 48 68
19 50 57
19 56 75
19 59 60
19 61 67
19 62 70
19 66 78
19 72 74
19 79 82
20 22 43
20 24 32
20 25 66
20 26 61
20 27 76
20 28 71
20 29 48
20 31 56
20 33 55
20 34 82
20 35 58
20 36 47
20 37 62
20 39 73
20 41 75
20 44 78
20 50 77
20 54 65
20 59 74
20 63 81
20 67 72
20 68 80
21 22 51
21 24 65
21 27 74
21 28 40
21 29 31
21 30 55
21 34 52
21 35 69
21 36 76
21 37 53
21 39 61
21 42 79
21 43 49
21 44 62
21 46 57
21 48 70
21 54 63
21 56 59
21 58 60
21 64 71
21 72 75
21 77 80
21 78 82
22 25 75
22 26 68
22 27 56
22 29 73
22 30 72
22 31 57
22 32 60
22 33 65
22 34 48
22 35 77
22 36 50
22 37 80
22 39 78
22 41 82
22 42 47
22 45 81
22 46 76
22 52 69
22 53 67
22 54 70
22 55 64
22 62 74
23 25 28
23 26 33
23 29 68
23 30 32
23 31 72
23 34 64
23 35 55
23 37 50
23 38 65
23 40 69
23 42 77
23 45 61
23 47 48
23 49 57
23 51 70
23 52 66
23 53 60
23 54 78
23 56 82
23 59 76
23 63 73
23 71 81
24 28 29
24 30 70
24 31 49
24 33 59
24 34 66
24 35 36
24 37 78
24 38 72
24 39 45
24 41 69
24 42 53
24 43 48
24 44 73
24 46 47
24 50 68
24 51 76
24 56 67
24 57 71
24 58 62
24 61 77
24 64 74
24 79 80
25 27 48
25 29 39
25 30 43
25 31 54
25 32 80
25 33 36
25 34 45
25 37 64
25 38 70
25 40 71
25 41 78
25 44 52
25 47 76
25 50 55
25 51 82
25 56 69
25 58 74
25 59 67
25 60 77
25 65 81
26 27 66
26 28 55
26 29 52
26 31 40
26 35 74
26 37 75
26 38 39
26 41 53
26 43 51
26 44 58
26 45 71
26 47 57
26 48 67
26 50 82
26 54 79
26 56 65
26 59 81
26 62 63
26 69 76
26 73 77
27 28 73
27 29 40
27 30 67
27 31 69
27 32 44
27 34 35
27 36 62
27 37 68
27 39 50
27 41 64
27 43 78
27 46 59
27 49 55
27 51 77
27 52 58
27 57 81
27 65 79
27 75 82
28 30 61
28 31 58
28 32 41
28 33 56
28 34 81
28 38 60
28 39 48
28 42 70
28 45 76
28 53 63
28 59 69
28 62 67
28 65 72
28 66 79
28 74 80
29 33 67
29 34 71
29 35 45
29 38 82
29 43 60
29 44 76
29 47 61
29 49 50
29 51 81
29 55 65
29 56 64
29 57 63
29 59 79
29 62 75
29 70 74
29 77 78
30 31 78
30 33 47
30 36 69
30 38 49
30 39 56
30 40 58
30 44 65
30 45 62
30 48 73
30 50 76
30 51 64
30 52 79
30 53 74
30 59 68
30 63 77
30 66 82
31 32 63
31 33 38
31 34 62
31 35 52
31 39 71
31 41 77
31 43 64
31 44 61
31 45 82
31 47 75
31 48 76
31 50 53
31 51 60
31 59 73
31 66 80
31 67 74
32 33 62
32 34 61
32 35 56
32 36 72
32 37 77
32 38 59
32 39 64
32 42 71
32 43 70
32 45 52
32 46 74
32 47 66
32 48 78
32 49 53
32 58 82
32 65 67
32 68 76
32 75 81
33 34 75
33 35 68
33 39 40
33 42 61
33 43 66
33 44 74
33 45 73
33 46 77
33 49 69
33 50 54
33 52 63
33 60 82
33 64 76
33 72 79
33 78 81
34 36 68
34 37 57
34 38 80
34 39 51
34 40 46
34 41 58
34 42 73
34 43 79
34 44 56
34 47 72
34 50 59
34 63 65
34 69 70
35 37 38
35 39 79
35 40 70
35 42 64
35 46 48
35 47 63
35 49 67
35 51 75
35 53 76
35 59 61
35 60 80
35 71 78
35 81 82
36 37 79
36 38 46
36 39 80
36 40 77
36 43 53
36 44 51
36 48 82
36 49 71
36 52 61
36 54 67
36 56 63
36 58 59
36 60 81
36 64 65
37 39 63
37 40 56
37 41 81
37 43 73
37 44 55
37 46 82
37 47 60
37 49 66
37 51 58
37 54 59
37 61 74
37 67 71
37 69 72
38 40 41
38 42 55
38 43 62
38 44 67
38 45 64
38 47 51
38 52 81
38 56 58
38 57 74
38 68 71
39 41 65
39 42 44
39 43 68
39 46 60
39 52 72
39 53 69
39 57 82
39 58 67
39 77 81
40 42 45
40 44 57
40 47 64
40 48 51
40 49 82
40 50 63
40 53 59
40 54 55
40 60 73
40 62 65
40 66 81
40 67 79
40 78 80
41 43 71
41 48 63
41 49 68
41 50 79
41 52 59
41 54 61
41 56 70
41 57 60
41 62 72
41 67 80
42 48 56
42 49 59
42 50 60
42 51 74
42 54 66
42 57 62
42 63 67
42 68 69
42 72 76
42 75 80
43 52 75
43 54 76
43 55 81
43 56 74
43 59 82
43 72 77
44 45 46
44 47 81
44 48 64
44 49 80
44 53 70
44 54 82
44 60 69
44 68 72
45 47 53
45 48 50
45 49 56
45 51 69
45 54 80
45 58 79
45 60 75
45 66 77
45 68 74
46 50 51
46 52 70
46 53 62
46 54 72
46 56 68
46 58 63
46 61 80
46 64 67
46 65 75
46 66 69
46 71 79
47 59 78
47 62 80
47 65 68
47 67 70
47 69 74
47 77 79
48 52 80
48 55 74
48 57 75
48 58 81
48 60 65
48 66 72
49 51 52
49 61 81
49 62 79
49 64 72
49 65 74
49 70 75
50 61 62
50 65 69
50 66 71
50 67 75
50 70 80
50 72 73
51 53 78
51 54 57
51 55 68
51 56 61
51 59 72
51 65 71
51 66 67
52 54 62
52 64 78
52 65 76
52 67 77
52 68 73
53 55 56
53 57 58
53 61 65
53 64 66
53 68 82
53 75 79
53 80 81
54 56 81
54 58 77
54 60 64
54 71 73
55 57 80
55 58 77
55 59 71
55 60 72
55 61 63
55 67 76
55 69 75
55 70 79
55 73 78
56 57 66
56 62 73
56 76 80
57 61 69
57 64 70
57 68 77
57 73 76
58 61 78
58 64 73
58 66 70
59 64 80
59 75 77
60 62 66
60 70 71
60 78 79
61 71 72
61 73 79
61 76 82
62 64 81
62 71 82
63 64 79
63 70 76
63 72 78
63 74 75
63 80 82
65 70 82
66 68 75
67 68 81
67 69 78
67 73 82
69 73 80
69 79 81
70 73 81
71 76 77
74 76 79
75 76 78
