0 1 2 6 12 78
0 3 10 11 82 83
0 4 5 7 8 84
0 9 48 79 80 81
0 13 26 39 52 65
0 14 27 40 53 77
0 15 28 41 54 76
0 16 29 42 55 75
0 17 30 43 56 74
0 18 31 44 57 73
0 19 32 45 58 72
0 20 33 46 59 71
0 21 34 47 60 70
0 22 35 48 61 69
0 23 36 49 62 68
0 24 37 50 63 67
0 25 38 51 64 66
1 3 6 8 11 81
1 4 6 7 79 82
1 5 6 9 10 84
1 13 14 15 80 83
1 13 27 41 64 67
1 14 28 42 52 66
1 15 29 43 53 65
1 16 30 44 54 77
1 17 31 45 55 76
1 18 32 46 56 75
1 19 33 47 57 74
1 20 34 48 58 73
1 21 35 49 59 72
1 22 36 50 60 71
1 23 37 51 61 70
1 24 38 39 62 69
1 25 26 40 63 68
2 3 5 11 12 79
2 3 11 12 80 84
2 4 7 10 12 81
2 8 9 12 82 83
2 13 28 43 63 69
2 14 29 44 64 68
2 15 30 45 52 67
2 16 31 46 53 66
2 17 32 47 54 65
2 18 33 48 55 77
2 19 34 49 56 76
2 20 35 50 57 75
2 21 36 51 58 74
2 22 37 39 59 73
2 23 38 40 60 72
2 24 26 41 61 71
2 25 27 42 62 70
3 4 7 9 11 78
3 13 29 45 62 71
3 14 30 46 63 70
3 15 31 47 64 69
3 16 32 48 52 68
3 17 33 49 53 67
3 18 34 50 54 66
3 19 35 51 55 65
3 20 36 39 56 77
3 21 37 40 57 76
3 22 38 41 58 75
3 23 26 42 59 74
3 24 27 43 60 73
3 25 28 44 61 72
4 13 30 47 61 73
4 14 31 48 62 72
4 15 32 49 63 71
4 16 33 50 64 70
4 17 34 51 52 69
4 18 35 39 53 68
4 18 61 71 80 83
4 19 36 40 54 67
4 20 37 41 55 66
4 21 38 42 56 65
4 22 26 43 57 77
4 23 27 44 58 76
4 24 28 45 59 75
4 25 29 46 60 74
5 13 31 49 60 75
5 14 32 50 61 74
5 15 33 51 62 73
5 16 34 39 63 72
5 17 35 40 64 71
5 18 36 41 52 70
5 19 37 42 53 69
5 20 38 43 54 68
5 21 26 44 55 67
5 22 27 45 56 66
5 23 28 46 57 65
5 24 29 47 58 77
5 25 59 76 81 83
5 29 32 36 78 80
5 30 48 59 78 82
6 13 32 51 59 77
6 14 33 39 60 76
6 15 34 40 61 75
6 16 35 41 62 74
6 17 36 42 63 73
6 18 37 43 64 72
6 19 38 44 52 71
6 20 26 45 53 70
6 21 27 46 54 69
6 22 23 24 80 83
6 22 28 47 55 68
6 23 29 48 56 67
6 24 30 49 57 66
6 25 31 50 58 65
7 13 33 40 58 66
7 14 34 41 59 65
7 15 35 42 60 77
7 16 36 43 61 76
7 17 37 44 62 75
7 18 38 45 63 74
7 19 26 46 64 73
7 20 27 47 52 72
7 21 28 48 53 71
7 22 29 49 54 70
7 23 30 50 55 69
7 24 31 51 56 68
7 25 32 39 57 67
7 52 54 62 80 83
8 10 35 78 79 80
8 13 34 42 57 68
8 14 35 43 58 67
8 15 36 44 59 66
8 16 37 45 60 65
8 17 38 46 61 77
8 18 26 47 62 76
8 19 27 48 63 75
8 20 28 49 64 74
8 21 29 50 52 73
8 22 30 51 53 72
8 23 31 39 54 71
8 24 32 40 55 70
8 25 33 41 56 69
9 13 35 44 56 70
9 14 36 45 57 69
9 15 37 46 58 68
9 16 38 47 59 67
9 17 26 48 60 66
9 18 27 49 61 65
9 19 28 50 62 77
9 20 29 51 63 76
9 21 30 39 64 75
9 22 31 40 52 74
9 23 32 41 53 73
9 24 33 42 54 72
9 25 34 43 55 71
10 13 36 46 55 72
10 14 37 47 56 71
10 15 38 48 57 70
10 16 26 49 58 69
10 17 27 50 59 68
10 18 28 51 60 67
10 19 29 39 61 66
10 20 30 40 62 65
10 21 31 41 63 77
10 22 32 42 64 76
10 23 33 43 52 75
10 24 34 44 53 74
10 25 35 45 54 73
11 13 37 48 54 74
11 14 38 49 55 73
11 15 26 50 56 72
11 16 27 51 57 71
11 17 28 39 58 70
11 18 29 40 59 69
11 19 30 41 60 68
11 20 31 42 61 67
11 21 32 43 62 66
11 22 33 44 63 65
11 23 34 45 64 77
11 24 35 46 52 76
11 25 36 47 53 75
12 13 38 50 53 76
12 14 26 51 54 75
12 15 27 39 55 74
12 16 28 40 56 73
12 17 29 41 57 72
12 18 30 42 58 71
12 19 31 43 59 70
12 20 32 44 60 69
12 21 33 45 61 68
12 22 34 46 62 67
12 23 35 47 63 66
12 24 36 48 64 65
12 25 37 49 52 77
13 16 19 22 78 81
13 17 21 23 79 84
13 18 20 24 25 82
14 16 21 24 79 81
14 17 20 22 82 84
14 18 19 23 25 78
15 16 20 23 81 82
15 17 19 24 78 84
15 18 21 22 25 79
16 17 18 81 83 84
16 17 20 25 30 80
19 20 21 78 79 83
19 68 70 75 80 82
21 66 67 73 80 82
25 48 76 77 82 84
26 27 28 38 78 81
26 29 31 35 38 84
26 30 33 37 38 83
26 32 34 36 38 79
26 38 43 50 80 82
27 29 33 35 37 79
27 30 34 59 80 84
27 31 32 36 82 83
28 29 34 35 82 83
28 30 31 76 79 80
28 32 33 36 37 84
29 30 32 35 36 81
31 33 34 37 78 81
33 40 44 47 80 82
37 41 45 46 80 82
39 40 43 44 47 50
39 41 44 51 78 79
39 42 44 46 81 84
39 42 49 51 80 82
39 44 45 48 49 83
40 41 43 49 81 84
40 42 43 45 78 79
40 43 46 48 51 83
41 42 47 48 50 83
45 47 50 51 81 84
46 47 49 50 78 79
52 53 55 61 81 84
52 56 58 64 78 82
52 57 59 60 63 79
53 54 60 63 78 82
53 55 57 58 80 83
53 56 59 62 64 79
54 55 58 59 61 79
54 56 57 64 81 84
55 56 60 63 64 83
55 57 61 62 78 82
56 60 61 63 64 80
58 60 62 63 81 84
65 66 69 75 81 83
65 67 68 69 79 84
65 69 70 73 76 78
65 69 71 72 74 82
65 69 72 74 77 80
66 68 71 76 77 78
66 70 72 74 79 84
67 70 71 77 81 83
67 72 74 75 76 78
68 72 73 74 81 83
71 73 75 77 79 84
