0 1 2 3 5 7 8 84 86
0 2 3 4 6 28 42 81 87
0 9 18 27 43 49 60 67 78
0 10 25 31 38 50 62 63 75
0 11 22 30 39 48 61 71 76
0 12 24 34 37 45 55 69 73
0 13 26 33 44 51 54 70 80
0 14 21 28 36 52 56 65 79
0 15 20 32 40 53 57 68 74
0 16 23 35 42 46 59 64 77
0 17 19 29 41 47 58 66 72
0 38 46 51 52 76 82 83 85
1 4 5 6 7 8 82 83 85
1 9 21 35 38 47 54 71 73
1 10 19 28 40 46 61 69 80
1 11 25 27 37 53 58 64 79
1 12 20 31 44 49 59 65 72
1 13 18 32 39 50 56 66 77
1 14 26 34 41 48 60 63 74
1 15 23 29 43 52 55 70 76
1 16 24 30 36 51 57 67 75
1 17 22 33 42 45 62 68 78
1 18 20 21 23 24 40 81 87
2 9 19 33 39 53 55 65 75
2 10 23 30 37 49 54 66 74
2 11 20 29 42 51 56 63 73
2 12 15 17 37 49 82 83 85
2 12 18 35 36 48 58 68 80
2 13 25 28 41 45 59 67 76
2 14 22 27 38 46 57 70 72
2 15 21 34 44 50 61 64 78
2 16 26 32 43 47 62 69 79
2 17 24 31 40 52 60 71 77
3 9 22 32 37 52 59 63 80
3 10 24 27 44 47 56 68 76
3 11 23 33 36 50 60 69 72
3 12 21 30 41 53 62 70 77
3 13 19 34 42 49 57 71 79
3 14 25 35 40 51 55 66 78
3 15 26 31 39 46 58 67 73
3 16 18 29 38 45 61 65 74
3 17 20 28 43 48 54 64 75
3 18 29 30 65 79 82 83 85
4 9 25 29 44 48 57 69 77
4 10 20 35 39 45 60 70 79
4 11 13 27 29 34 80 84 86
4 11 24 32 41 46 54 65 78
4 12 26 27 42 52 61 66 75
4 13 22 31 36 47 55 64 74
4 14 19 30 43 50 59 68 73
4 15 18 28 37 51 62 71 72
4 16 21 33 40 49 58 63 76
4 17 23 34 38 53 56 67 80
5 7 8 9 19 26 41 81 87
5 9 20 34 36 46 62 66 76
5 10 18 33 41 52 57 64 73
5 11 26 28 38 49 55 68 77
5 12 22 29 40 50 54 67 79
5 13 24 35 43 53 61 63 72
5 14 23 32 44 45 58 71 75
5 15 25 30 42 47 60 65 80
5 16 19 31 37 48 56 70 78
5 17 21 27 39 51 59 69 74
6 9 26 30 40 45 56 64 72
6 10 22 34 43 51 58 65 77
6 11 19 35 44 52 62 67 74
6 12 23 28 39 47 57 63 78
6 13 21 29 37 46 60 68 75
6 14 18 31 42 53 54 69 76
6 15 24 33 38 48 59 66 79
6 16 20 27 41 50 55 71 80
6 17 25 32 36 49 61 70 73
6 23 31 39 67 68 69 84 86
7 9 24 28 42 50 58 70 74
7 10 26 29 36 53 59 71 78
7 11 21 31 43 45 57 66 80
7 12 19 32 38 51 60 64 76
7 13 23 27 40 48 62 65 73
7 14 20 33 37 47 61 67 77
7 15 22 35 41 49 56 69 75
7 16 25 34 39 52 54 68 72
7 17 18 30 44 46 55 63 79
8 9 23 31 41 51 61 68 79
8 10 21 32 42 48 55 67 72
8 11 18 34 40 47 59 70 75
8 12 25 33 43 46 56 71 74
8 13 20 30 38 52 58 69 78
8 14 24 29 39 49 62 64 80
8 15 19 27 36 45 54 63 77
8 16 22 28 44 53 60 66 73
8 17 26 35 37 50 57 65 76
9 10 11 13 14 78 82 83 85
9 10 12 15 16 17 73 84 86
10 22 25 32 35 44 50 81 87
11 12 13 14 15 16 17 81 87
14 21 55 59 61 77 83 84 86
16 24 33 36 60 63 82 83 85
18 19 20 22 24 25 26 84 86
19 21 22 23 25 26 82 83 85
20 47 62 66 70 75 82 83 85
27 28 31 32 34 35 82 83 85
27 29 30 31 33 34 48 81 87
28 29 30 32 33 35 43 84 86
36 37 38 39 43 54 57 81 87
36 37 38 40 41 42 44 84 86
39 40 41 42 43 44 82 83 85
45 46 47 49 51 52 53 81 87
45 48 50 53 82 83 84 85 86
46 47 48 49 50 51 52 84 86
54 55 56 57 58 59 61 82 85
54 56 57 58 60 62 83 84 86
55 56 58 59 60 61 62 81 87
63 64 65 66 70 71 81 84 86
63 65 66 67 68 69 70 81 87
64 67 68 69 71 82 83 85 87
72 73 74 77 80 81 82 83 85
72 74 75 76 78 79 84 86 87
73 75 76 77 78 79 80 81 87
