0 1 2 3 4 5 6 8
0 6 7 8 9 10 88 89
0 11 22 33 44 55 66 77
0 12 23 34 45 56 67 78
0 13 24 35 46 57 68 79
0 14 25 36 47 58 69 80
0 15 26 37 48 59 70 81
0 16 27 38 49 60 71 82
0 17 28 39 50 61 72 83
0 18 29 40 51 62 73 84
0 19 30 41 52 63 74 85
0 20 31 42 53 64 75 86
0 21 32 43 54 65 76 87
1 4 5 7 9 10 88 89
1 11 32 42 52 62 72 82
1 12 22 43 53 63 73 83
1 13 23 33 54 64 74 84
1 14 24 34 44 65 75 85
1 15 25 35 45 55 76 86
1 16 26 36 46 56 66 87
1 17 27 37 47 57 67 77
1 18 28 38 48 58 68 78
1 19 29 39 49 59 69 79
1 20 30 40 50 60 70 80
1 21 31 41 51 61 71 81
2 3 7 9 10 80 88 89
2 11 31 40 49 58 67 87
2 12 32 41 50 59 68 77
2 13 22 42 51 60 69 78
2 14 23 43 52 61 70 79
2 15 24 33 53 62 71 80
2 16 25 34 54 63 72 81
2 17 26 35 44 64 73 82
2 18 27 36 45 65 74 83
2 19 28 37 46 55 75 84
2 20 29 38 47 56 76 85
2 21 30 39 48 57 66 86
3 11 30 38 46 65 73 81
3 12 31 39 47 55 74 82
3 13 32 40 48 56 75 83
3 14 22 41 49 57 76 84
3 15 23 42 50 58 66 85
3 16 24 43 51 59 67 86
3 17 25 33 52 60 68 87
3 18 26 34 53 61 69 77
3 19 27 35 54 62 70 78
3 20 28 36 44 63 71 79
3 21 29 37 45 64 72 80
4 11 29 36 54 61 68 86
4 12 30 37 44 62 69 87
4 13 31 38 45 63 70 77
4 14 32 39 46 64 71 78
4 15 22 40 47 65 72 79
4 16 23 41 48 55 73 80
4 17 24 42 49 56 74 81
4 18 25 43 50 57 75 82
4 19 26 33 51 58 76 83
4 20 27 34 52 59 66 84
4 21 28 35 53 60 67 85
5 11 28 34 51 57 74 80
5 12 29 35 52 58 75 81
5 13 30 36 53 59 76 82
5 14 31 37 54 60 66 83
5 15 32 38 44 61 67 84
5 16 22 39 45 62 68 85
5 17 23 40 46 63 69 86
5 18 24 41 47 64 70 87
5 19 25 42 48 65 71 77
5 20 26 43 49 55 72 78
5 21 27 33 50 56 73 79
6 11 27 43 48 64 69 85
6 12 28 33 49 65 70 86
6 13 29 34 50 55 71 87
6 14 30 35 51 56 72 77
6 15 31 36 52 57 73 78
6 16 32 37 53 58 74 79
6 17 22 38 54 59 75 80
6 18 23 39 44 60 76 81
6 19 24 40 45 61 66 82
6 20 25 41 46 62 67 83
6 21 26 42 47 63 68 84
7 11 26 41 45 60 75 79
7 12 27 42 46 61 76 80
7 13 28 43 47 62 66 81
7 14 29 33 48 63 67 82
7 15 30 34 49 64 68 83
7 16 31 35 50 65 69 84
7 17 32 36 51 55 70 85
7 18 22 37 52 56 71 86
7 19 23 38 53 57 72 87
7 20 24 39 54 58 73 77
7 21 25 40 44 59 74 78
8 11 25 39 53 56 70 84
8 12 26 40 54 57 71 85
8 13 27 41 44 58 72 86
8 14 28 42 45 59 73 87
8 15 29 43 46 60 74 77
8 16 30 33 47 61 75 78
8 17 31 34 48 62 76 79
8 18 32 35 49 63 66 80
8 19 22 36 50 64 67 81
8 20 23 37 51 65 68 82
8 21 24 38 52 55 69 83
9 11 24 37 50 63 76 78
9 12 25 38 51 64 66 79
9 13 26 39 52 65 67 80
9 14 27 40 53 55 68 81
9 15 28 41 54 56 69 82
9 16 29 42 44 57 70 83
9 17 30 43 45 58 71 84
9 18 31 33 46 59 72 85
9 19 32 34 47 60 73 86
9 20 22 35 48 61 74 87
9 21 23 36 49 62 75 77
10 11 23 35 47 59 71 83
10 12 24 36 48 60 72 84
10 13 25 37 49 61 73 85
10 14 26 38 50 62 74 86
10 15 27 39 51 63 75 87
10 16 28 40 52 64 76 77
10 17 29 41 53 65 66 78
10 18 30 42 54 55 67 79
10 19 31 43 44 56 68 80
10 20 32 33 45 57 69 81
10 21 22 34 46 58 70 82
11 12 17 18 19 20 21 89
11 13 14 15 16 18 19 88
12 13 15 16 17 20 21 89
12 14 17 20 21 87 88 89
22 23 25 26 27 28 29 32
22 24 26 30 31 32 88 89
23 24 25 27 28 29 30 31
23 25 28 78 82 84 88 89
27 29 34 36 41 43 88 89
33 34 35 36 40 42 43 88
33 35 37 38 39 41 42 89
34 36 37 38 39 40 43 88
40 41 45 46 53 54 88 89
44 45 46 48 50 51 53 54
44 47 48 49 51 52 88 89
45 46 47 49 50 52 53 54
50 56 57 61 63 65 88 89
55 56 58 59 60 62 64 88
55 57 58 61 62 63 65 89
57 59 60 61 63 64 65 89
58 66 68 69 70 71 72 74
66 67 69 70 71 74 75 76
66 69 70 71 73 74 88 89
67 68 72 73 75 76 88 89
77 78 79 80 82 84 85 87
77 79 81 83 85 86 88 89
78 80 81 82 83 84 86 87
