0 1 6 8 9 93 94
0 2 3 5 7 8 92
0 4 8 10 11 12 91
0 13 26 39 52 65 78
0 14 27 40 53 66 79
0 15 28 41 54 67 80
0 16 29 42 55 68 81
0 17 30 43 56 69 82
0 18 31 44 57 70 83
0 19 32 45 58 71 84
0 20 33 46 59 72 85
0 21 34 47 60 73 86
0 22 35 48 61 74 87
0 23 36 49 62 75 88
0 24 37 50 63 76 89
0 25 38 51 64 77 90
1 2 5 6 10 12 92
1 3 4 6 7 11 91
1 13 38 50 62 74 86
1 14 26 51 63 75 87
1 15 27 39 64 76 88
1 16 28 40 52 77 89
1 17 29 41 53 65 90
1 18 30 42 54 66 78
1 19 31 43 55 67 79
1 20 32 44 56 68 80
1 21 33 45 57 69 81
1 22 34 46 58 70 82
1 23 35 47 59 71 83
1 24 36 48 60 72 84
1 25 37 49 61 73 85
2 4 5 9 11 93 94
2 13 37 48 59 70 81
2 14 38 49 60 71 82
2 15 26 50 61 72 83
2 16 27 51 62 73 84
2 17 28 39 63 74 85
2 18 29 40 64 75 86
2 19 30 41 52 76 87
2 20 31 42 53 77 88
2 21 32 43 54 65 89
2 22 33 44 55 66 90
2 23 34 45 56 67 78
2 24 35 46 57 68 79
2 25 36 47 58 69 80
2 34 41 67 78 91 94
3 7 9 10 12 93 94
3 13 36 46 56 66 89
3 14 37 47 57 67 90
3 15 38 48 58 68 78
3 16 26 49 59 69 79
3 17 27 50 60 70 80
3 18 28 51 61 71 81
3 19 29 39 62 72 82
3 20 30 40 63 73 83
3 21 31 41 64 74 84
3 22 32 42 52 75 85
3 23 33 43 53 76 86
3 24 34 44 54 77 87
3 25 35 45 55 65 88
4 13 35 44 53 75 84
4 14 36 45 54 76 85
4 15 37 46 55 77 86
4 16 38 47 56 65 87
4 17 26 48 57 66 88
4 18 27 49 58 67 89
4 19 28 50 59 68 90
4 20 29 51 60 69 78
4 21 30 39 61 70 79
4 22 24 29 49 92 94
4 22 31 40 62 71 80
4 23 32 41 63 72 81
4 24 33 42 64 73 82
4 25 34 43 52 74 83
5 13 34 42 63 71 79
5 14 35 43 64 72 80
5 15 36 44 52 73 81
5 16 37 45 53 74 82
5 17 38 46 54 75 83
5 18 26 47 55 76 84
5 18 35 59 76 91 94
5 19 27 48 56 77 85
5 20 28 49 57 65 86
5 21 29 50 58 66 87
5 22 30 51 59 67 88
5 23 31 39 60 68 89
5 24 32 40 61 69 90
5 25 33 41 62 70 78
6 13 33 40 60 67 87
6 14 34 41 61 68 88
6 15 35 42 62 69 89
6 16 36 43 63 70 90
6 17 37 44 64 71 78
6 18 38 45 52 72 79
6 19 26 46 53 73 80
6 20 27 47 54 74 81
6 21 28 48 55 75 82
6 22 29 49 56 76 83
6 23 30 50 57 77 84
6 24 31 51 58 65 85
6 25 32 39 59 66 86
7 13 32 51 57 76 82
7 14 33 39 58 77 83
7 15 34 40 59 65 84
7 16 35 41 60 66 85
7 17 36 42 61 67 86
7 18 37 43 62 68 87
7 19 38 44 63 69 88
7 20 26 45 64 70 89
7 21 27 46 52 71 90
7 22 28 47 53 72 78
7 23 29 48 54 73 79
7 24 30 49 55 74 80
7 25 31 50 56 75 81
8 13 31 49 54 72 90
8 14 32 50 55 73 78
8 15 33 51 56 74 79
8 16 34 39 57 75 80
8 17 35 40 58 76 81
8 18 36 41 59 77 82
8 19 37 42 60 65 83
8 20 38 43 61 66 84
8 21 26 44 62 67 85
8 22 27 45 63 68 86
8 23 28 46 64 69 87
8 24 29 47 52 70 88
8 25 30 48 53 71 89
9 11 17 44 53 91 92
9 13 30 47 64 68 85
9 14 31 48 52 69 86
9 15 32 49 53 70 87
9 16 33 50 54 71 88
9 17 34 51 55 72 89
9 18 35 39 56 73 90
9 19 36 40 57 74 78
9 20 37 41 58 75 79
9 21 38 42 59 76 80
9 22 26 43 60 77 81
9 23 27 44 61 65 82
9 24 28 45 62 66 83
9 25 29 46 63 67 84
10 13 29 45 61 77 80
10 14 30 46 62 65 81
10 15 31 47 63 66 82
10 16 32 48 64 67 83
10 17 33 49 52 68 84
10 18 34 50 53 69 85
10 19 35 51 54 70 86
10 20 36 39 55 71 87
10 21 37 40 56 72 88
10 22 38 41 57 73 89
10 23 26 42 58 74 90
10 24 27 43 59 75 78
10 25 28 44 60 76 79
11 13 28 43 58 73 88
11 14 29 44 59 74 89
11 15 30 45 60 75 90
11 16 31 46 61 76 78
11 17 32 47 62 77 79
11 18 33 48 63 65 80
11 19 34 49 64 66 81
11 20 35 50 52 67 82
11 21 36 51 53 68 83
11 22 37 39 54 69 84
11 23 38 40 55 70 85
11 24 26 41 56 71 86
11 25 27 42 57 72 87
12 13 27 41 55 69 83
12 14 28 42 56 70 84
12 15 29 43 57 71 85
12 16 30 44 58 72 86
12 17 31 45 59 73 87
12 18 32 46 60 74 88
12 19 33 47 61 75 89
12 20 34 48 62 76 90
12 21 35 49 63 77 78
12 22 36 50 64 65 79
12 23 37 51 52 66 80
12 24 38 39 53 67 81
12 25 26 40 54 68 82
13 14 15 18 19 23 92
13 16 20 22 23 24 91
13 17 21 23 25 93 94
14 15 17 18 22 24 93
14 16 17 19 20 93 94
14 19 21 22 24 25 91
15 16 18 20 21 25 92
15 26 55 69 70 91 94
26 27 28 31 35 37 92
26 29 32 34 35 92 93
26 30 33 35 36 38 92
27 29 30 31 32 38 91
27 31 33 34 36 93 94
28 29 32 33 36 37 91
28 30 34 37 38 93 94
32 61 74 77 81 87 94
39 40 45 47 48 51 92
39 41 43 47 49 50 91
39 42 44 46 47 93 94
40 41 44 45 49 92 93
40 42 43 45 46 50 92
40 45 54 89 90 91 94
41 42 46 48 49 51 91
43 44 48 50 51 93 94
52 53 56 60 64 92 94
52 54 57 58 60 61 91
52 55 59 60 62 63 93
53 54 55 59 61 92 93
53 57 58 62 63 92 94
54 56 61 62 63 64 91
55 56 57 58 59 64 93
65 66 71 73 74 77 91
65 67 69 73 75 76 93
65 68 70 72 73 92 94
66 67 68 69 71 72 76
66 70 71 75 92 93 94
67 69 70 74 76 77 92
68 72 74 75 77 91 93
78 79 82 83 84 89 90
78 80 85 86 88 89 90
78 81 87 89 90 92 93
79 80 81 82 85 87 91
79 82 86 88 92 93 94
80 83 84 85 92 93 94
81 83 84 86 87 88 91
