0 1 5 51
0 2 11 21
0 3 15 18
0 4 14 22
0 6 19 92
0 7 13 17
0 8 16 93
0 9 10 20
0 12 37 88
0 23 46 69
0 24 48 72
0 25 50 75
0 26 52 78
0 27 54 81
0 28 56 84
0 29 58 87
0 29 84 94
0 30 60 90
0 31 62 70
0 32 64 73
0 33 66 76
0 34 68 79
0 35 47 82
0 36 49 85
0 38 53 91
0 39 55 71
0 40 57 74
0 41 59 77
0 42 61 80
0 43 63 83
0 44 65 86
0 45 67 89
1 2 3 4
1 5 6 7
1 8 12 15
1 9 13 16
1 10 11 14
1 17 22 94
1 18 20 92
1 19 21 93
1 23 68 90
1 24 47 70
1 25 49 73
1 26 51 76
1 27 53 79
1 28 55 82
1 29 57 85
1 30 59 88
1 31 61 91
1 32 63 71
1 33 65 74
1 34 67 77
1 35 46 80
1 36 48 83
1 37 50 86
1 38 52 89
1 39 54 69
1 40 56 72
1 41 58 75
1 42 60 78
1 43 62 81
1 44 64 84
1 45 66 87
2 5 15 93
2 6 9 17
2 7 14 18
2 8 22 92
2 10 12 13
2 16 19 20
2 23 67 88
2 24 42 46
2 25 48 71
2 26 74 76
2 27 52 77
2 28 54 80
2 29 56 83
2 30 58 86
2 31 60 89
2 32 62 69
2 33 50 59
2 33 64 72
2 34 66 75
2 35 68 78
2 36 47 81
2 37 49 84
2 38 51 87
2 39 53 94
2 40 55 70
2 41 57 73
2 43 61 79
2 44 63 82
2 45 65 85
2 81 90 91
3 5 16 22
3 6 11 20
3 7 12 19
3 8 9 14
3 10 17 93
3 13 21 92
3 23 66 86
3 24 68 89
3 25 47 69
3 26 49 72
3 27 51 75
3 28 53 78
3 29 55 81
3 30 57 84
3 31 59 87
3 32 61 90
3 33 63 70
3 34 65 73
3 35 67 76
3 36 46 79
3 37 48 82
3 38 50 85
3 39 52 88
3 40 54 91
3 41 56 71
3 42 58 74
3 43 60 77
3 44 62 80
3 45 64 83
3 63 71 94
4 5 10 92
4 6 8 21
4 7 67 94
4 9 18 93
4 11 15 16
4 12 17 20
4 13 49 83
4 14 19 38
4 23 65 84
4 24 67 87
4 25 46 90
4 26 48 70
4 27 50 73
4 28 52 76
4 29 54 79
4 30 56 82
4 31 58 85
4 32 60 88
4 33 62 91
4 34 64 71
4 35 66 74
4 36 68 77
4 37 47 80
4 39 51 86
4 40 53 89
4 41 55 69
4 42 57 72
4 43 59 75
4 44 61 78
4 45 63 81
5 8 13 20
5 9 11 19
5 12 14 94
5 17 18 21
5 23 64 82
5 24 66 85
5 25 68 88
5 26 47 91
5 27 49 71
5 28 51 74
5 29 53 77
5 30 55 80
5 31 57 83
5 32 59 86
5 33 61 89
5 34 63 69
5 35 65 72
5 36 67 75
5 37 46 78
5 38 48 81
5 39 50 84
5 40 52 87
5 41 54 90
5 42 56 70
5 43 58 73
5 44 60 76
5 45 62 79
6 9 65 94
6 10 15 22
6 12 16 18
6 13 14 93
6 23 63 80
6 24 65 83
6 25 67 86
6 26 46 89
6 27 48 69
6 28 50 72
6 29 52 75
6 30 54 78
6 31 56 81
6 32 58 84
6 33 60 87
6 34 62 90
6 35 64 70
6 36 66 73
6 37 68 76
6 38 47 79
6 39 49 82
6 40 51 85
6 41 53 88
6 42 55 91
6 43 57 71
6 44 59 74
6 45 61 77
7 8 11 17
7 9 15 92
7 10 16 21
7 20 22 93
7 23 62 78
7 24 64 81
7 25 66 84
7 26 68 87
7 27 47 90
7 28 49 70
7 29 51 73
7 30 53 76
7 31 55 79
7 32 57 82
7 33 59 85
7 34 61 88
7 35 63 91
7 36 65 71
7 37 67 74
7 38 46 77
7 39 48 80
7 40 50 83
7 41 52 86
7 42 54 89
7 43 56 69
7 44 58 72
7 45 60 75
8 10 18 19
8 18 39 60
8 23 61 76
8 24 63 79
8 25 65 82
8 26 67 85
8 27 46 88
8 28 48 91
8 29 50 71
8 30 52 74
8 31 54 77
8 32 56 80
8 33 58 83
8 34 60 86
8 35 62 89
8 36 64 69
8 37 66 72
8 38 68 75
8 40 49 81
8 41 51 84
8 42 53 87
8 43 55 90
8 44 57 70
8 45 59 73
8 47 78 94
9 12 21 22
9 23 60 74
9 24 62 77
9 25 64 80
9 26 66 83
9 27 68 86
9 28 47 89
9 29 49 69
9 30 51 72
9 31 53 75
9 32 55 78
9 33 57 81
9 34 59 84
9 35 61 87
9 36 63 90
9 37 65 70
9 38 67 73
9 39 46 76
9 40 48 79
9 41 50 82
9 42 52 85
9 43 54 88
9 44 56 91
9 45 58 71
10 20 31 94
10 23 59 72
10 24 61 75
10 25 63 78
10 26 65 81
10 27 67 84
10 28 46 87
10 29 48 90
10 30 50 70
10 31 52 73
10 32 54 76
10 33 56 79
10 34 58 82
10 35 60 85
10 36 62 88
10 37 64 91
10 38 66 71
10 39 68 74
10 40 47 77
10 41 49 80
10 42 51 83
10 43 53 86
10 44 55 89
10 45 57 69
11 12 92 93
11 13 18 22
11 23 58 70
11 24 60 73
11 25 62 76
11 26 64 79
11 27 66 82
11 28 68 85
11 29 47 88
11 30 49 91
11 31 51 71
11 32 53 74
11 33 55 77
11 34 57 80
11 35 59 83
11 36 61 86
11 37 63 89
11 38 65 69
11 39 67 72
11 40 46 75
11 41 48 94
11 42 50 81
11 43 52 84
11 44 54 87
11 45 56 90
11 48 78 91
12 23 57 91
12 24 59 71
12 25 61 74
12 26 63 77
12 27 65 80
12 28 67 83
12 29 46 86
12 30 48 89
12 31 50 69
12 32 52 72
12 33 54 75
12 34 56 78
12 35 58 81
12 36 60 84
12 37 62 87
12 38 64 90
12 39 66 70
12 40 68 73
12 41 47 76
12 42 49 79
12 43 51 82
12 44 53 85
12 45 55 88
13 15 19 94
13 23 56 89
13 24 58 69
13 25 60 72
13 26 62 75
13 27 64 78
13 28 66 81
13 29 68 84
13 30 47 87
13 31 49 90
13 32 51 70
13 33 53 73
13 34 55 76
13 35 57 79
13 36 59 82
13 37 61 85
13 38 63 88
13 39 65 91
13 40 67 71
13 41 46 74
13 42 48 77
13 43 50 80
13 44 52 83
13 45 54 86
14 15 20 21
14 16 17 92
14 23 55 87
14 24 57 90
14 25 59 70
14 26 61 73
14 27 63 76
14 28 65 79
14 29 67 82
14 30 46 85
14 31 48 88
14 32 50 91
14 33 52 71
14 34 54 74
14 35 56 77
14 36 58 80
14 37 60 83
14 38 62 86
14 39 64 89
14 40 66 69
14 41 68 72
14 42 47 75
14 43 49 78
14 44 51 81
14 45 53 84
15 17 19 22
15 23 54 85
15 24 56 88
15 25 58 91
15 26 60 71
15 27 62 74
15 28 64 77
15 29 66 80
15 30 68 83
15 31 47 86
15 32 49 89
15 33 51 69
15 34 53 72
15 35 55 75
15 36 57 78
15 37 59 81
15 38 61 84
15 39 63 87
15 40 65 90
15 41 67 70
15 42 46 73
15 43 48 76
15 44 50 79
15 45 52 82
16 23 53 83
16 24 55 86
16 25 57 89
16 26 59 69
16 27 61 72
16 28 63 75
16 29 65 78
16 30 67 81
16 31 46 84
16 32 48 87
16 33 90 94
16 34 52 70
16 35 54 73
16 36 56 76
16 37 58 79
16 38 60 82
16 39 62 85
16 40 64 88
16 41 66 91
16 42 68 71
16 43 47 74
16 44 49 77
16 45 51 80
16 50 53 90
17 23 52 81
17 24 54 84
17 25 56 87
17 26 58 90
17 27 60 70
17 28 62 73
17 29 64 76
17 30 66 79
17 31 68 82
17 32 47 85
17 33 49 88
17 34 51 91
17 35 53 71
17 36 55 74
17 37 57 77
17 38 59 80
17 39 61 83
17 40 63 86
17 41 65 89
17 42 67 69
17 43 46 72
17 44 48 75
17 45 50 78
18 23 51 79
18 24 53 82
18 25 55 85
18 26 57 88
18 27 59 91
18 28 61 71
18 29 63 74
18 30 65 77
18 31 67 80
18 32 46 83
18 33 48 86
18 34 50 89
18 35 52 69
18 36 54 72
18 37 56 75
18 38 58 78
18 40 62 84
18 41 64 87
18 42 66 90
18 43 68 70
18 44 47 73
18 45 49 76
18 60 81 94
19 23 50 77
19 24 52 80
19 25 54 83
19 26 56 86
19 27 58 89
19 28 60 69
19 29 62 72
19 30 64 75
19 31 66 78
19 32 68 81
19 33 47 84
19 34 49 87
19 35 51 90
19 36 53 70
19 37 55 73
19 38 57 76
19 39 59 79
19 40 61 82
19 41 63 85
19 42 65 88
19 43 67 91
19 44 46 71
19 45 48 74
20 23 49 75
20 24 51 78
20 25 53 81
20 26 55 84
20 27 57 87
20 28 59 90
20 29 61 70
20 30 63 73
20 31 65 76
20 32 67 79
20 33 46 82
20 34 48 85
20 35 50 88
20 36 52 91
20 37 54 71
20 38 56 74
20 39 58 77
20 40 60 80
20 41 62 83
20 42 64 86
20 43 66 89
20 44 68 69
20 45 47 72
21 23 48 73
21 24 50 76
21 25 52 79
21 26 54 82
21 27 56 85
21 28 58 88
21 29 60 91
21 30 62 71
21 31 64 74
21 32 66 77
21 32 87 94
21 33 68 80
21 34 47 83
21 35 49 86
21 36 51 89
21 37 53 69
21 38 55 72
21 39 57 75
21 40 59 78
21 41 61 81
21 42 63 84
21 43 65 87
21 44 67 90
21 45 46 70
22 23 47 71
22 24 49 74
22 25 51 77
22 26 53 80
22 27 55 83
22 28 57 86
22 29 59 89
22 30 61 69
22 31 63 72
22 32 65 75
22 33 67 78
22 34 46 81
22 35 48 84
22 36 50 87
22 37 52 90
22 38 54 70
22 39 56 73
22 40 58 76
22 41 60 79
22 42 62 82
22 43 64 85
22 44 66 88
22 45 68 91
23 24 40 45
23 25 34 94
23 25 44 94
23 26 38 41
23 27 30 36
23 28 35 37
23 29 42 92
23 31 39 93
23 32 33 43
24 25 26 27
24 28 29 30
24 31 35 38
24 32 36 39
24 33 34 37
24 41 43 92
24 42 44 93
24 46 91 94
25 28 38 93
25 29 32 40
25 30 37 41
25 31 45 92
25 33 35 36
25 39 42 43
26 28 39 45
26 29 34 43
26 30 35 42
26 31 32 37
26 33 40 93
26 36 44 92
26 50 74 94
27 28 33 92
27 29 31 44
27 32 41 93
27 34 38 39
27 35 40 43
27 37 42 45
27 61 86 94
28 31 36 43
28 32 34 42
28 40 41 44
28 45 69 94
29 33 38 45
29 35 39 41
29 36 37 93
30 31 34 40
30 32 38 92
30 33 39 44
30 43 45 93
30 43 62 94
31 33 41 42
32 35 44 45
34 35 44 93
34 36 41 45
34 57 58 92
35 40 92 94
36 38 40 42
36 77 89 94
37 38 43 44
37 39 40 92
37 51 88 94
38 49 83 94
39 41 47 78
39 78 81 90
42 59 76 94
46 47 63 68
46 48 57 67
46 49 61 64
46 50 53 59
46 51 58 60
46 52 65 92
46 54 62 93
46 55 56 66
47 48 49 50
47 51 52 53
47 54 58 61
47 55 59 62
47 56 57 60
47 64 66 92
47 65 67 93
48 51 61 93
48 52 55 63
48 53 60 64
48 54 68 92
48 56 58 59
48 62 65 66
49 51 62 68
49 52 57 66
49 53 58 65
49 54 55 60
49 56 63 93
49 59 67 92
50 51 56 92
50 52 54 67
50 55 64 93
50 57 61 62
50 58 63 66
50 60 65 68
51 54 59 66
51 55 57 65
51 63 64 67
52 55 56 94
52 56 61 68
52 58 62 64
52 59 60 93
53 54 57 63
53 55 61 92
53 56 62 67
53 66 68 93
54 56 64 65
54 68 85 94
55 58 67 68
57 58 93 94
57 59 64 68
59 61 63 65
60 61 66 67
60 62 63 92
64 73 82 94
66 70 79 94
69 70 86 91
69 71 80 90
69 72 84 87
69 73 76 82
69 74 81 83
69 75 88 92
69 77 85 93
69 78 79 89
70 71 72 73
70 74 75 76
70 77 81 84
70 78 82 85
70 79 80 83
70 87 89 92
70 88 90 93
71 74 84 93
71 75 78 86
71 76 83 87
71 77 91 92
71 79 81 82
71 85 88 89
72 74 85 91
72 75 80 89
72 75 80 94
72 76 81 88
72 77 78 83
72 79 86 93
72 82 90 92
73 74 79 92
73 75 77 90
73 78 87 93
73 80 84 85
73 81 86 89
73 83 88 91
74 77 82 89
74 78 80 88
74 86 87 90
75 79 84 91
75 81 85 87
75 82 83 93
76 77 80 86
76 78 84 92
76 79 85 90
76 89 91 93
77 79 87 88
80 81 92 93
80 82 87 91
82 84 86 88
83 84 89 90
83 85 86 92
