0 1 2 3 4 5 6 7 8 90
0 1 13 22 28 48 78 81 82 83
0 9 18 27 36 45 54 63 72 89
0 10 20 30 40 50 60 70 80 88
0 11 19 33 44 52 57 68 76 95
0 12 24 29 41 53 55 67 79 96
0 13 26 32 42 46 61 65 75 93
0 14 25 35 37 48 58 69 74 85
0 15 21 28 43 49 56 71 77 94
0 16 23 31 38 51 62 66 73 92
0 17 22 34 39 47 59 64 78 91
0 18 36 54 72 75 84 86 87 97
1 4 5 23 52 57 84 86 91 97
1 9 20 34 42 53 58 66 77 95
1 10 19 28 37 46 55 64 73 87
1 11 18 31 41 48 61 71 78 88
1 12 26 33 38 49 59 70 72 85
1 13 25 27 39 51 56 68 80 96
1 14 24 30 43 47 62 63 76 93
1 15 23 35 40 45 57 65 79 89
1 16 22 29 44 50 54 69 75 94
1 17 21 32 36 52 60 67 74 92
2 9 11 14 41 51 72 81 82 83
2 9 19 32 39 49 62 69 79 88
2 10 18 35 43 51 59 67 75 95
2 11 20 29 38 47 56 65 74 87
2 12 25 31 44 45 60 64 77 89
2 12 31 44 74 77 84 86 93 97
2 13 24 34 36 50 57 71 73 85
2 14 26 28 40 52 54 66 78 96
2 15 22 30 37 53 61 68 72 92
2 16 21 33 41 46 58 63 80 91
2 17 23 27 42 48 55 70 76 94
3 9 24 31 37 52 59 65 80 94
3 10 17 24 26 47 84 86 92 97
3 10 26 34 41 45 56 69 76 89
3 11 25 28 42 50 62 67 72 91
3 12 21 30 39 48 57 66 75 87
3 13 23 33 43 53 54 64 74 88
3 14 22 27 38 46 60 71 79 95
3 15 18 32 44 47 58 70 73 96
3 16 20 35 36 49 55 68 78 93
3 17 19 29 40 51 61 63 77 85
3 23 33 39 61 67 81 82 83 94
4 9 26 29 43 48 60 68 73 91
4 10 25 32 38 53 57 63 78 94
4 11 24 35 39 46 54 70 77 92
4 12 23 28 36 47 61 69 80 95
4 13 22 31 40 49 58 67 76 87
4 14 21 34 44 51 55 65 72 88
4 15 20 27 41 52 62 64 75 85
4 16 19 30 42 45 59 71 74 89
4 16 19 31 74 80 81 82 83 96
4 17 18 33 37 50 56 66 79 93
5 9 25 33 40 47 55 71 75 92
5 10 24 27 44 49 61 66 74 91
5 11 26 30 36 51 58 64 79 94
5 12 22 35 42 52 56 63 73 88
5 12 32 43 70 81 82 83 85 95
5 13 21 29 37 45 62 70 78 89
5 14 23 32 41 50 59 68 77 87
5 15 19 34 38 48 54 67 80 93
5 16 18 28 39 53 60 65 76 85
5 17 20 31 43 46 57 69 72 96
6 8 18 50 55 59 66 81 82 83
6 9 21 35 38 50 61 64 76 96
6 10 23 29 39 52 58 71 72 93
6 11 22 32 43 45 55 66 80 89
6 11 22 55 58 80 84 85 86 97
6 12 18 34 40 46 62 68 74 94
6 13 20 28 44 48 59 63 79 92
6 14 19 31 36 53 56 70 75 91
6 15 24 33 42 51 60 69 78 87
6 16 26 27 37 47 57 67 77 88
6 17 25 30 41 49 54 65 73 95
7 9 23 30 44 46 56 67 78 85
7 10 22 33 36 48 62 65 77 96
7 11 21 27 40 53 59 69 73 93
7 12 20 32 37 51 54 71 76 91
7 13 19 35 41 47 60 66 72 94
7 14 18 29 42 49 57 64 80 92
7 15 26 31 39 50 55 63 74 95
7 16 25 34 43 52 61 70 79 87
7 17 24 28 38 45 58 68 75 88
7 28 45 48 50 51 84 86 89 97
7 45 46 47 49 52 53 81 82 83
8 9 22 28 41 51 57 70 74 93
8 10 21 31 42 47 54 68 79 85
8 11 23 34 37 49 60 63 75 96
8 12 19 27 43 50 58 65 78 92
8 13 18 30 38 52 55 69 77 91
8 14 20 25 46 73 84 86 94 97
8 14 20 33 39 45 61 67 73 89
8 15 25 29 36 46 59 66 76 88
8 16 24 32 40 48 56 64 72 95
8 17 26 35 44 53 62 71 80 87
9 10 11 12 13 14 15 16 17 90
9 15 63 65 66 84 86 87 90 97
10 27 57 73 77 81 82 83 87 95
13 49 62 76 78 84 86 88 95 97
15 20 30 35 65 79 81 82 83 91
16 32 35 56 60 61 69 84 86 97
17 24 54 58 68 75 81 82 83 89
18 19 20 21 22 23 24 25 26 90
19 30 33 53 59 71 84 86 96 97
21 29 34 81 82 83 84 86 95 97
25 26 60 64 81 82 83 88 90 93
27 28 29 30 31 32 33 34 35 90
27 63 64 67 68 70 79 84 86 97
34 56 63 69 71 76 81 82 83 92
36 37 38 40 42 44 62 81 82 83
36 39 41 42 43 44 90 92 95 96
37 38 39 40 41 42 43 84 86 97
37 38 40 45 89 90 91 93 94 95
45 85 87 88 89 91 92 93 94 96
46 47 48 49 50 51 52 53 89 90
54 55 56 57 58 59 60 61 62 90
64 65 66 67 68 69 70 71 85 90
72 73 74 75 76 77 78 79 80 90
